 # Project=San-Ti                        
 # Author=Sophon                        
 # date =  9/22/2026 13:57:33
 # code = EQdyna
 # element_size =   500.00000000000000     
 # time_step =  0.0417  s
 # num_time_steps =   480
 # Time series in 11 columns in format E15.7
 # Column #1 = Time (s)
 # Column #2 = horizontal slip (m)
 # Column #3 = horizontal slip rate (m/s)
 # Column #4 = horizontal shear stress (MPa)
 # Column #5 = down-dip slip (m)
 # Column #6 = down-dip slip rate (m/s)
 # Column #7 = down-dip shear stress (MPa)
 # Column #8 = normal stress (MPa)
 # The line below lists the names of the data fields:
 t h-slip h-slip-rate h-shear-stress v-slip v-slip-rate v-shear-stress n-stress
  0.4166666666667E-01   0.0000000E+00   0.0000000E+00   0.3305125E+02  -0.0000000E+00  -0.0000000E+00   0.9039160E+00   0.1819599E+03
  0.8333333333333E-01   0.5159327E-16   0.1238238E-14   0.3311258E+02  -0.3935008E-17  -0.9444020E-16   0.1014159E+01   0.1818228E+03
  0.1250000000000E+00   0.3516993E-02   0.8440782E-01   0.3295699E+02   0.1077171E-03   0.2585210E-02   0.1169675E+01   0.1816978E+03
  0.1666666666667E+00   0.1398272E-01   0.2511776E+00   0.3257225E+02   0.4791559E-03   0.8914531E-02   0.1321010E+01   0.1817082E+03
  0.2083333333333E+00   0.3034429E-01   0.3926775E+00   0.3199614E+02   0.1142720E-02   0.1592555E-01   0.1440161E+01   0.1818497E+03
  0.2500000000000E+00   0.4715099E-01   0.4033608E+00   0.3140818E+02   0.1899198E-02   0.1815546E-01   0.1518925E+01   0.1820152E+03
  0.2916666666667E+00   0.5828368E-01   0.2671845E+00   0.3101430E+02   0.2437584E-02   0.1292126E-01   0.1560094E+01   0.1821005E+03
  0.3333333333333E+00   0.6104745E-01   0.6633045E-01   0.3022357E+02   0.2576608E-02   0.3336582E-02   0.1546161E+01   0.1820831E+03
  0.3750000000000E+00   0.6104745E-01  -0.3061787E-15   0.3010608E+02   0.2576608E-02  -0.1309716E-15   0.1560521E+01   0.1820824E+03
  0.4166666666667E+00   0.6104745E-01   0.6401130E-15   0.3026286E+02   0.2576608E-02  -0.9118140E-16   0.1600583E+01   0.1821036E+03
  0.4583333333333E+00   0.6104745E-01   0.2758210E-15   0.3028817E+02   0.2576608E-02   0.3903128E-16   0.1643480E+01   0.1820951E+03
  0.5000000000000E+00   0.6104745E-01   0.8773364E-15   0.3030947E+02   0.2576608E-02  -0.4336809E-16   0.1684662E+01   0.1820474E+03
  0.5416666666667E+00   0.6104745E-01   0.3469447E-15   0.3039450E+02   0.2576608E-02  -0.2081668E-16   0.1719210E+01   0.1819956E+03
  0.5833333333333E+00   0.6104745E-01   0.1437435E-14   0.3053762E+02   0.2576608E-02   0.1457168E-15   0.1750292E+01   0.1819762E+03
  0.6250000000000E+00   0.6104745E-01   0.7585078E-15   0.3070888E+02   0.2576608E-02   0.1114560E-15   0.1789433E+01   0.1819880E+03
  0.6666666666667E+00   0.6104745E-01   0.8378714E-15   0.3087987E+02   0.2576608E-02   0.1413800E-15   0.1846044E+01   0.1819949E+03
  0.7083333333333E+00   0.6121698E-01   0.4068882E-02   0.3086604E+02   0.2586743E-02   0.2432437E-03   0.1906289E+01   0.1819712E+03
  0.7500000000000E+00   0.6276852E-01   0.3723696E-01   0.3080117E+02   0.2682566E-02   0.2299757E-02   0.1961337E+01   0.1819430E+03
  0.7916666666667E+00   0.6620412E-01   0.8245447E-01   0.3067291E+02   0.2901336E-02   0.5250483E-02   0.1990620E+01   0.1819379E+03
  0.8333333333333E+00   0.7103152E-01   0.1158574E+00   0.3050043E+02   0.3214626E-02   0.7518950E-02   0.1985427E+01   0.1819595E+03
  0.8750000000000E+00   0.7614167E-01   0.1226437E+00   0.3032024E+02   0.3547272E-02   0.7983497E-02   0.1954160E+01   0.1819869E+03
  0.9166666666667E+00   0.8052643E-01   0.1052342E+00   0.3016441E+02   0.3829872E-02   0.6782414E-02   0.1915605E+01   0.1819989E+03
  0.9583333333333E+00   0.8380172E-01   0.7860684E-01   0.3004473E+02   0.4037871E-02   0.4991965E-02   0.1887586E+01   0.1819882E+03
  0.1000000000000E+01   0.8632667E-01   0.6059897E-01   0.2994978E+02   0.4196504E-02   0.3807183E-02   0.1876381E+01   0.1819674E+03
  0.1041666666667E+01   0.8880895E-01   0.5957475E-01   0.2985752E+02   0.4352021E-02   0.3732411E-02   0.1875986E+01   0.1819576E+03
  0.1083333333333E+01   0.9164532E-01   0.6807268E-01   0.2975574E+02   0.4530233E-02   0.4277093E-02   0.1874720E+01   0.1819685E+03
  0.1125000000000E+01   0.9457960E-01   0.7042275E-01   0.2965309E+02   0.4715103E-02   0.4436890E-02   0.1864701E+01   0.1819929E+03
  0.1166666666667E+01   0.9692643E-01   0.5632392E-01   0.2957198E+02   0.4862681E-02   0.3541865E-02   0.1847811E+01   0.1820152E+03
  0.1208333333333E+01   0.9812788E-01   0.2883493E-01   0.2953019E+02   0.4937754E-02   0.1801756E-02   0.1834046E+01   0.1820230E+03
  0.1250000000000E+01   0.9818666E-01   0.1410754E-02   0.2942592E+02   0.4941405E-02   0.8761836E-04   0.1827613E+01   0.1820140E+03
  0.1291666666667E+01   0.9818666E-01   0.5117434E-16   0.2948144E+02   0.4941405E-02  -0.2612927E-16   0.1846187E+01   0.1820051E+03
  0.1333333333333E+01   0.9818666E-01   0.8630249E-16   0.2952037E+02   0.4941405E-02  -0.1333298E-15   0.1872171E+01   0.1819901E+03
  0.1375000000000E+01   0.9826342E-01   0.1842186E-02   0.2951304E+02   0.4946273E-02   0.1168308E-03   0.1894797E+01   0.1819709E+03
  0.1416666666667E+01   0.9867978E-01   0.9992494E-02   0.2949476E+02   0.4973004E-02   0.6415384E-03   0.1909937E+01   0.1819579E+03
  0.1458333333333E+01   0.9951755E-01   0.2010647E-01   0.2946327E+02   0.5027254E-02   0.1301997E-02   0.1917215E+01   0.1819554E+03
  0.1500000000000E+01   0.1006590E+00   0.2739500E-01   0.2942182E+02   0.5101530E-02   0.1782629E-02   0.1921067E+01   0.1819587E+03
  0.1541666666667E+01   0.1018912E+00   0.2957195E-01   0.2937642E+02   0.5181983E-02   0.1930870E-02   0.1926371E+01   0.1819585E+03
  0.1583333333333E+01   0.1030617E+00   0.2809378E-01   0.2933178E+02   0.5258744E-02   0.1842262E-02   0.1935142E+01   0.1819506E+03
  0.1625000000000E+01   0.1041542E+00   0.2621976E-01   0.2928909E+02   0.5330820E-02   0.1729828E-02   0.1946297E+01   0.1819378E+03
  0.1666666666667E+01   0.1052406E+00   0.2607403E-01   0.2924687E+02   0.5403014E-02   0.1732652E-02   0.1956690E+01   0.1819264E+03
  0.1708333333333E+01   0.1063962E+00   0.2773284E-01   0.2920306E+02   0.5480322E-02   0.1855398E-02   0.1964021E+01   0.1819196E+03
  0.1750000000000E+01   0.1076565E+00   0.3024705E-01   0.2915622E+02   0.5565082E-02   0.2034234E-02   0.1967700E+01   0.1819163E+03
  0.1791666666667E+01   0.1090377E+00   0.3314993E-01   0.2910531E+02   0.5658299E-02   0.2237227E-02   0.1968174E+01   0.1819138E+03
  0.1833333333333E+01   0.1105717E+00   0.3681530E-01   0.2904904E+02   0.5762030E-02   0.2489542E-02   0.1965743E+01   0.1819115E+03
  0.1875000000000E+01   0.1123021E+00   0.4152860E-01   0.2898619E+02   0.5879123E-02   0.2810233E-02   0.1960104E+01   0.1819115E+03
  0.1916666666667E+01   0.1142511E+00   0.4677690E-01   0.2891640E+02   0.6010921E-02   0.3163147E-02   0.1951263E+01   0.1819169E+03
  0.1958333333333E+01   0.1164274E+00   0.5223213E-01   0.2883923E+02   0.6157779E-02   0.3524596E-02   0.1938157E+01   0.1819264E+03
  0.2000000000000E+01   0.1189602E+00   0.6078669E-01   0.2874765E+02   0.6327996E-02   0.4085205E-02   0.1910211E+01   0.1819208E+03
  0.2041666666667E+01   0.1226665E+00   0.8895196E-01   0.2860438E+02   0.6574273E-02   0.5910640E-02   0.1890364E+01   0.1818621E+03
  0.2083333333333E+01   0.1300443E+00   0.1770659E+00   0.2831698E+02   0.7061842E-02   0.1170167E-01   0.1876416E+01   0.1817402E+03
  0.2125000000000E+01   0.1452340E+00   0.3645520E+00   0.2773848E+02   0.8068381E-02   0.2415693E-01   0.1812823E+01   0.1815540E+03
  0.2166666666667E+01   0.1735050E+00   0.6785058E+00   0.2668482E+02   0.9916011E-02   0.4434312E-01   0.1653788E+01   0.1813275E+03
  0.2208333333333E+01   0.2200631E+00   0.1117393E+01   0.2497309E+02   0.1280144E-01   0.6925025E-01   0.1386657E+01   0.1810863E+03
  0.2250000000000E+01   0.2891077E+00   0.1657071E+01   0.2245506E+02   0.1663521E-01   0.9201059E-01   0.1033312E+01   0.1808547E+03
  0.2291666666667E+01   0.3832588E+00   0.2259628E+01   0.2208154E+02   0.2096776E-01   0.1039811E+00   0.7612278E+00   0.1807888E+03
  0.2333333333333E+01   0.4833338E+00   0.2401799E+01   0.2207727E+02   0.2441769E-01   0.8279839E-01   0.4402014E+00   0.1806805E+03
  0.2375000000000E+01   0.5700707E+00   0.2081686E+01   0.2205344E+02   0.2614715E-01   0.4150699E-01   0.5474424E-01   0.1804459E+03
  0.2416666666667E+01   0.6350466E+00   0.1559421E+01   0.2201410E+02   0.2630844E-01   0.3871019E-02  -0.3264081E+00   0.1801377E+03
  0.2458333333333E+01   0.6822097E+00   0.1131916E+01   0.2197518E+02   0.2560914E-01  -0.1678317E-01  -0.5273833E+00   0.1798459E+03
  0.2500000000000E+01   0.7226951E+00   0.9716481E+00   0.2194921E+02   0.2463753E-01  -0.2331863E-01  -0.5023750E+00   0.1796247E+03
  0.2541666666667E+01   0.7667238E+00   0.1056689E+01   0.2193248E+02   0.2362980E-01  -0.2418557E-01  -0.3710702E+00   0.1794635E+03
  0.2583333333333E+01   0.8175089E+00   0.1218844E+01   0.2191510E+02   0.2277058E-01  -0.2062131E-01  -0.2476051E+00   0.1793042E+03
  0.2625000000000E+01   0.8708618E+00   0.1280469E+01   0.2189017E+02   0.2216778E-01  -0.1446723E-01  -0.1931780E+00   0.1790919E+03
  0.2666666666667E+01   0.9201385E+00   0.1182641E+01   0.2185802E+02   0.2173292E-01  -0.1043665E-01  -0.2176730E+00   0.1788259E+03
  0.2708333333333E+01   0.9619433E+00   0.1003315E+01   0.2182576E+02   0.2131661E-01  -0.9991511E-02  -0.2785899E+00   0.1785628E+03
  0.2750000000000E+01   0.9977565E+00   0.8595160E+00   0.2180073E+02   0.2085948E-01  -0.1097110E-01  -0.3246503E+00   0.1783595E+03
  0.2791666666667E+01   0.1030925E+01   0.7960518E+00   0.2178244E+02   0.2036554E-01  -0.1185458E-01  -0.3514958E+00   0.1782107E+03
  0.2833333333333E+01   0.1062920E+01   0.7678701E+00   0.2176292E+02   0.1984925E-01  -0.1239086E-01  -0.3875615E+00   0.1780531E+03
  0.2875000000000E+01   0.1092779E+01   0.7166174E+00   0.2173594E+02   0.1931751E-01  -0.1276176E-01  -0.4501863E+00   0.1778384E+03
  0.2916666666667E+01   0.1119609E+01   0.6439134E+00   0.2170447E+02   0.1876182E-01  -0.1333648E-01  -0.5251574E+00   0.1775902E+03
  0.2958333333333E+01   0.1144632E+01   0.6005703E+00   0.2167761E+02   0.1815635E-01  -0.1453129E-01  -0.5811199E+00   0.1773783E+03
  0.3000000000000E+01   0.1170244E+01   0.6146729E+00   0.2166002E+02   0.1746978E-01  -0.1647777E-01  -0.6064830E+00   0.1772375E+03
  0.3041666666667E+01   0.1197299E+01   0.6493310E+00   0.2164656E+02   0.1671222E-01  -0.1818135E-01  -0.6220739E+00   0.1771292E+03
  0.3083333333333E+01   0.1223931E+01   0.6391626E+00   0.2162865E+02   0.1594689E-01  -0.1836811E-01  -0.6643793E+00   0.1769904E+03
  0.3125000000000E+01   0.1247296E+01   0.5607525E+00   0.2160372E+02   0.1522918E-01  -0.1722495E-01  -0.7595488E+00   0.1768089E+03
  0.3166666666667E+01   0.1266350E+01   0.4573093E+00   0.2157704E+02   0.1455925E-01  -0.1607819E-01  -0.8967482E+00   0.1766306E+03
  0.3208333333333E+01   0.1282768E+01   0.3940197E+00   0.2155441E+02   0.1387694E-01  -0.1637557E-01  -0.1031992E+01   0.1764925E+03
  0.3250000000000E+01   0.1299282E+01   0.3963400E+00   0.2153468E+02   0.1308627E-01  -0.1897614E-01  -0.1127250E+01   0.1763681E+03
  0.3291666666667E+01   0.1317400E+01   0.4348444E+00   0.2151163E+02   0.1213784E-01  -0.2276228E-01  -0.1172755E+01   0.1761964E+03
  0.3333333333333E+01   0.1336706E+01   0.4633396E+00   0.2148322E+02   0.1108534E-01  -0.2526001E-01  -0.1182244E+01   0.1759644E+03
  0.3375000000000E+01   0.1355976E+01   0.4624793E+00   0.2145605E+02   0.1002489E-01  -0.2545071E-01  -0.1181789E+01   0.1757381E+03
  0.3416666666667E+01   0.1374578E+01   0.4464502E+00   0.2143878E+02   0.9000297E-02  -0.2459027E-01  -0.1191976E+01   0.1755991E+03
  0.3458333333333E+01   0.1392817E+01   0.4377314E+00   0.2143192E+02   0.7986237E-02  -0.2433745E-01  -0.1213130E+01   0.1755519E+03
  0.3500000000000E+01   0.1411367E+01   0.4452013E+00   0.2142586E+02   0.6936231E-02  -0.2520013E-01  -0.1228157E+01   0.1755086E+03
  0.3541666666667E+01   0.1430775E+01   0.4657822E+00   0.2141024E+02   0.5823764E-02  -0.2669921E-01  -0.1216250E+01   0.1753730E+03
  0.3583333333333E+01   0.1451483E+01   0.4969894E+00   0.2138442E+02   0.4647412E-02  -0.2823243E-01  -0.1166043E+01   0.1751349E+03
  0.3625000000000E+01   0.1473937E+01   0.5389042E+00   0.2135784E+02   0.3423029E-02  -0.2938520E-01  -0.1082059E+01   0.1748769E+03
  0.3666666666667E+01   0.1498292E+01   0.5845151E+00   0.2134024E+02   0.2189134E-02  -0.2961347E-01  -0.9792860E+00   0.1746891E+03
  0.3708333333333E+01   0.1523963E+01   0.6161171E+00   0.2133220E+02   0.1011088E-02  -0.2827311E-01  -0.8728674E+00   0.1745838E+03
  0.3750000000000E+01   0.1549723E+01   0.6182383E+00   0.2132523E+02  -0.4295248E-04  -0.2529697E-01  -0.7741036E+00   0.1744940E+03
  0.3791666666667E+01   0.1574520E+01   0.5951220E+00   0.2131051E+02  -0.9430717E-03  -0.2160286E-01  -0.6919053E+00   0.1743479E+03
  0.3833333333333E+01   0.1598363E+01   0.5722220E+00   0.2128661E+02  -0.1717188E-02  -0.1857878E-01  -0.6328026E+00   0.1741335E+03
  0.3875000000000E+01   0.1622419E+01   0.5773517E+00   0.2125885E+02  -0.2432327E-02  -0.1716335E-01  -0.5980278E+00   0.1738939E+03
  0.3916666666667E+01   0.1648210E+01   0.6189801E+00   0.2123238E+02  -0.3157843E-02  -0.1741238E-01  -0.5819938E+00   0.1736697E+03
  0.3958333333333E+01   0.1676622E+01   0.6819030E+00   0.2120719E+02  -0.3936652E-02  -0.1869141E-01  -0.5752175E+00   0.1734582E+03
  0.4000000000000E+01   0.1707550E+01   0.7422559E+00   0.2117968E+02  -0.4775516E-02  -0.2013273E-01  -0.5703014E+00   0.1732280E+03
  0.4041666666667E+01   0.1740281E+01   0.7855520E+00   0.2114790E+02  -0.5656867E-02  -0.2115242E-01  -0.5672486E+00   0.1729626E+03
  0.4083333333333E+01   0.1774103E+01   0.8117207E+00   0.2111395E+02  -0.6564064E-02  -0.2177273E-01  -0.5732173E+00   0.1726811E+03
  0.4125000000000E+01   0.1808551E+01   0.8267688E+00   0.2108148E+02  -0.7499303E-02  -0.2244574E-01  -0.5948777E+00   0.1724156E+03
  0.4166666666667E+01   0.1843270E+01   0.8332352E+00   0.2105173E+02  -0.8478980E-02  -0.2351225E-01  -0.6293414E+00   0.1721761E+03
  0.4208333333333E+01   0.1877820E+01   0.8292096E+00   0.2102274E+02  -0.9511864E-02  -0.2478922E-01  -0.6623480E+00   0.1719431E+03
  0.4250000000000E+01   0.1911739E+01   0.8140599E+00   0.2099226E+02  -0.1058053E-01  -0.2564799E-01  -0.6760020E+00   0.1716929E+03
  0.4291666666667E+01   0.1944747E+01   0.7921859E+00   0.2096071E+02  -0.1164346E-01  -0.2551032E-01  -0.6602443E+00   0.1714259E+03
  0.4333333333333E+01   0.1976834E+01   0.7700911E+00   0.2093098E+02  -0.1265418E-01  -0.2425720E-01  -0.6186730E+00   0.1711677E+03
  0.4375000000000E+01   0.2008100E+01   0.7503791E+00   0.2090569E+02  -0.1357832E-01  -0.2217953E-01  -0.5640052E+00   0.1709441E+03
  0.4416666666667E+01   0.2038491E+01   0.7293985E+00   0.2088485E+02  -0.1439825E-01  -0.1967811E-01  -0.5085615E+00   0.1707587E+03
  0.4458333333333E+01   0.2067699E+01   0.7009799E+00   0.2086609E+02  -0.1510947E-01  -0.1706937E-01  -0.4589299E+00   0.1705928E+03
  0.4500000000000E+01   0.2095305E+01   0.6625481E+00   0.2084688E+02  -0.1571664E-01  -0.1457212E-01  -0.4177595E+00   0.1704256E+03
  0.4541666666667E+01   0.2121056E+01   0.6180205E+00   0.2082654E+02  -0.1623267E-01  -0.1238477E-01  -0.3879588E+00   0.1702513E+03
  0.4583333333333E+01   0.2145024E+01   0.5752439E+00   0.2080619E+02  -0.1667916E-01  -0.1071570E-01  -0.3729351E+00   0.1700794E+03
  0.4625000000000E+01   0.2167542E+01   0.5404219E+00   0.2078727E+02  -0.1708277E-01  -0.9686651E-02  -0.3720961E+00   0.1699216E+03
  0.4666666666667E+01   0.2188960E+01   0.5140314E+00   0.2077018E+02  -0.1746616E-01  -0.9201263E-02  -0.3775617E+00   0.1697801E+03
  0.4708333333333E+01   0.2209427E+01   0.4912019E+00   0.2075433E+02  -0.1783820E-01  -0.8929101E-02  -0.3774255E+00   0.1696480E+03
  0.4750000000000E+01   0.2228848E+01   0.4661000E+00   0.2073898E+02  -0.1819138E-01  -0.8476210E-02  -0.3637899E+00   0.1695181E+03
  0.4791666666667E+01   0.2247055E+01   0.4369669E+00   0.2072398E+02  -0.1851075E-01  -0.7664993E-02  -0.3386672E+00   0.1693896E+03
  0.4833333333333E+01   0.2264050E+01   0.4078845E+00   0.2070986E+02  -0.1878848E-01  -0.6665567E-02  -0.3122753E+00   0.1692685E+03
  0.4875000000000E+01   0.2280118E+01   0.3856425E+00   0.2069731E+02  -0.1903077E-01  -0.5814942E-02  -0.2948227E+00   0.1691617E+03
  0.4916666666667E+01   0.2295698E+01   0.3739111E+00   0.2068659E+02  -0.1925270E-01  -0.5326175E-02  -0.2892028E+00   0.1690718E+03
  0.4958333333333E+01   0.2311089E+01   0.3693915E+00   0.2067734E+02  -0.1946787E-01  -0.5164167E-02  -0.2909425E+00   0.1689949E+03
  0.5000000000000E+01   0.2326229E+01   0.3633498E+00   0.2066876E+02  -0.1968089E-01  -0.5112548E-02  -0.2938685E+00   0.1689237E+03
  0.5041666666667E+01   0.2340713E+01   0.3476141E+00   0.2066013E+02  -0.1988683E-01  -0.4942379E-02  -0.2950702E+00   0.1688520E+03
  0.5083333333333E+01   0.2354061E+01   0.3203499E+00   0.2065124E+02  -0.2007746E-01  -0.4575271E-02  -0.2951571E+00   0.1687779E+03
  0.5125000000000E+01   0.2366024E+01   0.2871201E+00   0.2064241E+02  -0.2024845E-01  -0.4103655E-02  -0.2949371E+00   0.1687043E+03
  0.5166666666667E+01   0.2376720E+01   0.2567138E+00   0.2063415E+02  -0.2040128E-01  -0.3667908E-02  -0.2927859E+00   0.1686352E+03
  0.5208333333333E+01   0.2386527E+01   0.2353662E+00   0.2062662E+02  -0.2054043E-01  -0.3339703E-02  -0.2856938E+00   0.1685717E+03
  0.5250000000000E+01   0.2395847E+01   0.2236648E+00   0.2061945E+02  -0.2066951E-01  -0.3097921E-02  -0.2724325E+00   0.1685104E+03
  0.5291666666667E+01   0.2404911E+01   0.2175394E+00   0.2061208E+02  -0.2078927E-01  -0.2874218E-02  -0.2550428E+00   0.1684472E+03
  0.5333333333333E+01   0.2413719E+01   0.2113990E+00   0.2060445E+02  -0.2089826E-01  -0.2615738E-02  -0.2373679E+00   0.1683818E+03
  0.5375000000000E+01   0.2422080E+01   0.2006692E+00   0.2059728E+02  -0.2099458E-01  -0.2311754E-02  -0.2226958E+00   0.1683207E+03
  0.5416666666667E+01   0.2429692E+01   0.1826803E+00   0.2059167E+02  -0.2107688E-01  -0.1975122E-02  -0.2129317E+00   0.1682731E+03
  0.5458333333333E+01   0.2436221E+01   0.1567043E+00   0.2058828E+02  -0.2114440E-01  -0.1620427E-02  -0.2093764E+00   0.1682445E+03
  0.5500000000000E+01   0.2441392E+01   0.1240965E+00   0.2058685E+02  -0.2119698E-01  -0.1262022E-02  -0.2131368E+00   0.1682330E+03
  0.5541666666667E+01   0.2445076E+01   0.8841343E-01   0.2058645E+02  -0.2123512E-01  -0.9153488E-03  -0.2238196E+00   0.1682305E+03
  0.5583333333333E+01   0.2447356E+01   0.5472804E-01   0.2058616E+02  -0.2125991E-01  -0.5950132E-03  -0.2377534E+00   0.1682294E+03
  0.5625000000000E+01   0.2448521E+01   0.2794523E-01   0.2058564E+02  -0.2127336E-01  -0.3227448E-03  -0.2484654E+00   0.1682261E+03
  0.5666666666667E+01   0.2449006E+01   0.1165046E-01   0.2058551E+02  -0.2127922E-01  -0.1406192E-03  -0.2497267E+00   0.1682252E+03
  0.5708333333333E+01   0.2449219E+01   0.5122251E-02   0.2058629E+02  -0.2128181E-01  -0.6213898E-04  -0.2398667E+00   0.1682307E+03
  0.5750000000000E+01   0.2449438E+01   0.5247407E-02   0.2058775E+02  -0.2128436E-01  -0.6114158E-04  -0.2228983E+00   0.1682413E+03
  0.5791666666667E+01   0.2449842E+01   0.9698736E-02   0.2058923E+02  -0.2128873E-01  -0.1050057E-03  -0.2057435E+00   0.1682521E+03
  0.5833333333333E+01   0.2450586E+01   0.1785212E-01   0.2059005E+02  -0.2129617E-01  -0.1783922E-03  -0.1940943E+00   0.1682581E+03
  0.5875000000000E+01   0.2451839E+01   0.3006152E-01   0.2059002E+02  -0.2130797E-01  -0.2833781E-03  -0.1906300E+00   0.1682575E+03
  0.5916666666667E+01   0.2453734E+01   0.4550111E-01   0.2058906E+02  -0.2132553E-01  -0.4212660E-03  -0.1953443E+00   0.1682499E+03
  0.5958333333333E+01   0.2456329E+01   0.6226092E-01   0.2058724E+02  -0.2135014E-01  -0.5907172E-03  -0.2068453E+00   0.1682356E+03
  0.6000000000000E+01   0.2459551E+01   0.7732995E-01   0.2058460E+02  -0.2138251E-01  -0.7769541E-03  -0.2267044E+00   0.1682154E+03
  0.6041666666667E+01   0.2463195E+01   0.8747024E-01   0.2058129E+02  -0.2142265E-01  -0.9633361E-03  -0.2567047E+00   0.1681907E+03
  0.6083333333333E+01   0.2466956E+01   0.9026835E-01   0.2057746E+02  -0.2146956E-01  -0.1125892E-02  -0.2959045E+00   0.1681632E+03
  0.6125000000000E+01   0.2470526E+01   0.8566696E-01   0.2057322E+02  -0.2152089E-01  -0.1231894E-02  -0.3391327E+00   0.1681334E+03
  0.6166666666667E+01   0.2473728E+01   0.7685308E-01   0.2056861E+02  -0.2157368E-01  -0.1266860E-02  -0.3790233E+00   0.1681009E+03
  0.6208333333333E+01   0.2476599E+01   0.6890083E-01   0.2056382E+02  -0.2162658E-01  -0.1269654E-02  -0.4095963E+00   0.1680658E+03
  0.6250000000000E+01   0.2479323E+01   0.6538036E-01   0.2055923E+02  -0.2168084E-01  -0.1302266E-02  -0.4284865E+00   0.1680308E+03
  0.6291666666667E+01   0.2482058E+01   0.6563864E-01   0.2055542E+02  -0.2173784E-01  -0.1368012E-02  -0.4368667E+00   0.1680006E+03
  0.6333333333333E+01   0.2484783E+01   0.6539690E-01   0.2055291E+02  -0.2179575E-01  -0.1389887E-02  -0.4380742E+00   0.1679798E+03
  0.6375000000000E+01   0.2487299E+01   0.6039112E-01   0.2055190E+02  -0.2184939E-01  -0.1287204E-02  -0.4363759E+00   0.1679711E+03
  0.6416666666667E+01   0.2489381E+01   0.4995063E-01   0.2055218E+02  -0.2189358E-01  -0.1060596E-02  -0.4362460E+00   0.1679735E+03
  0.6458333333333E+01   0.2490940E+01   0.3741637E-01   0.2055323E+02  -0.2192667E-01  -0.7942094E-03  -0.4410619E+00   0.1679830E+03
  0.6500000000000E+01   0.2492080E+01   0.2736611E-01   0.2055439E+02  -0.2195114E-01  -0.5872629E-03  -0.4520968E+00   0.1679947E+03
  0.6541666666667E+01   0.2493006E+01   0.2221624E-01   0.2055521E+02  -0.2197150E-01  -0.4886494E-03  -0.4685429E+00   0.1680045E+03
  0.6583333333333E+01   0.2493880E+01   0.2097824E-01   0.2055550E+02  -0.2199143E-01  -0.4781856E-03  -0.4889935E+00   0.1680110E+03
  0.6625000000000E+01   0.2494749E+01   0.2087165E-01   0.2055539E+02  -0.2201211E-01  -0.4965144E-03  -0.5102890E+00   0.1680144E+03
  0.6666666666667E+01   0.2495593E+01   0.2024941E-01   0.2055550E+02  -0.2203306E-01  -0.5026931E-03  -0.5302119E+00   0.1680195E+03
  0.6708333333333E+01   0.2496337E+01   0.1786262E-01   0.2055596E+02  -0.2205226E-01  -0.4607513E-03  -0.5483872E+00   0.1680273E+03
  0.6750000000000E+01   0.2496965E+01   0.1505450E-01   0.2055656E+02  -0.2206899E-01  -0.4016206E-03  -0.5645052E+00   0.1680359E+03
  0.6791666666667E+01   0.2497584E+01   0.1486900E-01   0.2055695E+02  -0.2208600E-01  -0.4083187E-03  -0.5778144E+00   0.1680422E+03
  0.6833333333333E+01   0.2498403E+01   0.1964224E-01   0.2055695E+02  -0.2210901E-01  -0.5521040E-03  -0.5872060E+00   0.1680445E+03
  0.6875000000000E+01   0.2499603E+01   0.2880075E-01   0.2055666E+02  -0.2214329E-01  -0.8226888E-03  -0.5921076E+00   0.1680432E+03
  0.6916666666667E+01   0.2501221E+01   0.3883485E-01   0.2055618E+02  -0.2218990E-01  -0.1118587E-02  -0.5931864E+00   0.1680395E+03
  0.6958333333333E+01   0.2503129E+01   0.4579943E-01   0.2055544E+02  -0.2224496E-01  -0.1321627E-02  -0.5920039E+00   0.1680330E+03
  0.7000000000000E+01   0.2505143E+01   0.4834135E-01   0.2055421E+02  -0.2230297E-01  -0.1392248E-02  -0.5899031E+00   0.1680223E+03
  0.7041666666667E+01   0.2507163E+01   0.4846403E-01   0.2055244E+02  -0.2236093E-01  -0.1390911E-02  -0.5870896E+00   0.1680069E+03
  0.7083333333333E+01   0.2509208E+01   0.4909854E-01   0.2055037E+02  -0.2241937E-01  -0.1402522E-02  -0.5830463E+00   0.1679886E+03
  0.7125000000000E+01   0.2511329E+01   0.5089313E-01   0.2054839E+02  -0.2247953E-01  -0.1443919E-02  -0.5777248E+00   0.1679709E+03
  0.7166666666667E+01   0.2513476E+01   0.5151952E-01   0.2054676E+02  -0.2253988E-01  -0.1448489E-02  -0.5722911E+00   0.1679561E+03
  0.7208333333333E+01   0.2515484E+01   0.4821490E-01   0.2054546E+02  -0.2259584E-01  -0.1342935E-02  -0.5686136E+00   0.1679444E+03
  0.7250000000000E+01   0.2517186E+01   0.4084241E-01   0.2054428E+02  -0.2264294E-01  -0.1130350E-02  -0.5679099E+00   0.1679344E+03
  0.7291666666667E+01   0.2518528E+01   0.3220939E-01   0.2054316E+02  -0.2268004E-01  -0.8903712E-03  -0.5697745E+00   0.1679255E+03
  0.7333333333333E+01   0.2519588E+01   0.2543779E-01   0.2054220E+02  -0.2270943E-01  -0.7055294E-03  -0.5725265E+00   0.1679182E+03
  0.7375000000000E+01   0.2520474E+01   0.2126169E-01   0.2054156E+02  -0.2273412E-01  -0.5925790E-03  -0.5745567E+00   0.1679133E+03
  0.7416666666667E+01   0.2521222E+01   0.1794066E-01   0.2054126E+02  -0.2275503E-01  -0.5018083E-03  -0.5755318E+00   0.1679110E+03
  0.7458333333333E+01   0.2521783E+01   0.1348010E-01   0.2054118E+02  -0.2277077E-01  -0.3776897E-03  -0.5755490E+00   0.1679104E+03
  0.7500000000000E+01   0.2522107E+01   0.7780162E-02   0.2054123E+02  -0.2277985E-01  -0.2179945E-03  -0.5757812E+00   0.1679108E+03
  0.7541666666667E+01   0.2522200E+01   0.2216848E-02   0.2052479E+02  -0.2278244E-01  -0.6213941E-04  -0.5765333E+00   0.1679127E+03
  0.7583333333333E+01   0.2522200E+01   0.2428613E-15   0.2051308E+02  -0.2278244E-01  -0.7199102E-16  -0.5795197E+00   0.1679168E+03
  0.7625000000000E+01   0.2522200E+01   0.1535230E-15   0.2051077E+02  -0.2278244E-01  -0.1934217E-15  -0.5826417E+00   0.1679229E+03
  0.7666666666667E+01   0.2522200E+01  -0.1856154E-15   0.2051035E+02  -0.2278244E-01  -0.2350550E-15  -0.5843119E+00   0.1679299E+03
  0.7708333333333E+01   0.2522200E+01   0.1222113E-14   0.2051998E+02  -0.2278244E-01   0.3547510E-15  -0.5824147E+00   0.1679370E+03
  0.7750000000000E+01   0.2522200E+01  -0.9107298E-17   0.2054496E+02  -0.2278244E-01  -0.5551115E-16  -0.5760226E+00   0.1679420E+03
  0.7791666666667E+01   0.2522219E+01   0.4501218E-03   0.2054532E+02  -0.2278297E-01  -0.1262014E-04  -0.5646946E+00   0.1679423E+03
  0.7833333333333E+01   0.2522525E+01   0.7352118E-02   0.2054559E+02  -0.2279139E-01  -0.2020752E-03  -0.5506068E+00   0.1679414E+03
  0.7875000000000E+01   0.2523286E+01   0.1825866E-01   0.2054602E+02  -0.2281178E-01  -0.4893187E-03  -0.5354280E+00   0.1679416E+03
  0.7916666666667E+01   0.2524448E+01   0.2788940E-01   0.2054666E+02  -0.2284206E-01  -0.7267959E-03  -0.5205188E+00   0.1679437E+03
  0.7958333333333E+01   0.2525793E+01   0.3227889E-01   0.2054738E+02  -0.2287613E-01  -0.8177373E-03  -0.5068942E+00   0.1679470E+03
  0.8000000000000E+01   0.2527103E+01   0.3143972E-01   0.2054799E+02  -0.2290845E-01  -0.7756031E-03  -0.4961012E+00   0.1679498E+03
  0.8041666666667E+01   0.2528303E+01   0.2881026E-01   0.2054815E+02  -0.2293743E-01  -0.6955818E-03  -0.4896427E+00   0.1679498E+03
  0.8083333333333E+01   0.2529521E+01   0.2923593E-01   0.2054760E+02  -0.2296646E-01  -0.6966642E-03  -0.4859173E+00   0.1679445E+03
  0.8125000000000E+01   0.2531033E+01   0.3629233E-01   0.2054656E+02  -0.2300222E-01  -0.8582549E-03  -0.4834204E+00   0.1679354E+03
  0.8166666666667E+01   0.2533059E+01   0.4861475E-01   0.2054548E+02  -0.2304988E-01  -0.1143810E-02  -0.4815607E+00   0.1679260E+03
  0.8208333333333E+01   0.2535583E+01   0.6057286E-01   0.2054456E+02  -0.2310903E-01  -0.1419753E-02  -0.4804604E+00   0.1679182E+03
  0.8250000000000E+01   0.2538376E+01   0.6702968E-01   0.2054365E+02  -0.2317435E-01  -0.1567573E-02  -0.4801846E+00   0.1679105E+03
  0.8291666666667E+01   0.2541196E+01   0.6767925E-01   0.2054249E+02  -0.2324026E-01  -0.1581926E-02  -0.4803000E+00   0.1679009E+03
  0.8333333333333E+01   0.2543971E+01   0.6660868E-01   0.2054108E+02  -0.2330515E-01  -0.1557365E-02  -0.4802498E+00   0.1678891E+03
  0.8375000000000E+01   0.2546801E+01   0.6791684E-01   0.2053958E+02  -0.2337132E-01  -0.1587894E-02  -0.4801076E+00   0.1678766E+03
  0.8416666666667E+01   0.2549806E+01   0.7210907E-01   0.2053807E+02  -0.2344155E-01  -0.1685532E-02  -0.4808104E+00   0.1678641E+03
  0.8458333333333E+01   0.2553001E+01   0.7668772E-01   0.2053639E+02  -0.2351635E-01  -0.1795313E-02  -0.4835242E+00   0.1678507E+03
  0.8500000000000E+01   0.2556323E+01   0.7972566E-01   0.2053427E+02  -0.2359456E-01  -0.1877121E-02  -0.4886669E+00   0.1678341E+03
  0.8541666666667E+01   0.2559755E+01   0.8236197E-01   0.2053164E+02  -0.2367623E-01  -0.1960019E-02  -0.4954178E+00   0.1678134E+03
  0.8583333333333E+01   0.2563412E+01   0.8777154E-01   0.2052861E+02  -0.2376448E-01  -0.2117882E-02  -0.5021448E+00   0.1677896E+03
  0.8625000000000E+01   0.2567496E+01   0.9801291E-01   0.2052540E+02  -0.2386437E-01  -0.2397467E-02  -0.5074075E+00   0.1677639E+03
  0.8666666666667E+01   0.2572165E+01   0.1120728E+00   0.2052205E+02  -0.2397981E-01  -0.2770546E-02  -0.5107318E+00   0.1677367E+03
  0.8708333333333E+01   0.2577448E+01   0.1267964E+00   0.2051851E+02  -0.2411129E-01  -0.3155579E-02  -0.5126745E+00   0.1677076E+03
  0.8750000000000E+01   0.2583257E+01   0.1394011E+00   0.2051472E+02  -0.2425642E-01  -0.3483069E-02  -0.5143252E+00   0.1676764E+03
  0.8791666666667E+01   0.2589468E+01   0.1490655E+00   0.2051074E+02  -0.2441214E-01  -0.3737226E-02  -0.5166859E+00   0.1676437E+03
  0.8833333333333E+01   0.2595988E+01   0.1564843E+00   0.2050662E+02  -0.2457639E-01  -0.3941994E-02  -0.5202441E+00   0.1676101E+03
  0.8875000000000E+01   0.2602755E+01   0.1623934E+00   0.2050235E+02  -0.2474805E-01  -0.4119852E-02  -0.5247812E+00   0.1675756E+03
  0.8916666666667E+01   0.2609702E+01   0.1667286E+00   0.2049787E+02  -0.2492587E-01  -0.4267609E-02  -0.5293023E+00   0.1675392E+03
  0.8958333333333E+01   0.2616743E+01   0.1689881E+00   0.2049314E+02  -0.2510769E-01  -0.4363663E-02  -0.5320764E+00   0.1675003E+03
  0.9000000000000E+01   0.2623786E+01   0.1690315E+00   0.2048827E+02  -0.2529055E-01  -0.4388674E-02  -0.5309471E+00   0.1674596E+03
  0.9041666666667E+01   0.2630757E+01   0.1673186E+00   0.2048347E+02  -0.2547121E-01  -0.4336008E-02  -0.5240074E+00   0.1674181E+03
  0.9083333333333E+01   0.2637609E+01   0.1644424E+00   0.2047887E+02  -0.2564650E-01  -0.4206760E-02  -0.5103990E+00   0.1673769E+03
  0.9125000000000E+01   0.2644302E+01   0.1606217E+00   0.2047444E+02  -0.2581330E-01  -0.4003207E-02  -0.4907530E+00   0.1673360E+03
  0.9166666666667E+01   0.2650791E+01   0.1557535E+00   0.2047005E+02  -0.2596885E-01  -0.3733264E-02  -0.4669369E+00   0.1672948E+03
  0.9208333333333E+01   0.2657038E+01   0.1499244E+00   0.2046557E+02  -0.2611134E-01  -0.3419886E-02  -0.4412265E+00   0.1672527E+03
  0.9250000000000E+01   0.2663028E+01   0.1437598E+00   0.2046103E+02  -0.2624048E-01  -0.3099382E-02  -0.4154002E+00   0.1672104E+03
  0.9291666666667E+01   0.2668786E+01   0.1381802E+00   0.2045660E+02  -0.2635737E-01  -0.2805336E-02  -0.3902809E+00   0.1671693E+03
  0.9333333333333E+01   0.2674359E+01   0.1337533E+00   0.2045249E+02  -0.2646370E-01  -0.2551811E-02  -0.3659225E+00   0.1671313E+03
  0.9375000000000E+01   0.2679785E+01   0.1302351E+00   0.2044889E+02  -0.2656079E-01  -0.2330082E-02  -0.3422154E+00   0.1670979E+03
  0.9416666666667E+01   0.2685065E+01   0.1267096E+00   0.2044587E+02  -0.2664914E-01  -0.2120506E-02  -0.3194764E+00   0.1670697E+03
  0.9458333333333E+01   0.2690156E+01   0.1221996E+00   0.2044337E+02  -0.2672870E-01  -0.1909427E-02  -0.2986992E+00   0.1670462E+03
  0.9500000000000E+01   0.2695000E+01   0.1162450E+00   0.2044120E+02  -0.2679947E-01  -0.1698463E-02  -0.2813863E+00   0.1670262E+03
  0.9541666666667E+01   0.2699543E+01   0.1090426E+00   0.2043918E+02  -0.2686201E-01  -0.1501041E-02  -0.2690950E+00   0.1670079E+03
  0.9583333333333E+01   0.2703758E+01   0.1011531E+00   0.2043711E+02  -0.2691750E-01  -0.1331746E-02  -0.2629295E+00   0.1669900E+03
  0.9625000000000E+01   0.2707637E+01   0.9310261E-01   0.2043487E+02  -0.2696741E-01  -0.1197792E-02  -0.2631988E+00   0.1669714E+03
  0.9666666666667E+01   0.2711187E+01   0.8517873E-01   0.2043241E+02  -0.2701312E-01  -0.1097092E-02  -0.2693591E+00   0.1669515E+03
  0.9708333333333E+01   0.2714414E+01   0.7745777E-01   0.2042972E+02  -0.2705567E-01  -0.1021121E-02  -0.2802276E+00   0.1669304E+03
  0.9750000000000E+01   0.2717326E+01   0.6989918E-01   0.2042692E+02  -0.2709562E-01  -0.9587833E-03  -0.2943595E+00   0.1669086E+03
  0.9791666666667E+01   0.2719926E+01   0.6237948E-01   0.2042414E+02  -0.2713307E-01  -0.8989116E-03  -0.3104379E+00   0.1668875E+03
  0.9833333333333E+01   0.2722205E+01   0.5470810E-01   0.2042157E+02  -0.2716772E-01  -0.8315387E-03  -0.3275471E+00   0.1668683E+03
  0.9875000000000E+01   0.2724152E+01   0.4673764E-01   0.2041931E+02  -0.2719895E-01  -0.7496376E-03  -0.3452623E+00   0.1668519E+03
  0.9916666666667E+01   0.2725759E+01   0.3856441E-01   0.2041738E+02  -0.2722612E-01  -0.6520708E-03  -0.3635596E+00   0.1668385E+03
  0.9958333333333E+01   0.2727037E+01   0.3065493E-01   0.2041571E+02  -0.2724887E-01  -0.5458532E-03  -0.3825888E+00   0.1668274E+03
  0.1000000000000E+02   0.2728025E+01   0.2373285E-01   0.2041418E+02  -0.2726740E-01  -0.4447520E-03  -0.4024292E+00   0.1668179E+03
  0.1004166666667E+02   0.2728794E+01   0.1844561E-01   0.2041272E+02  -0.2728255E-01  -0.3636225E-03  -0.4229266E+00   0.1668092E+03
  0.1008333333333E+02   0.2729420E+01   0.1502407E-01   0.2041127E+02  -0.2729552E-01  -0.3112804E-03  -0.4436290E+00   0.1668008E+03
  0.1012500000000E+02   0.2729968E+01   0.1316205E-01   0.2040981E+02  -0.2730744E-01  -0.2860707E-03  -0.4638258E+00   0.1667923E+03
  0.1016666666667E+02   0.2730476E+01   0.1217202E-01   0.2040832E+02  -0.2731897E-01  -0.2766167E-03  -0.4826528E+00   0.1667836E+03
  0.1020833333333E+02   0.2730946E+01   0.1128855E-01   0.2040679E+02  -0.2733009E-01  -0.2669719E-03  -0.4992682E+00   0.1667742E+03
  0.1025000000000E+02   0.2731361E+01   0.9961802E-02   0.2040523E+02  -0.2734024E-01  -0.2437233E-03  -0.5130160E+00   0.1667640E+03
  0.1029166666667E+02   0.2731702E+01   0.8191196E-02   0.2040354E+02  -0.2734883E-01  -0.2059381E-03  -0.5226357E+00   0.1667519E+03
  0.1033333333333E+02   0.2732007E+01   0.7301122E-02   0.2040193E+02  -0.2735662E-01  -0.1870179E-03  -0.5282206E+00   0.1667397E+03
  0.1037500000000E+02   0.2732324E+01   0.7621825E-02   0.2040052E+02  -0.2736484E-01  -0.1973345E-03  -0.5300809E+00   0.1667284E+03
  0.1041666666667E+02   0.2732679E+01   0.8514092E-02   0.2039930E+02  -0.2737406E-01  -0.2212275E-03  -0.5287049E+00   0.1667180E+03
  0.1045833333333E+02   0.2733057E+01   0.9072252E-02   0.2039816E+02  -0.2738386E-01  -0.2351327E-03  -0.5247057E+00   0.1667075E+03
  0.1050000000000E+02   0.2733426E+01   0.8848540E-02   0.2039701E+02  -0.2739334E-01  -0.2276127E-03  -0.5186900E+00   0.1666967E+03
  0.1054166666667E+02   0.2733758E+01   0.7975982E-02   0.2039589E+02  -0.2740179E-01  -0.2028269E-03  -0.5112224E+00   0.1666858E+03
  0.1058333333333E+02   0.2734042E+01   0.6821494E-02   0.2039479E+02  -0.2740891E-01  -0.1709806E-03  -0.5028405E+00   0.1666749E+03
  0.1062500000000E+02   0.2734296E+01   0.6082070E-02   0.2039380E+02  -0.2741516E-01  -0.1499555E-03  -0.4941604E+00   0.1666649E+03
  0.1066666666667E+02   0.2734545E+01   0.5974896E-02   0.2039299E+02  -0.2742120E-01  -0.1447771E-03  -0.4858797E+00   0.1666564E+03
  0.1070833333333E+02   0.2734795E+01   0.6013223E-02   0.2039236E+02  -0.2742716E-01  -0.1432700E-03  -0.4786463E+00   0.1666498E+03
  0.1075000000000E+02   0.2735027E+01   0.5574655E-02   0.2039190E+02  -0.2743262E-01  -0.1308474E-03  -0.4728623E+00   0.1666448E+03
  0.1079166666667E+02   0.2735221E+01   0.4642714E-02   0.2039157E+02  -0.2743710E-01  -0.1076586E-03  -0.4686375E+00   0.1666413E+03
  0.1083333333333E+02   0.2735385E+01   0.3936625E-02   0.2039135E+02  -0.2744087E-01  -0.9047123E-04  -0.4658538E+00   0.1666389E+03
  0.1087500000000E+02   0.2735563E+01   0.4278625E-02   0.2039126E+02  -0.2744494E-01  -0.9774800E-04  -0.4640883E+00   0.1666379E+03
  0.1091666666667E+02   0.2735804E+01   0.5787590E-02   0.2039127E+02  -0.2745043E-01  -0.1317208E-03  -0.4628653E+00   0.1666377E+03
  0.1095833333333E+02   0.2736126E+01   0.7723486E-02   0.2039130E+02  -0.2745774E-01  -0.1753168E-03  -0.4616298E+00   0.1666377E+03
  0.1100000000000E+02   0.2736505E+01   0.9100753E-02   0.2039122E+02  -0.2746632E-01  -0.2060280E-03  -0.4597237E+00   0.1666367E+03
  0.1104166666667E+02   0.2736901E+01   0.9494565E-02   0.2039099E+02  -0.2747524E-01  -0.2140567E-03  -0.4563299E+00   0.1666341E+03
  0.1108333333333E+02   0.2737284E+01   0.9185633E-02   0.2039066E+02  -0.2748381E-01  -0.2055652E-03  -0.4501683E+00   0.1666303E+03
  0.1112500000000E+02   0.2737646E+01   0.8697976E-02   0.2039034E+02  -0.2749181E-01  -0.1920267E-03  -0.4403499E+00   0.1666258E+03
  0.1116666666667E+02   0.2737990E+01   0.8243925E-02   0.2039007E+02  -0.2749923E-01  -0.1780358E-03  -0.4267935E+00   0.1666211E+03
  0.1120833333333E+02   0.2738316E+01   0.7824388E-02   0.2038981E+02  -0.2750605E-01  -0.1637757E-03  -0.4097154E+00   0.1666161E+03
  0.1125000000000E+02   0.2738634E+01   0.7652418E-02   0.2038950E+02  -0.2751246E-01  -0.1537686E-03  -0.3895463E+00   0.1666102E+03
  0.1129166666667E+02   0.2738981E+01   0.8317922E-02   0.2038911E+02  -0.2751908E-01  -0.1589159E-03  -0.3670047E+00   0.1666034E+03
  0.1133333333333E+02   0.2739415E+01   0.1042293E-01   0.2038870E+02  -0.2752690E-01  -0.1876131E-03  -0.3431219E+00   0.1665965E+03
  0.1137500000000E+02   0.2740001E+01   0.1404809E-01   0.2038833E+02  -0.2753675E-01  -0.2364156E-03  -0.3189834E+00   0.1665902E+03
  0.1141666666667E+02   0.2740774E+01   0.1857194E-01   0.2038805E+02  -0.2754885E-01  -0.2905653E-03  -0.2953475E+00   0.1665849E+03
  0.1145833333333E+02   0.2741733E+01   0.2299679E-01   0.2038781E+02  -0.2756273E-01  -0.3331385E-03  -0.2724405E+00   0.1665803E+03
  0.1150000000000E+02   0.2742835E+01   0.2646589E-01   0.2038754E+02  -0.2757747E-01  -0.3536613E-03  -0.2500907E+00   0.1665756E+03
  0.1154166666667E+02   0.2744026E+01   0.2857012E-01   0.2038713E+02  -0.2759207E-01  -0.3504652E-03  -0.2280886E+00   0.1665700E+03
  0.1158333333333E+02   0.2745248E+01   0.2933084E-01   0.2038655E+02  -0.2760575E-01  -0.3281496E-03  -0.2065925E+00   0.1665633E+03
  0.1162500000000E+02   0.2746457E+01   0.2901232E-01   0.2038580E+02  -0.2761800E-01  -0.2940041E-03  -0.1862695E+00   0.1665554E+03
  0.1166666666667E+02   0.2747621E+01   0.2793559E-01   0.2038498E+02  -0.2762863E-01  -0.2552536E-03  -0.1680894E+00   0.1665472E+03
  0.1170833333333E+02   0.2748718E+01   0.2633288E-01   0.2038418E+02  -0.2763768E-01  -0.2171343E-03  -0.1529360E+00   0.1665396E+03
  0.1175000000000E+02   0.2749728E+01   0.2424688E-01   0.2038353E+02  -0.2764526E-01  -0.1819166E-03  -0.1412887E+00   0.1665335E+03
  0.1179166666667E+02   0.2750626E+01   0.2154597E-01   0.2038307E+02  -0.2765148E-01  -0.1493462E-03  -0.1331267E+00   0.1665292E+03
  0.1183333333333E+02   0.2751379E+01   0.1806532E-01   0.2038280E+02  -0.2765640E-01  -0.1179889E-03  -0.1280235E+00   0.1665267E+03
  0.1187500000000E+02   0.2751953E+01   0.1379446E-01   0.2038265E+02  -0.2766001E-01  -0.8664241E-04  -0.1253532E+00   0.1665253E+03
  0.1191666666667E+02   0.2752327E+01   0.8974512E-02   0.2038255E+02  -0.2766231E-01  -0.5519318E-04  -0.1245178E+00   0.1665245E+03
  0.1195833333333E+02   0.2752496E+01   0.4055224E-02   0.2038100E+02  -0.2766334E-01  -0.2477351E-04  -0.1252968E+00   0.1665233E+03
  0.1200000000000E+02   0.2752496E+01   0.3590878E-15   0.2035876E+02  -0.2766334E-01  -0.1010476E-15  -0.1273074E+00   0.1665217E+03
  0.1204166666667E+02   0.2752496E+01   0.4284767E-15   0.2034865E+02  -0.2766334E-01   0.5117434E-16  -0.1306031E+00   0.1665228E+03
  0.1208333333333E+02   0.2752496E+01   0.3330669E-15   0.2032967E+02  -0.2766334E-01  -0.4943962E-16  -0.1351601E+00   0.1665252E+03
  0.1212500000000E+02   0.2752496E+01   0.4267420E-15   0.2030657E+02  -0.2766334E-01  -0.9454243E-16  -0.1413301E+00   0.1665284E+03
  0.1216666666667E+02   0.2752496E+01   0.3781697E-15   0.2028188E+02  -0.2766334E-01  -0.1084202E-15  -0.1488962E+00   0.1665324E+03
  0.1220833333333E+02   0.2752496E+01   0.2255141E-15   0.2025752E+02  -0.2766334E-01  -0.1110223E-15  -0.1573845E+00   0.1665371E+03
  0.1225000000000E+02   0.2752496E+01  -0.5065393E-15   0.2023486E+02  -0.2766334E-01  -0.2836273E-15  -0.1663600E+00   0.1665424E+03
  0.1229166666667E+02   0.2752496E+01   0.1422473E-15   0.2021461E+02  -0.2766334E-01  -0.2168404E-16  -0.1755420E+00   0.1665481E+03
  0.1233333333333E+02   0.2752496E+01   0.7598089E-15   0.2019700E+02  -0.2766334E-01   0.5464379E-16  -0.1848027E+00   0.1665538E+03
  0.1237500000000E+02   0.2752496E+01   0.1200429E-14   0.2018183E+02  -0.2766334E-01  -0.1526557E-15  -0.1940818E+00   0.1665595E+03
  0.1241666666667E+02   0.2752496E+01  -0.3469447E-17   0.2016871E+02  -0.2766334E-01  -0.1595946E-15  -0.2032985E+00   0.1665648E+03
  0.1245833333333E+02   0.2752496E+01   0.1398187E-14   0.2015732E+02  -0.2766334E-01   0.1873501E-15  -0.2123360E+00   0.1665698E+03
  0.1250000000000E+02   0.2752496E+01   0.2428613E-16   0.2014743E+02  -0.2766334E-01  -0.1275022E-15  -0.2210943E+00   0.1665744E+03
  0.1254166666667E+02   0.2752496E+01   0.1509209E-15   0.2013885E+02  -0.2766334E-01  -0.5551115E-16  -0.2295481E+00   0.1665785E+03
  0.1258333333333E+02   0.2752496E+01   0.1353084E-14   0.2013128E+02  -0.2766334E-01   0.1231654E-15  -0.2377620E+00   0.1665822E+03
  0.1262500000000E+02   0.2752496E+01   0.6782769E-15   0.2012434E+02  -0.2766334E-01  -0.3642919E-16  -0.2458581E+00   0.1665856E+03
  0.1266666666667E+02   0.2752496E+01   0.1942890E-15   0.2011763E+02  -0.2766334E-01  -0.9540979E-17  -0.2539713E+00   0.1665886E+03
  0.1270833333333E+02   0.2752496E+01  -0.1214306E-16   0.2011091E+02  -0.2766334E-01  -0.2341877E-16  -0.2622246E+00   0.1665910E+03
  0.1275000000000E+02   0.2752496E+01   0.9627715E-15   0.2010411E+02  -0.2766334E-01  -0.4770490E-16  -0.2707309E+00   0.1665926E+03
  0.1279166666667E+02   0.2752496E+01   0.9922618E-15   0.2009729E+02  -0.2766334E-01   0.2341877E-16  -0.2795989E+00   0.1665935E+03
  0.1283333333333E+02   0.2752496E+01   0.4883247E-15   0.2009058E+02  -0.2766334E-01  -0.5204170E-17  -0.2889192E+00   0.1665937E+03
  0.1287500000000E+02   0.2752496E+01   0.6713380E-15   0.2008415E+02  -0.2766334E-01  -0.1578598E-15  -0.2987237E+00   0.1665936E+03
  0.1291666666667E+02   0.2752496E+01  -0.5698567E-15   0.2007823E+02  -0.2766334E-01  -0.8153200E-16  -0.3089356E+00   0.1665933E+03
  0.1295833333333E+02   0.2752496E+01   0.1040834E-14   0.2007301E+02  -0.2766334E-01   0.1474515E-15  -0.3193371E+00   0.1665933E+03
  0.1300000000000E+02   0.2752496E+01   0.6253678E-15   0.2006869E+02  -0.2766334E-01  -0.7892992E-16  -0.3295737E+00   0.1665936E+03
  0.1304166666667E+02   0.2752496E+01   0.5672546E-15   0.2006535E+02  -0.2766334E-01  -0.1309716E-15  -0.3391961E+00   0.1665942E+03
  0.1308333333333E+02   0.2752496E+01   0.5525094E-15   0.2006295E+02  -0.2766334E-01  -0.2185752E-15  -0.3477245E+00   0.1665951E+03
  0.1312500000000E+02   0.2752496E+01   0.2116363E-15   0.2006134E+02  -0.2766334E-01   0.1275022E-15  -0.3547170E+00   0.1665963E+03
  0.1316666666667E+02   0.2752496E+01  -0.1196959E-15   0.2006032E+02  -0.2766334E-01  -0.6765422E-16  -0.3598255E+00   0.1665976E+03
  0.1320833333333E+02   0.2752496E+01   0.1023487E-14   0.2005969E+02  -0.2766334E-01  -0.1214306E-16  -0.3628314E+00   0.1665989E+03
  0.1325000000000E+02   0.2752496E+01   0.7806256E-15   0.2005936E+02  -0.2766334E-01  -0.3642919E-16  -0.3636549E+00   0.1665999E+03
  0.1329166666667E+02   0.2752496E+01   0.2550044E-15   0.2005930E+02  -0.2766334E-01  -0.6418477E-16  -0.3623468E+00   0.1666005E+03
  0.1333333333333E+02   0.2752496E+01   0.4224052E-15   0.2005955E+02  -0.2766334E-01  -0.5464379E-16  -0.3590703E+00   0.1666004E+03
  0.1337500000000E+02   0.2752496E+01   0.9653736E-15   0.2006005E+02  -0.2766334E-01  -0.1483189E-15  -0.3540874E+00   0.1665997E+03
  0.1341666666667E+02   0.2752496E+01   0.1364143E-14   0.2006065E+02  -0.2766334E-01   0.2827599E-15  -0.3477481E+00   0.1665985E+03
  0.1345833333333E+02   0.2752496E+01   0.8875279E-15   0.2006107E+02  -0.2766334E-01   0.6331741E-16  -0.3404730E+00   0.1665969E+03
  0.1350000000000E+02   0.2752496E+01  -0.4412703E-16   0.2006095E+02  -0.2766334E-01  -0.5811324E-16  -0.3327192E+00   0.1665951E+03
  0.1354166666667E+02   0.2752496E+01   0.1430063E-15   0.2005999E+02  -0.2766334E-01  -0.1474515E-16  -0.3249306E+00   0.1665930E+03
  0.1358333333333E+02   0.2752496E+01   0.9881419E-15   0.2005796E+02  -0.2766334E-01   0.5637851E-16  -0.3174925E+00   0.1665908E+03
  0.1362500000000E+02   0.2752496E+01   0.6878179E-15   0.2005483E+02  -0.2766334E-01  -0.1153591E-15  -0.3107088E+00   0.1665885E+03
  0.1366666666667E+02   0.2752496E+01   0.3599551E-15   0.2005074E+02  -0.2766334E-01  -0.3556183E-16  -0.3048060E+00   0.1665860E+03
  0.1370833333333E+02   0.2752496E+01   0.4939625E-15   0.2004594E+02  -0.2766334E-01   0.2255141E-16  -0.2999540E+00   0.1665835E+03
  0.1375000000000E+02   0.2752496E+01   0.2424276E-15   0.2004084E+02  -0.2766334E-01  -0.1734723E-16  -0.2962864E+00   0.1665811E+03
  0.1379166666667E+02   0.2752496E+01   0.9141993E-15   0.2003586E+02  -0.2766334E-01  -0.3642919E-16  -0.2939140E+00   0.1665790E+03
  0.1383333333333E+02   0.2752496E+01   0.3786034E-15   0.2003145E+02  -0.2766334E-01   0.5898060E-16  -0.2929348E+00   0.1665772E+03
  0.1387500000000E+02   0.2752496E+01   0.5499073E-15   0.2002795E+02  -0.2766334E-01  -0.1682682E-15  -0.2934423E+00   0.1665760E+03
  0.1391666666667E+02   0.2752496E+01   0.1389514E-14   0.2002562E+02  -0.2766334E-01   0.1179612E-15  -0.2955274E+00   0.1665752E+03
  0.1395833333333E+02   0.2752496E+01  -0.1582935E-15   0.2002455E+02  -0.2766334E-01  -0.2636780E-15  -0.2992646E+00   0.1665750E+03
  0.1400000000000E+02   0.2752496E+01   0.5503410E-15   0.2002474E+02  -0.2766334E-01   0.3295975E-16  -0.3046800E+00   0.1665754E+03
  0.1404166666667E+02   0.2752496E+01   0.8283305E-15   0.2002610E+02  -0.2766334E-01   0.1196959E-15  -0.3117096E+00   0.1665761E+03
  0.1408333333333E+02   0.2752496E+01   0.6104058E-15   0.2002848E+02  -0.2766334E-01   0.1162265E-15  -0.3201664E+00   0.1665770E+03
  0.1412500000000E+02   0.2752496E+01  -0.1177444E-15   0.2003170E+02  -0.2766334E-01  -0.2463307E-15  -0.3297288E+00   0.1665781E+03
  0.1416666666667E+02   0.2752496E+01   0.1201513E-14   0.2003550E+02  -0.2766334E-01  -0.6245005E-16  -0.3399567E+00   0.1665793E+03
  0.1420833333333E+02   0.2752496E+01   0.5178150E-15   0.2003958E+02  -0.2766334E-01   0.5204170E-16  -0.3503280E+00   0.1665804E+03
  0.1425000000000E+02   0.2752496E+01   0.6381614E-15   0.2004354E+02  -0.2766334E-01  -0.8673617E-17  -0.3602883E+00   0.1665816E+03
  0.1429166666667E+02   0.2752496E+01   0.6999609E-15   0.2004693E+02  -0.2766334E-01  -0.3642919E-16  -0.3693037E+00   0.1665826E+03
  0.1433333333333E+02   0.2752496E+01   0.2554380E-15   0.2004931E+02  -0.2766334E-01   0.2775558E-16  -0.3769139E+00   0.1665837E+03
  0.1437500000000E+02   0.2752496E+01   0.1047773E-14   0.2005029E+02  -0.2766334E-01   0.1960238E-15  -0.3827825E+00   0.1665847E+03
  0.1441666666667E+02   0.2752496E+01   0.6479192E-15   0.2004961E+02  -0.2766334E-01  -0.9540979E-16  -0.3867421E+00   0.1665857E+03
  0.1445833333333E+02   0.2752496E+01   0.8309325E-15   0.2004720E+02  -0.2766334E-01  -0.1717376E-15  -0.3888288E+00   0.1665868E+03
  0.1450000000000E+02   0.2752496E+01   0.1082467E-14   0.2004318E+02  -0.2766334E-01  -0.5377643E-16  -0.3892973E+00   0.1665880E+03
  0.1454166666667E+02   0.2752496E+01   0.6440161E-15   0.2003783E+02  -0.2766334E-01  -0.3816392E-16  -0.3886055E+00   0.1665893E+03
  0.1458333333333E+02   0.2752496E+01  -0.2476318E-15   0.2003157E+02  -0.2766334E-01  -0.5204170E-16  -0.3873661E+00   0.1665909E+03
  0.1462500000000E+02   0.2752496E+01  -0.7511353E-15   0.2002486E+02  -0.2766334E-01  -0.1196959E-15  -0.3862700E+00   0.1665926E+03
  0.1466666666667E+02   0.2752496E+01   0.1065337E-14   0.2001813E+02  -0.2766334E-01   0.1387779E-16  -0.3859954E+00   0.1665947E+03
  0.1470833333333E+02   0.2752496E+01  -0.3060703E-15   0.2001174E+02  -0.2766334E-01  -0.2567391E-15  -0.3871224E+00   0.1665970E+03
  0.1475000000000E+02   0.2752496E+01   0.2211772E-16   0.2000598E+02  -0.2766334E-01  -0.1734723E-16  -0.3900634E+00   0.1665994E+03
  0.1479166666667E+02   0.2752496E+01  -0.2275740E-15   0.2000103E+02  -0.2766334E-01  -0.2393918E-15  -0.3950191E+00   0.1666020E+03
  0.1483333333333E+02   0.2752496E+01   0.8694217E-15   0.1999705E+02  -0.2766334E-01   0.3989864E-16  -0.4019593E+00   0.1666046E+03
  0.1487500000000E+02   0.2752496E+01   0.9172350E-16   0.1999413E+02  -0.2766334E-01  -0.2636780E-15  -0.4106274E+00   0.1666070E+03
  0.1491666666667E+02   0.2752496E+01   0.7827940E-15   0.1999235E+02  -0.2766334E-01  -0.5724587E-16  -0.4205680E+00   0.1666093E+03
  0.1495833333333E+02   0.2752496E+01   0.2207436E-15   0.1999175E+02  -0.2766334E-01  -0.2463307E-15  -0.4311752E+00   0.1666113E+03
  0.1500000000000E+02   0.2752496E+01   0.3079134E-16   0.1999228E+02  -0.2766334E-01  -0.9194034E-16  -0.4417578E+00   0.1666130E+03
  0.1504166666667E+02   0.2752496E+01   0.3473784E-15   0.1999376E+02  -0.2766334E-01  -0.1821460E-15  -0.4516122E+00   0.1666144E+03
  0.1508333333333E+02   0.2752496E+01   0.6435824E-15   0.1999588E+02  -0.2766334E-01   0.2949030E-16  -0.4600941E+00   0.1666155E+03
  0.1512500000000E+02   0.2752496E+01   0.1175275E-15   0.1999819E+02  -0.2766334E-01  -0.1196959E-15  -0.4666767E+00   0.1666162E+03
  0.1516666666667E+02   0.2752496E+01   0.1217776E-14   0.2000014E+02  -0.2766334E-01   0.2428613E-16  -0.4709896E+00   0.1666167E+03
  0.1520833333333E+02   0.2752496E+01   0.1518750E-14   0.2000117E+02  -0.2766334E-01   0.2081668E-16  -0.4728359E+00   0.1666169E+03
  0.1525000000000E+02   0.2752496E+01   0.4059253E-15   0.2000081E+02  -0.2766334E-01   0.8673617E-16  -0.4721893E+00   0.1666169E+03
  0.1529166666667E+02   0.2752496E+01   0.1240327E-14   0.1999875E+02  -0.2766334E-01   0.1023487E-15  -0.4691764E+00   0.1666167E+03
  0.1533333333333E+02   0.2752496E+01  -0.4510281E-15   0.1999486E+02  -0.2766334E-01  -0.1509209E-15  -0.4640467E+00   0.1666164E+03
  0.1537500000000E+02   0.2752496E+01  -0.1416402E-14   0.1998926E+02  -0.2766334E-01  -0.2723516E-15  -0.4571367E+00   0.1666160E+03
  0.1541666666667E+02   0.2752496E+01   0.8413409E-15   0.1998218E+02  -0.2766334E-01  -0.3989864E-16  -0.4488302E+00   0.1666156E+03
  0.1545833333333E+02   0.2752496E+01   0.6574602E-15   0.1997396E+02  -0.2766334E-01  -0.7459311E-16  -0.4395200E+00   0.1666152E+03
  0.1550000000000E+02   0.2752496E+01   0.2992398E-15   0.1996498E+02  -0.2766334E-01  -0.1075529E-15  -0.4295798E+00   0.1666150E+03
  0.1554166666667E+02   0.2752496E+01   0.4952636E-15   0.1995556E+02  -0.2766334E-01  -0.5898060E-16  -0.4193469E+00   0.1666149E+03
  0.1558333333333E+02   0.2752496E+01  -0.1309716E-15   0.1994599E+02  -0.2766334E-01  -0.1162265E-15  -0.4091203E+00   0.1666150E+03
  0.1562500000000E+02   0.2752496E+01   0.1071192E-14   0.1993651E+02  -0.2766334E-01   0.2428613E-16  -0.3991673E+00   0.1666152E+03
  0.1566666666667E+02   0.2752496E+01   0.3382711E-16   0.1992733E+02  -0.2766334E-01  -0.1249001E-15  -0.3897342E+00   0.1666154E+03
  0.1570833333333E+02   0.2752496E+01  -0.1023487E-15   0.1991864E+02  -0.2766334E-01  -0.6938894E-16  -0.3810514E+00   0.1666157E+03
  0.1575000000000E+02   0.2752496E+01   0.8248610E-15   0.1991066E+02  -0.2766334E-01  -0.5724587E-16  -0.3733315E+00   0.1666158E+03
  0.1579166666667E+02   0.2752496E+01   0.4406198E-15   0.1990357E+02  -0.2766334E-01  -0.8326673E-16  -0.3667605E+00   0.1666158E+03
  0.1583333333333E+02   0.2752496E+01   0.8586881E-16   0.1989753E+02  -0.2766334E-01  -0.9714451E-16  -0.3614846E+00   0.1666154E+03
  0.1587500000000E+02   0.2752496E+01   0.1660130E-14   0.1989262E+02  -0.2766334E-01   0.5724587E-16  -0.3575971E+00   0.1666148E+03
  0.1591666666667E+02   0.2752496E+01   0.5533768E-15   0.1988884E+02  -0.2766334E-01  -0.6591949E-16  -0.3551301E+00   0.1666139E+03
  0.1595833333333E+02   0.2752496E+01   0.6071532E-16   0.1988614E+02  -0.2766334E-01  -0.5030698E-16  -0.3540522E+00   0.1666128E+03
  0.1600000000000E+02   0.2752496E+01   0.4128642E-15   0.1988437E+02  -0.2766334E-01  -0.1214306E-16  -0.3542735E+00   0.1666114E+03
  0.1604166666667E+02   0.2752496E+01   0.1474515E-15   0.1988338E+02  -0.2766334E-01  -0.6245005E-16  -0.3556559E+00   0.1666098E+03
  0.1608333333333E+02   0.2752496E+01  -0.1778092E-15   0.1988299E+02  -0.2766334E-01  -0.2289835E-15  -0.3580284E+00   0.1666081E+03
  0.1612500000000E+02   0.2752496E+01   0.3894454E-15   0.1988304E+02  -0.2766334E-01   0.8847090E-16  -0.3612025E+00   0.1666063E+03
  0.1616666666667E+02   0.2752496E+01  -0.2168404E-16   0.1988341E+02  -0.2766334E-01  -0.1196959E-15  -0.3649879E+00   0.1666044E+03
  0.1620833333333E+02   0.2752496E+01   0.3903128E-16   0.1988399E+02  -0.2766334E-01  -0.2827599E-15  -0.3692054E+00   0.1666025E+03
  0.1625000000000E+02   0.2752496E+01   0.1387779E-15   0.1988474E+02  -0.2766334E-01  -0.3642919E-16  -0.3736970E+00   0.1666007E+03
  0.1629166666667E+02   0.2752496E+01  -0.1752071E-15   0.1988562E+02  -0.2766334E-01  -0.5030698E-16  -0.3783331E+00   0.1665990E+03
  0.1633333333333E+02   0.2752496E+01   0.6470519E-15   0.1988661E+02  -0.2766334E-01  -0.1387779E-16  -0.3830162E+00   0.1665975E+03
  0.1637500000000E+02   0.2752496E+01   0.8187895E-15   0.1988770E+02  -0.2766334E-01   0.5204170E-16  -0.3876796E+00   0.1665961E+03
  0.1641666666667E+02   0.2752496E+01   0.8066464E-16   0.1988888E+02  -0.2766334E-01  -0.1561251E-16  -0.3922831E+00   0.1665949E+03
  0.1645833333333E+02   0.2752496E+01   0.8578208E-15   0.1989015E+02  -0.2766334E-01   0.2081668E-16  -0.3968055E+00   0.1665939E+03
  0.1650000000000E+02   0.2752496E+01   0.7650131E-15   0.1989151E+02  -0.2766334E-01  -0.2654127E-15  -0.4012366E+00   0.1665931E+03
  0.1654166666667E+02   0.2752496E+01  -0.1647987E-15   0.1989294E+02  -0.2766334E-01  -0.2081668E-15  -0.4055706E+00   0.1665924E+03
  0.1658333333333E+02   0.2752496E+01   0.1390815E-14   0.1989445E+02  -0.2766334E-01   0.2038300E-15  -0.4098014E+00   0.1665917E+03
  0.1662500000000E+02   0.2752496E+01  -0.2064321E-15   0.1989604E+02  -0.2766334E-01  -0.1275022E-15  -0.4139203E+00   0.1665911E+03
  0.1666666666667E+02   0.2752496E+01   0.8890458E-15   0.1989771E+02  -0.2766334E-01   0.2393918E-15  -0.4179158E+00   0.1665905E+03
  0.1670833333333E+02   0.2752496E+01  -0.8370041E-15   0.1989945E+02  -0.2766334E-01  -0.1838807E-15  -0.4217738E+00   0.1665900E+03
  0.1675000000000E+02   0.2752496E+01   0.1109789E-14   0.1990122E+02  -0.2766334E-01   0.2081668E-16  -0.4254790E+00   0.1665895E+03
  0.1679166666667E+02   0.2752496E+01   0.4245736E-15   0.1990299E+02  -0.2766334E-01  -0.1153591E-15  -0.4290166E+00   0.1665891E+03
  0.1683333333333E+02   0.2752496E+01   0.1179612E-15   0.1990472E+02  -0.2766334E-01  -0.1873501E-15  -0.4323731E+00   0.1665889E+03
  0.1687500000000E+02   0.2752496E+01   0.5451369E-15   0.1990638E+02  -0.2766334E-01  -0.9020562E-16  -0.4355357E+00   0.1665889E+03
  0.1691666666667E+02   0.2752496E+01   0.9831545E-15   0.1990796E+02  -0.2766334E-01  -0.1821460E-16  -0.4384908E+00   0.1665891E+03
  0.1695833333333E+02   0.2752496E+01   0.2081668E-16   0.1990949E+02  -0.2766334E-01  -0.1535230E-15  -0.4412220E+00   0.1665894E+03
  0.1700000000000E+02   0.2752496E+01   0.5893723E-15   0.1991101E+02  -0.2766334E-01   0.9714451E-16  -0.4437091E+00   0.1665898E+03
  0.1704166666667E+02   0.2752496E+01  -0.7125377E-15   0.1991257E+02  -0.2766334E-01  -0.1769418E-15  -0.4459289E+00   0.1665902E+03
  0.1708333333333E+02   0.2752496E+01   0.3894454E-15   0.1991421E+02  -0.2766334E-01  -0.2602085E-17  -0.4478579E+00   0.1665905E+03
  0.1712500000000E+02   0.2752496E+01   0.4119968E-16   0.1991591E+02  -0.2766334E-01  -0.7025630E-16  -0.4494757E+00   0.1665907E+03
  0.1716666666667E+02   0.2752496E+01   0.9089951E-15   0.1991759E+02  -0.2766334E-01   0.8413409E-16  -0.4507684E+00   0.1665909E+03
  0.1720833333333E+02   0.2752496E+01  -0.1170938E-16   0.1991912E+02  -0.2766334E-01  -0.1552578E-15  -0.4517302E+00   0.1665910E+03
  0.1725000000000E+02   0.2752496E+01   0.3799044E-15   0.1992036E+02  -0.2766334E-01  -0.4770490E-16  -0.4523634E+00   0.1665912E+03
  0.1729166666667E+02   0.2752496E+01  -0.1084202E-16   0.1992112E+02  -0.2766334E-01   0.1483189E-15  -0.4526776E+00   0.1665916E+03
  0.1733333333333E+02   0.2752496E+01   0.8847090E-16   0.1992128E+02  -0.2766334E-01   0.7892992E-16  -0.4526879E+00   0.1665924E+03
  0.1737500000000E+02   0.2752496E+01   0.1133642E-14   0.1992074E+02  -0.2766334E-01   0.1006140E-15  -0.4524134E+00   0.1665934E+03
  0.1741666666667E+02   0.2752496E+01  -0.1604619E-16   0.1991948E+02  -0.2766334E-01  -0.6678685E-16  -0.4518738E+00   0.1665948E+03
  0.1745833333333E+02   0.2752496E+01   0.1154892E-14   0.1991755E+02  -0.2766334E-01   0.1318390E-15  -0.4510862E+00   0.1665964E+03
  0.1750000000000E+02   0.2752496E+01   0.4295609E-15   0.1991506E+02  -0.2766334E-01   0.1379105E-15  -0.4500604E+00   0.1665982E+03
  0.1754166666667E+02   0.2752496E+01   0.8920815E-15   0.1991219E+02  -0.2766334E-01  -0.9107298E-16  -0.4487954E+00   0.1665999E+03
  0.1758333333333E+02   0.2752496E+01  -0.7632783E-16   0.1990912E+02  -0.2766334E-01   0.7372575E-16  -0.4472786E+00   0.1666016E+03
  0.1762500000000E+02   0.2752496E+01   0.4093947E-15   0.1990606E+02  -0.2766334E-01  -0.5117434E-16  -0.4454894E+00   0.1666030E+03
  0.1766666666667E+02   0.2752496E+01   0.1042135E-14   0.1990318E+02  -0.2766334E-01   0.6158268E-16  -0.4434078E+00   0.1666041E+03
  0.1770833333333E+02   0.2752496E+01   0.4538470E-15   0.1990062E+02  -0.2766334E-01  -0.1908196E-16  -0.4410270E+00   0.1666050E+03
  0.1775000000000E+02   0.2752496E+01   0.7784572E-15   0.1989846E+02  -0.2766334E-01  -0.2081668E-16  -0.4383651E+00   0.1666055E+03
  0.1779166666667E+02   0.2752496E+01   0.3913970E-15   0.1989670E+02  -0.2766334E-01  -0.1968911E-15  -0.4354742E+00   0.1666059E+03
  0.1783333333333E+02   0.2752496E+01   0.1767250E-15   0.1989528E+02  -0.2766334E-01  -0.7979728E-16  -0.4324403E+00   0.1666061E+03
  0.1787500000000E+02   0.2752496E+01  -0.4844215E-15   0.1989408E+02  -0.2766334E-01  -0.1344411E-15  -0.4293757E+00   0.1666064E+03
  0.1791666666667E+02   0.2752496E+01  -0.9946471E-15   0.1989295E+02  -0.2766334E-01  -0.2914335E-15  -0.4264035E+00   0.1666068E+03
  0.1795833333333E+02   0.2752496E+01   0.3099734E-15   0.1989175E+02  -0.2766334E-01   0.3816392E-16  -0.4236395E+00   0.1666073E+03
  0.1800000000000E+02   0.2752496E+01  -0.7115619E-15   0.1989035E+02  -0.2766334E-01  -0.3287301E-15  -0.4211758E+00   0.1666079E+03
  0.1804166666667E+02   0.2752496E+01   0.1212355E-14   0.1988871E+02  -0.2766334E-01   0.2298509E-15  -0.4190690E+00   0.1666087E+03
  0.1808333333333E+02   0.2752496E+01   0.4198573E-15   0.1988683E+02  -0.2766334E-01   0.4597017E-16  -0.4173352E+00   0.1666095E+03
  0.1812500000000E+02   0.2752496E+01   0.7765327E-15   0.1988480E+02  -0.2766334E-01  -0.6158268E-16  -0.4159524E+00   0.1666103E+03
  0.1816666666667E+02   0.2752496E+01   0.2885875E-15   0.1988276E+02  -0.2766334E-01  -0.8847090E-16  -0.4148668E+00   0.1666110E+03
  0.1820833333333E+02   0.2752496E+01   0.7515147E-15   0.1988083E+02  -0.2766334E-01   0.1483189E-15  -0.4140022E+00   0.1666116E+03
  0.1825000000000E+02   0.2752496E+01   0.7574507E-15   0.1987915E+02  -0.2766334E-01   0.6245005E-16  -0.4132718E+00   0.1666121E+03
  0.1829166666667E+02   0.2752496E+01   0.1040834E-16   0.1987777E+02  -0.2766334E-01  -0.8326673E-16  -0.4125884E+00   0.1666125E+03
  0.1833333333333E+02   0.2752496E+01  -0.1838807E-15   0.1987670E+02  -0.2766334E-01   0.4336809E-16  -0.4118756E+00   0.1666128E+03
  0.1837500000000E+02   0.2752496E+01   0.1232901E-14   0.1987588E+02  -0.2766334E-01   0.1934217E-15  -0.4110768E+00   0.1666130E+03
  0.1841666666667E+02   0.2752496E+01   0.8170548E-15   0.1987519E+02  -0.2766334E-01   0.4510281E-16  -0.4101619E+00   0.1666132E+03
  0.1845833333333E+02   0.2752496E+01   0.6971149E-15   0.1987455E+02  -0.2766334E-01   0.8326673E-16  -0.4091313E+00   0.1666133E+03
  0.1850000000000E+02   0.2752496E+01  -0.4283412E-15   0.1987386E+02  -0.2766334E-01  -0.7719519E-16  -0.4080141E+00   0.1666134E+03
  0.1854166666667E+02   0.2752496E+01   0.5130716E-15   0.1987309E+02  -0.2766334E-01   0.1058181E-15  -0.4068622E+00   0.1666134E+03
  0.1858333333333E+02   0.2752496E+01  -0.1437110E-15   0.1987224E+02  -0.2766334E-01   0.5377643E-16  -0.4057400E+00   0.1666135E+03
  0.1862500000000E+02   0.2752496E+01   0.5413692E-15   0.1987138E+02  -0.2766334E-01   0.5898060E-16  -0.4047123E+00   0.1666137E+03
  0.1866666666667E+02   0.2752496E+01   0.8344833E-15   0.1987056E+02  -0.2766334E-01   0.8326673E-16  -0.4038323E+00   0.1666138E+03
  0.1870833333333E+02   0.2752496E+01   0.5146166E-15   0.1986985E+02  -0.2766334E-01  -0.8066464E-16  -0.4031337E+00   0.1666138E+03
  0.1875000000000E+02   0.2752496E+01   0.4467726E-15   0.1986928E+02  -0.2766334E-01  -0.2949030E-16  -0.4026257E+00   0.1666139E+03
  0.1879166666667E+02   0.2752496E+01   0.8562893E-15   0.1986882E+02  -0.2766334E-01   0.1075529E-15  -0.4022946E+00   0.1666139E+03
  0.1883333333333E+02   0.2752496E+01   0.9242824E-17   0.1986842E+02  -0.2766334E-01  -0.6938894E-16  -0.4021074E+00   0.1666139E+03
  0.1887500000000E+02   0.2752496E+01   0.1612859E-14   0.1986799E+02  -0.2766334E-01   0.7632783E-16  -0.4020186E+00   0.1666139E+03
  0.1891666666667E+02   0.2752496E+01   0.4501607E-15   0.1986745E+02  -0.2766334E-01   0.2341877E-15  -0.4019778E+00   0.1666138E+03
  0.1895833333333E+02   0.2752496E+01  -0.4353614E-15   0.1986677E+02  -0.2766334E-01  -0.1162265E-15  -0.4019365E+00   0.1666138E+03
  0.1900000000000E+02   0.2752496E+01   0.4499032E-15   0.1986592E+02  -0.2766334E-01  -0.5898060E-16  -0.4018544E+00   0.1666138E+03
  0.1904166666667E+02   0.2752496E+01   0.7765598E-16   0.1986496E+02  -0.2766334E-01   0.8673617E-16  -0.4017045E+00   0.1666138E+03
  0.1908333333333E+02   0.2752496E+01   0.2325885E-15   0.1986398E+02  -0.2766334E-01  -0.1647987E-15  -0.4014756E+00   0.1666139E+03
  0.1912500000000E+02   0.2752496E+01   0.4732000E-15   0.1986310E+02  -0.2766334E-01  -0.2081668E-16  -0.4011745E+00   0.1666138E+03
  0.1916666666667E+02   0.2752496E+01   0.9527969E-15   0.1986240E+02  -0.2766334E-01   0.4163336E-16  -0.4008237E+00   0.1666138E+03
  0.1920833333333E+02   0.2752496E+01  -0.2216651E-15   0.1986197E+02  -0.2766334E-01  -0.2489328E-15  -0.4004574E+00   0.1666136E+03
  0.1925000000000E+02   0.2752496E+01   0.3349914E-15   0.1986181E+02  -0.2766334E-01  -0.1309716E-15  -0.4001148E+00   0.1666133E+03
  0.1929166666667E+02   0.2752496E+01   0.6081832E-15   0.1986188E+02  -0.2766334E-01   0.1595946E-15  -0.3998317E+00   0.1666130E+03
  0.1933333333333E+02   0.2752496E+01   0.1092605E-15   0.1986210E+02  -0.2766334E-01  -0.1526557E-15  -0.3996333E+00   0.1666126E+03
  0.1937500000000E+02   0.2752496E+01   0.1015193E-14   0.1986236E+02  -0.2766334E-01   0.2055647E-15  -0.3995286E+00   0.1666122E+03
  0.1941666666667E+02   0.2752496E+01   0.1071110E-14   0.1986257E+02  -0.2766334E-01   0.7632783E-16  -0.3995091E+00   0.1666118E+03
  0.1945833333333E+02   0.2752496E+01   0.2330222E-15   0.1986263E+02  -0.2766334E-01   0.6938894E-16  -0.3995513E+00   0.1666115E+03
  0.1950000000000E+02   0.2752496E+01   0.6187677E-15   0.1986253E+02  -0.2766334E-01  -0.5117434E-16  -0.3996224E+00   0.1666112E+03
  0.1954166666667E+02   0.2752496E+01   0.2196594E-15   0.1986225E+02  -0.2766334E-01  -0.7546047E-16  -0.3996873E+00   0.1666110E+03
  0.1958333333333E+02   0.2752496E+01   0.3240138E-15   0.1986185E+02  -0.2766334E-01  -0.2931683E-15  -0.3997156E+00   0.1666108E+03
  0.1962500000000E+02   0.2752496E+01   0.1061027E-14   0.1986139E+02  -0.2766334E-01  -0.4336809E-16  -0.3996870E+00   0.1666107E+03
  0.1966666666667E+02   0.2752496E+01   0.3277001E-16   0.1986094E+02  -0.2766334E-01  -0.2428613E-16  -0.3995940E+00   0.1666105E+03
  0.1970833333333E+02   0.2752496E+01   0.4907641E-15   0.1986053E+02  -0.2766334E-01   0.1621966E-15  -0.3994420E+00   0.1666103E+03
  0.1975000000000E+02   0.2752496E+01   0.7516774E-15   0.1986021E+02  -0.2766334E-01  -0.7112366E-16  -0.3992467E+00   0.1666100E+03
  0.1979166666667E+02   0.2752496E+01   0.2968817E-15   0.1985995E+02  -0.2766334E-01   0.2688821E-16  -0.3990303E+00   0.1666097E+03
  0.1983333333333E+02   0.2752496E+01   0.4671827E-15   0.1985975E+02  -0.2766334E-01   0.9194034E-16  -0.3988164E+00   0.1666093E+03
  0.1987500000000E+02   0.2752496E+01   0.7846913E-17   0.1985956E+02  -0.2766334E-01   0.2341877E-16  -0.3986250E+00   0.1666090E+03
  0.1991666666667E+02   0.2752496E+01  -0.1636061E-15   0.1985936E+02  -0.2766334E-01  -0.2237793E-15  -0.3984693E+00   0.1666087E+03
  0.1995833333333E+02   0.2752496E+01   0.2477131E-15   0.1985914E+02  -0.2766334E-01  -0.1249001E-15  -0.3983536E+00   0.1666085E+03
  0.2000000000000E+02   0.2752496E+01   0.5137221E-15   0.1985889E+02  -0.2766334E-01   0.9887924E-16  -0.3982738E+00   0.1666084E+03
