 # Project=San-Ti                        
 # Author=Sophon                        
 # date =  9/22/2026 13:57:33
 # code = EQdyna
 # element_size =   500.00000000000000     
 # time_step =  0.0417  s
 # num_time_steps =   480
 # Time series in 11 columns in format E15.7
 # Column #1 = Time (s)
 # Column #2 = horizontal slip (m)
 # Column #3 = horizontal slip rate (m/s)
 # Column #4 = horizontal shear stress (MPa)
 # Column #5 = down-dip slip (m)
 # Column #6 = down-dip slip rate (m/s)
 # Column #7 = down-dip shear stress (MPa)
 # Column #8 = normal stress (MPa)
 # The line below lists the names of the data fields:
 t h-slip h-slip-rate h-shear-stress v-slip v-slip-rate v-shear-stress n-stress
  0.4166666666667E-01   0.0000000E+00   0.0000000E+00   0.6316913E+00  -0.0000000E+00  -0.0000000E+00   0.9289801E-01   0.3886811E+01
  0.8333333333333E-01   0.4159544E-18   0.9982907E-17   0.6313946E+00  -0.3794708E-18  -0.8673617E-17   0.8286649E-01   0.3862098E+01
  0.1250000000000E+00   0.2825847E-18  -0.3200938E-17   0.6310500E+00  -0.1084202E-18   0.1040834E-16   0.7188104E-01   0.3835461E+01
  0.1666666666667E+00   0.7191045E-18   0.1047568E-16   0.6308936E+00  -0.2168404E-18  -0.6938894E-17   0.6736156E-01   0.3825260E+01
  0.2083333333333E+00   0.5269604E-18  -0.4612094E-17   0.6310090E+00  -0.6505213E-18  -0.7806256E-17   0.7034715E-01   0.3833500E+01
  0.2500000000000E+00   0.1117369E-17   0.1417171E-16   0.6312859E+00  -0.1301043E-17  -0.1301043E-16   0.7593734E-01   0.3847376E+01
  0.2916666666667E+00   0.2646978E-20  -0.2675269E-16   0.6315449E+00  -0.1301043E-17  -0.6938894E-17   0.7854996E-01   0.3852940E+01
  0.3333333333333E+00  -0.9001843E-18  -0.2166710E-16   0.6317133E+00  -0.8673617E-18   0.1561251E-16   0.7669093E-01   0.3847057E+01
  0.3750000000000E+00  -0.2193815E-17  -0.3105562E-16   0.6318796E+00  -0.0000000E+00   0.2081668E-16   0.7322916E-01   0.3837619E+01
  0.4166666666667E+00  -0.2537711E-17  -0.8239937E-17   0.6321762E+00   0.4336809E-18   0.2428613E-16   0.7181070E-01   0.3834038E+01
  0.4583333333333E+00  -0.2447925E-17   0.2127747E-17   0.6326183E+00   0.4336809E-18   0.1040834E-16   0.7335456E-01   0.3838352E+01
  0.5000000000000E+00  -0.2771492E-17  -0.7779151E-17   0.6330699E+00  -0.0000000E+00  -0.1387779E-16   0.7577491E-01   0.3844825E+01
  0.5416666666667E+00  -0.2893465E-17  -0.2873136E-17   0.6333662E+00  -0.0000000E+00  -0.5204170E-17   0.7656189E-01   0.3846800E+01
  0.5833333333333E+00  -0.2879912E-17   0.3117081E-18   0.6334569E+00  -0.0000000E+00   0.1040834E-16   0.7528408E-01   0.3843148E+01
  0.6250000000000E+00  -0.2744387E-17   0.3203479E-17   0.6334301E+00  -0.0000000E+00  -0.3469447E-17   0.7366275E-01   0.3838364E+01
  0.6666666666667E+00  -0.3247524E-17  -0.1206683E-16   0.6334108E+00  -0.0000000E+00   0.9540979E-17   0.7355178E-01   0.3837322E+01
  0.7083333333333E+00  -0.4048817E-17  -0.1919038E-16   0.6334537E+00  -0.0000000E+00   0.1214306E-16   0.7508985E-01   0.3840509E+01
  0.7500000000000E+00  -0.3894657E-17   0.3682899E-17   0.6335252E+00   0.8673617E-18   0.2602085E-17   0.7677363E-01   0.3844217E+01
  0.7916666666667E+00  -0.2803679E-17   0.2617671E-16   0.6335637E+00  -0.0000000E+00  -0.1387779E-16   0.7710008E-01   0.3844721E+01
  0.8333333333333E+00  -0.2419126E-17   0.9246212E-17   0.6335328E+00  -0.8673617E-18  -0.1040834E-16   0.7597861E-01   0.3841869E+01
  0.8750000000000E+00  -0.1344241E-17   0.2579046E-16   0.6334198E+00  -0.8673617E-18  -0.1734723E-17   0.7460001E-01   0.3838711E+01
  0.9166666666667E+00  -0.1624609E-17  -0.6708501E-17   0.6332069E+00  -0.8673617E-18  -0.1734723E-17   0.7411838E-01   0.3838120E+01
  0.9583333333333E+00  -0.2178569E-17  -0.1333569E-16   0.6328722E+00  -0.2602085E-17   0.2602085E-17   0.7458442E-01   0.3840080E+01
  0.1000000000000E+01  -0.2273436E-17  -0.2317482E-17   0.6324310E+00  -0.8673617E-18   0.1647987E-16   0.7511156E-01   0.3842157E+01
  0.1041666666667E+01  -0.3153504E-17  -0.2106740E-16   0.6319711E+00  -0.8673617E-18   0.6071532E-17   0.7492223E-01   0.3842232E+01
  0.1083333333333E+01  -0.3339004E-17  -0.4458781E-17   0.6316314E+00  -0.0000000E+00  -0.8673617E-17   0.7412276E-01   0.3840513E+01
  0.1125000000000E+01  -0.3259383E-17   0.1944788E-17   0.6315251E+00  -0.0000000E+00  -0.6938894E-17   0.7348658E-01   0.3838988E+01
  0.1166666666667E+01  -0.2862124E-17   0.9540979E-17   0.6316625E+00   0.1734723E-17   0.3469447E-17   0.7359678E-01   0.3839195E+01
  0.1208333333333E+01  -0.3427519E-17  -0.1356608E-16   0.6319389E+00   0.3469447E-17   0.6938894E-17   0.7427939E-01   0.3840753E+01
  0.1250000000000E+01  -0.4200013E-17  -0.1850598E-16   0.6321996E+00   0.1734723E-17   0.1387779E-16   0.7485101E-01   0.3841974E+01
  0.1291666666667E+01  -0.4403724E-17  -0.4900933E-17   0.6323345E+00   0.3469447E-17   0.7806256E-17   0.7483744E-01   0.3841699E+01
  0.1333333333333E+01  -0.3898681E-17   0.1212274E-16   0.6323332E+00   0.3469447E-17   0.1734723E-17   0.7440137E-01   0.3840381E+01
  0.1375000000000E+01  -0.3248160E-17   0.1560743E-16   0.6322671E+00   0.3469447E-17   0.6071532E-17   0.7409829E-01   0.3839459E+01
  0.1416666666667E+01  -0.3699628E-17  -0.1083355E-16   0.6322211E+00   0.5204170E-17  -0.3469447E-17   0.7428432E-01   0.3839840E+01
  0.1458333333333E+01  -0.3649865E-17   0.1206175E-17   0.6322344E+00   0.5204170E-17  -0.1301043E-16   0.7479770E-01   0.3841096E+01
  0.1500000000000E+01  -0.4302927E-17  -0.1570738E-16   0.6322869E+00   0.5204170E-17   0.1040834E-16   0.7518729E-01   0.3842061E+01
  0.1541666666667E+01  -0.4172484E-17   0.3117081E-17   0.6323306E+00   0.6938894E-17  -0.8673617E-18   0.7519042E-01   0.3842064E+01
  0.1583333333333E+01  -0.3327145E-17   0.2024748E-16   0.6323295E+00   0.5204170E-17  -0.0000000E+00   0.7495718E-01   0.3841498E+01
  0.1625000000000E+01  -0.3974279E-17  -0.1550409E-16   0.6322775E+00   0.5204170E-17   0.9540979E-17   0.7483350E-01   0.3841261E+01
  0.1666666666667E+01  -0.4756937E-17  -0.1878380E-16   0.6321914E+00   0.6938894E-17   0.8673617E-17   0.7497643E-01   0.3841762E+01
  0.1708333333333E+01  -0.4621412E-17   0.2981556E-17   0.6320936E+00   0.6938894E-17   0.4336809E-17   0.7520831E-01   0.3842542E+01
  0.1750000000000E+01  -0.4926344E-17  -0.7084584E-17   0.6320034E+00   0.8673617E-17   0.2602085E-17   0.7523110E-01   0.3842811E+01
  0.1791666666667E+01  -0.4858581E-17   0.1694066E-17   0.6319398E+00   0.8673617E-17  -0.2602085E-17   0.7494972E-01   0.3842272E+01
  0.1833333333333E+01  -0.5759824E-17  -0.2171115E-16   0.6319257E+00   0.8673617E-17   0.6071532E-17   0.7457074E-01   0.3841385E+01
  0.1875000000000E+01  -0.6078308E-17  -0.7643625E-17   0.6319858E+00   0.1040834E-16   0.1474515E-16   0.7439866E-01   0.3840866E+01
  0.1916666666667E+01  -0.5983441E-17   0.2290377E-17   0.6321342E+00   0.1040834E-16   0.6938894E-17   0.7455415E-01   0.3840998E+01
  0.1958333333333E+01  -0.6481496E-17  -0.1193978E-16   0.6323630E+00   0.1214306E-16   0.1040834E-16   0.7488805E-01   0.3841448E+01
  0.2000000000000E+01  -0.7030373E-17  -0.1314595E-16   0.6326378E+00   0.1040834E-16  -0.1214306E-16   0.7514424E-01   0.3841683E+01
  0.2041666666667E+01  -0.8582138E-17  -0.3733721E-16   0.6329090E+00   0.1214306E-16   0.2081668E-16   0.7518321E-01   0.3841519E+01
  0.2083333333333E+01  -0.8610090E-17  -0.5963112E-18   0.6331324E+00   0.1040834E-16  -0.1474515E-16   0.7505143E-01   0.3841230E+01
  0.2125000000000E+01  -0.8123046E-17   0.1173649E-16   0.6332898E+00   0.1040834E-16   0.1734723E-16   0.7486529E-01   0.3841186E+01
  0.2166666666667E+01  -0.7951945E-17   0.4065758E-17   0.6333989E+00   0.1387779E-16  -0.7806256E-17   0.7466281E-01   0.3841454E+01
  0.2208333333333E+01  -0.8446613E-17  -0.1189912E-16   0.6335055E+00   0.1387779E-16   0.4336809E-17   0.7438107E-01   0.3841753E+01
  0.2250000000000E+01  -0.8704111E-17  -0.6261268E-17   0.6336627E+00   0.6938894E-17  -0.4336809E-17   0.7396342E-01   0.3841788E+01
  0.2291666666667E+01  -0.8056977E-17   0.1558541E-16   0.6339062E+00   0.1387779E-16   0.1821460E-16   0.7346386E-01   0.3841551E+01
  0.2333333333333E+01  -0.7521653E-17   0.1265806E-16   0.6342411E+00   0.1040834E-16   0.8673617E-17   0.7303205E-01   0.3841303E+01
  0.2375000000000E+01  -0.8226384E-17  -0.1675092E-16   0.6346492E+00   0.1387779E-16  -0.2602085E-17   0.7279746E-01   0.3841261E+01
  0.2416666666667E+01  -0.8097635E-17   0.3211949E-17   0.6351168E+00   0.1387779E-16  -0.4336809E-17   0.7277444E-01   0.3841356E+01
  0.2458333333333E+01  -0.8585526E-17  -0.1168228E-16   0.6356683E+00   0.1387779E-16   0.9540979E-17   0.7288043E-01   0.3841296E+01
  0.2500000000000E+01  -0.9361408E-17  -0.1870249E-16   0.6363825E+00   0.1734723E-16   0.6938894E-17   0.7303781E-01   0.3840866E+01
  0.2541666666667E+01  -0.9649399E-17  -0.6884684E-17   0.6373734E+00   0.1734723E-16   0.2602085E-16   0.7324813E-01   0.3840149E+01
  0.2583333333333E+01  -0.9358020E-17   0.7209944E-17   0.6387343E+00   0.2081668E-16  -0.6938894E-17   0.7356402E-01   0.3839466E+01
  0.2625000000000E+01  -0.9046312E-17   0.7752046E-17   0.6404693E+00   0.1387779E-16  -0.1040834E-16   0.7399307E-01   0.3839098E+01
  0.2666666666667E+01  -0.8714275E-17   0.8185726E-17   0.6424502E+00   0.1734723E-16  -0.7806256E-17   0.7443553E-01   0.3839083E+01
  0.2708333333333E+01  -0.8754933E-17  -0.1273938E-17   0.6444309E+00   0.1734723E-16   0.6938894E-17   0.7472023E-01   0.3839242E+01
  0.2750000000000E+01  -0.8998878E-17  -0.5936007E-17   0.6461221E+00   0.2081668E-16  -0.4336809E-17   0.7470516E-01   0.3839377E+01
  0.2791666666667E+01  -0.8680394E-17   0.7643625E-17   0.6473022E+00   0.1734723E-16   0.1301043E-16   0.7435238E-01   0.3839422E+01
  0.2833333333333E+01  -0.8809143E-17  -0.3469447E-17   0.6479145E+00   0.1734723E-16   0.8673617E-18   0.7372042E-01   0.3839419E+01
  0.2875000000000E+01  -0.8456777E-17   0.8727827E-17   0.6481125E+00   0.1734723E-16  -0.1387779E-16   0.7290000E-01   0.3839392E+01
  0.2916666666667E+01  -0.8402567E-17   0.9757820E-18   0.6482330E+00   0.2081668E-16   0.3469447E-17   0.7196455E-01   0.3839277E+01
  0.2958333333333E+01  -0.8524540E-17  -0.2493665E-17   0.6487106E+00   0.1734723E-16  -0.6071532E-17   0.7097577E-01   0.3838998E+01
  0.3000000000000E+01  -0.8904010E-17  -0.7372575E-17   0.6499647E+00   0.1734723E-16   0.1734723E-17   0.7001771E-01   0.3838597E+01
  0.3041666666667E+01  -0.1008308E-16  -0.2938188E-16   0.6522987E+00   0.2081668E-16   0.1214306E-16   0.6920239E-01   0.3838256E+01
  0.3083333333333E+01  -0.1062518E-16  -0.1311885E-16   0.6558373E+00   0.1734723E-16   0.3989864E-16   0.6862456E-01   0.3838185E+01
  0.3125000000000E+01  -0.1032703E-16   0.6938894E-17   0.6605131E+00   0.2081668E-16   0.1908196E-16   0.6830191E-01   0.3838460E+01
  0.3166666666667E+01  -0.1073360E-16  -0.9107298E-17   0.6660964E+00   0.2081668E-16   0.3469447E-17   0.6815771E-01   0.3838971E+01
  0.3208333333333E+01  -0.1132991E-16  -0.1301043E-16   0.6722534E+00   0.2428613E-16   0.1994932E-16   0.6806547E-01   0.3839525E+01
  0.3250000000000E+01  -0.1187201E-16  -0.1539567E-16   0.6786157E+00   0.2081668E-16  -0.0000000E+00   0.6791993E-01   0.3840010E+01
  0.3291666666667E+01  -0.1214306E-16  -0.5204170E-17   0.6848475E+00   0.2081668E-16  -0.6071532E-17   0.6767894E-01   0.3840482E+01
  0.3333333333333E+01  -0.1203464E-16   0.1517883E-17   0.6906993E+00   0.2081668E-16   0.1301043E-16   0.6735162E-01   0.3841127E+01
  0.3375000000000E+01  -0.1203464E-16   0.0000000E+00   0.6960400E+00   0.1734723E-16   0.8673617E-17   0.6695482E-01   0.3842146E+01
  0.3416666666667E+01  -0.1160096E-16   0.6071532E-17   0.7008660E+00   0.2428613E-16   0.3642919E-16   0.6647812E-01   0.3843669E+01
  0.3458333333333E+01  -0.1225148E-16  -0.1214306E-16   0.7052910E+00   0.1734723E-16  -0.0000000E+00   0.6587900E-01   0.3845742E+01
  0.3500000000000E+01  -0.1181780E-16   0.4336809E-17   0.7095264E+00   0.2428613E-16   0.6938894E-17   0.6509947E-01   0.3848352E+01
  0.3541666666667E+01  -0.1127570E-16   0.1127570E-16   0.7138625E+00   0.2081668E-16   0.2602085E-17   0.6408520E-01   0.3851453E+01
  0.3583333333333E+01  -0.1084202E-16   0.6071532E-17   0.7186535E+00   0.2081668E-16   0.8673617E-18   0.6279938E-01   0.3854953E+01
  0.3625000000000E+01  -0.1170938E-16  -0.1734723E-16   0.7243009E+00   0.2428613E-16   0.3382711E-16   0.6123561E-01   0.3858718E+01
  0.3666666666667E+01  -0.1192622E-16  -0.1040834E-16   0.7312233E+00   0.2428613E-16   0.2645453E-16   0.5943111E-01   0.3862594E+01
  0.3708333333333E+01  -0.1127570E-16   0.6938894E-17   0.7398007E+00   0.2428613E-16  -0.1994932E-16   0.5746939E-01   0.3866468E+01
  0.3750000000000E+01  -0.1170938E-16   0.1734723E-17   0.7502975E+00   0.2775558E-16   0.9107298E-17   0.5545965E-01   0.3870294E+01
  0.3791666666667E+01  -0.1127570E-16   0.0000000E+00   0.7627790E+00   0.2428613E-16  -0.1105886E-16   0.5349583E-01   0.3874086E+01
  0.3833333333333E+01  -0.1214306E-16  -0.1127570E-16   0.7770498E+00   0.2428613E-16   0.1170938E-16   0.5161749E-01   0.3877895E+01
  0.3875000000000E+01  -0.1170938E-16  -0.5204170E-17   0.7926437E+00   0.2428613E-16   0.1734723E-16   0.4979705E-01   0.3881799E+01
  0.3916666666667E+01  -0.1301043E-16  -0.2602085E-16   0.8088839E+00   0.2775558E-16   0.4770490E-17   0.4795883E-01   0.3885937E+01
  0.3958333333333E+01  -0.1257675E-16   0.6938894E-17   0.8250074E+00   0.2775558E-16  -0.9540979E-17   0.4601188E-01   0.3890550E+01
  0.4000000000000E+01  -0.1170938E-16  -0.5204170E-17   0.8403281E+00   0.2775558E-16   0.6071532E-17   0.4387147E-01   0.3895966E+01
  0.4041666666667E+01  -0.1257675E-16  -0.1734723E-16   0.8543906E+00   0.2775558E-16   0.7806256E-17   0.4145914E-01   0.3902527E+01
  0.4083333333333E+01  -0.1301043E-16   0.6938894E-17   0.8670699E+00   0.2775558E-16  -0.8673617E-17   0.3869337E-01   0.3910466E+01
  0.4125000000000E+01  -0.1214306E-16   0.3469447E-17   0.8785820E+00   0.3469447E-16  -0.1127570E-16   0.3549212E-01   0.3919820E+01
  0.4166666666667E+01  -0.1301043E-16  -0.1214306E-16   0.8894034E+00   0.3469447E-16   0.2602085E-17   0.3179675E-01   0.3930424E+01
  0.4208333333333E+01  -0.1214306E-16   0.2255141E-16   0.9001223E+00   0.3122502E-16   0.6938894E-17   0.2760568E-01   0.3942003E+01
  0.4250000000000E+01  -0.1214306E-16   0.6938894E-17   0.9112698E+00   0.3469447E-16   0.1040834E-16   0.2299226E-01   0.3954306E+01
  0.4291666666667E+01  -0.1301043E-16  -0.3295975E-16   0.9231804E+00   0.3469447E-16   0.1214306E-16   0.1808588E-01   0.3967235E+01
  0.4333333333333E+01  -0.1127570E-16  -0.3469447E-17   0.9359250E+00   0.3122502E-16   0.1214306E-16   0.1301351E-01   0.3980903E+01
  0.4375000000000E+01  -0.1214306E-16  -0.3469447E-17   0.9493330E+00   0.3816392E-16  -0.2428613E-16   0.7819827E-02   0.3995601E+01
  0.4416666666667E+01  -0.1214306E-16  -0.1387779E-16   0.9630937E+00   0.3469447E-16   0.1908196E-16   0.2397386E-02   0.4011686E+01
  0.4458333333333E+01  -0.1214306E-16   0.3469447E-17   0.9768968E+00   0.3816392E-16   0.1387779E-16  -0.3539801E-02   0.4029420E+01
  0.4500000000000E+01  -0.1387779E-16  -0.3469447E-17   0.9905596E+00   0.3816392E-16  -0.0000000E+00  -0.1041504E-01   0.4048842E+01
  0.4541666666667E+01  -0.1561251E-16  -0.2428613E-16   0.1004094E+01   0.3816392E-16   0.1561251E-16  -0.1867495E-01   0.4069743E+01
  0.4583333333333E+01  -0.1561251E-16  -0.6938894E-17   0.1017696E+01   0.3469447E-16  -0.1734723E-16  -0.2862518E-01   0.4091791E+01
  0.4625000000000E+01  -0.1561251E-16   0.0000000E+00   0.1031675E+01   0.3469447E-16  -0.0000000E+00  -0.4026646E-01   0.4114780E+01
  0.4666666666667E+01  -0.1387779E-16   0.1734723E-16   0.1046370E+01   0.4163336E-16  -0.1040834E-16  -0.5319744E-01   0.4138867E+01
  0.4708333333333E+01  -0.1387779E-16  -0.6938894E-17   0.1062092E+01   0.3469447E-16   0.1387779E-16  -0.6663757E-01   0.4164687E+01
  0.4750000000000E+01  -0.2081668E-16   0.1040834E-16   0.1079086E+01   0.3816392E-16  -0.2428613E-16  -0.7957967E-01   0.4193236E+01
  0.4791666666667E+01  -0.1734723E-16   0.0000000E+00   0.1097513E+01   0.3816392E-16   0.1734723E-16  -0.9102306E-01   0.4225584E+01
  0.4833333333333E+01  -0.1387779E-16  -0.4510281E-16   0.1117381E+01   0.3816392E-16   0.1734723E-16  -0.1001964E+00   0.4262539E+01
  0.4875000000000E+01  -0.1734723E-16  -0.1040834E-16   0.1138454E+01   0.3816392E-16   0.1734723E-16  -0.1066836E+00   0.4304441E+01
  0.4916666666667E+01  -0.1387779E-16   0.3469447E-16   0.1160168E+01   0.3642919E-16  -0.1734723E-16  -0.1104161E+00   0.4351163E+01
  0.4958333333333E+01  -0.2081668E-16  -0.4857226E-16   0.1181629E+01   0.3642919E-16   0.1734723E-16  -0.1115667E+00   0.4402249E+01
  0.5000000000000E+01  -0.2428613E-16   0.0000000E+00   0.1201769E+01   0.3816392E-16  -0.4163336E-16  -0.1104249E+00   0.4457088E+01
  0.5041666666667E+01  -0.1387779E-16  -0.1387779E-16   0.1219620E+01   0.3469447E-16   0.1387779E-16  -0.1073265E+00   0.4514963E+01
  0.5083333333333E+01  -0.2081668E-16   0.0000000E+00   0.1234625E+01   0.3295975E-16  -0.2081668E-16  -0.1026640E+00   0.4574970E+01
  0.5125000000000E+01  -0.2428613E-16   0.0000000E+00   0.1246838E+01   0.3382711E-16   0.2081668E-16  -0.9694872E-01   0.4635895E+01
  0.5166666666667E+01  -0.1734723E-16   0.6938894E-17   0.1256926E+01   0.3556183E-16  -0.1387779E-16  -0.9086306E-01   0.4696170E+01
  0.5208333333333E+01  -0.2081668E-16  -0.2775558E-16   0.1266002E+01   0.3729655E-16   0.2081668E-16  -0.8525604E-01   0.4753986E+01
  0.5250000000000E+01  -0.1387779E-16  -0.3469447E-16   0.1275406E+01   0.3816392E-16   0.2775558E-16  -0.8106795E-01   0.4807504E+01
  0.5291666666667E+01  -0.1387779E-16   0.2081668E-16   0.1286567E+01   0.3642919E-16  -0.1387779E-16  -0.7920761E-01   0.4855062E+01
  0.5333333333333E+01  -0.1387779E-16   0.0000000E+00   0.1301008E+01   0.3469447E-16  -0.3469447E-16  -0.8041993E-01   0.4895294E+01
  0.5375000000000E+01  -0.1387779E-16  -0.1387779E-16   0.1320392E+01   0.3295975E-16   0.6938894E-17  -0.8517714E-01   0.4927176E+01
  0.5416666666667E+01  -0.1387779E-16  -0.4163336E-16   0.1346445E+01   0.3295975E-16  -0.0000000E+00  -0.9362366E-01   0.4950080E+01
  0.5458333333333E+01  -0.1387779E-16  -0.6938894E-17   0.1380695E+01   0.2949030E-16  -0.1387779E-16  -0.1056174E+00   0.4963867E+01
  0.5500000000000E+01  -0.2081668E-16  -0.2081668E-16   0.1424136E+01   0.2949030E-16   0.2081668E-16  -0.1208514E+00   0.4968994E+01
  0.5541666666667E+01  -0.2081668E-16  -0.1387779E-16   0.1477015E+01   0.2775558E-16   0.1387779E-16  -0.1389513E+00   0.4966607E+01
  0.5583333333333E+01  -0.2081668E-16   0.2775558E-16   0.1538845E+01   0.3122502E-16   0.6938894E-17  -0.1594037E+00   0.4958893E+01
  0.5625000000000E+01  -0.1387779E-16   0.0000000E+00   0.1607778E+01   0.3469447E-16   0.2081668E-16  -0.1820572E+00   0.4949930E+01
  0.5666666666667E+01  -0.1387779E-16  -0.1387779E-16   0.1669529E+01   0.3295975E-16   0.2775558E-16  -0.2031509E+00   0.4927560E+01
  0.5708333333333E+01  -0.1387779E-16  -0.2775558E-16   0.1724975E+01   0.3469447E-16  -0.1734723E-16  -0.2237468E+00   0.4889477E+01
  0.5750000000000E+01  -0.1387779E-16   0.2775558E-16   0.1772430E+01   0.2775558E-16  -0.2081668E-16  -0.2519851E+00   0.4842873E+01
  0.5791666666667E+01  -0.1387779E-16   0.4163336E-16   0.1808659E+01   0.2775558E-16  -0.2081668E-16  -0.2919348E+00   0.4799453E+01
  0.5833333333333E+01  -0.1387779E-16   0.5551115E-16   0.1897896E+01   0.2081668E-16  -0.6245005E-16  -0.3656083E+00   0.4753711E+01
  0.5875000000000E+01  -0.1387779E-16  -0.1387779E-16   0.1991207E+01   0.2081668E-16  -0.0000000E+00  -0.4642190E+00   0.4692241E+01
  0.5916666666667E+01   0.5274624E-03   0.1265910E-01   0.1958953E+01  -0.1229697E-03  -0.2951272E-02  -0.5384065E+00   0.4622756E+01
  0.5958333333333E+01   0.2944807E-02   0.5801628E-01   0.1930393E+01  -0.7873624E-03  -0.1594543E-01  -0.6040104E+00   0.4585994E+01
  0.6000000000000E+01   0.7548870E-02   0.1104975E+00   0.1909466E+01  -0.2227951E-02  -0.3457412E-01  -0.6583551E+00   0.4594499E+01
  0.6041666666667E+01   0.1340630E-01   0.1405783E+00   0.1895543E+01  -0.4247504E-02  -0.4846928E-01  -0.6947671E+00   0.4621450E+01
  0.6083333333333E+01   0.1937987E-01   0.1433658E+00   0.1886511E+01  -0.6436978E-02  -0.5254738E-01  -0.7064663E+00   0.4629837E+01
  0.6125000000000E+01   0.2526230E-01   0.1411782E+00   0.1877799E+01  -0.8639847E-02  -0.5286885E-01  -0.7023203E+00   0.4608102E+01
  0.6166666666667E+01   0.3185377E-01   0.1581952E+00   0.1865393E+01  -0.1110514E-01  -0.5916698E-01  -0.6998891E+00   0.4573558E+01
  0.6208333333333E+01   0.4007720E-01   0.1973624E+00   0.1851357E+01  -0.1419054E-01  -0.7404972E-01  -0.7021733E+00   0.4548531E+01
  0.6250000000000E+01   0.5012791E-01   0.2412170E+00   0.1840276E+01  -0.1800252E-01  -0.9148754E-01  -0.6991652E+00   0.4538794E+01
  0.6291666666667E+01   0.6146619E-01   0.2721187E+00   0.1834516E+01  -0.2231021E-01  -0.1033845E+00  -0.6807046E+00   0.4533572E+01
  0.6333333333333E+01   0.7347860E-01   0.2882978E+00   0.1832230E+01  -0.2676746E-01  -0.1069741E+00  -0.6470239E+00   0.4521415E+01
  0.6375000000000E+01   0.8601539E-01   0.3008830E+00   0.1828644E+01  -0.3119464E-01  -0.1062522E+00  -0.6114728E+00   0.4503323E+01
  0.6416666666667E+01   0.9930250E-01   0.3188907E+00   0.1820995E+01  -0.3563766E-01  -0.1066325E+00  -0.5874411E+00   0.4489800E+01
  0.6458333333333E+01   0.1134507E+00   0.3395577E+00   0.1810580E+01  -0.4020179E-01  -0.1095391E+00  -0.5751405E+00   0.4487748E+01
  0.6500000000000E+01   0.1281592E+00   0.3530023E+00   0.1800138E+01  -0.4487400E-01  -0.1121331E+00  -0.5643048E+00   0.4491888E+01
  0.6541666666667E+01   0.1429025E+00   0.3538407E+00   0.1791428E+01  -0.4949573E-01  -0.1109215E+00  -0.5452598E+00   0.4491470E+01
  0.6583333333333E+01   0.1572977E+00   0.3454833E+00   0.1784425E+01  -0.5387720E-01  -0.1051553E+00  -0.5162848E+00   0.4481639E+01
  0.6625000000000E+01   0.1712723E+00   0.3353911E+00   0.1777570E+01  -0.5792045E-01  -0.9703816E-01  -0.4845564E+00   0.4466746E+01
  0.6666666666667E+01   0.1848932E+00   0.3269023E+00   0.1769798E+01  -0.6163345E-01  -0.8911187E-01  -0.4579703E+00   0.4454508E+01
  0.6708333333333E+01   0.1981086E+00   0.3171692E+00   0.1761544E+01  -0.6505319E-01  -0.8207381E-01  -0.4375130E+00   0.4448229E+01
  0.6750000000000E+01   0.2106936E+00   0.3020406E+00   0.1753567E+01  -0.6817892E-01  -0.7501756E-01  -0.4184197E+00   0.4442843E+01
  0.6791666666667E+01   0.2224154E+00   0.2813219E+00   0.1746491E+01  -0.7097585E-01  -0.6712638E-01  -0.3957436E+00   0.4432927E+01
  0.6833333333333E+01   0.2332156E+00   0.2592050E+00   0.1740671E+01  -0.7342311E-01  -0.5873416E-01  -0.3699969E+00   0.4422330E+01
  0.6875000000000E+01   0.2431976E+00   0.2395688E+00   0.1735701E+01  -0.7554489E-01  -0.5092273E-01  -0.3450202E+00   0.4415559E+01
  0.6916666666667E+01   0.2524878E+00   0.2229637E+00   0.1731194E+01  -0.7739158E-01  -0.4432041E-01  -0.3232541E+00   0.4414138E+01
  0.6958333333333E+01   0.2611616E+00   0.2081730E+00   0.1726913E+01  -0.7901119E-01  -0.3887074E-01  -0.3028299E+00   0.4413652E+01
  0.7000000000000E+01   0.2693109E+00   0.1955823E+00   0.1722664E+01  -0.8044024E-01  -0.3429714E-01  -0.2796164E+00   0.4407582E+01
  0.7041666666667E+01   0.2771445E+00   0.1880067E+00   0.1718217E+01  -0.8171176E-01  -0.3051655E-01  -0.2513125E+00   0.4393539E+01
  0.7083333333333E+01   0.2849820E+00   0.1880999E+00   0.1713335E+01  -0.8285810E-01  -0.2751215E-01  -0.2191597E+00   0.4374920E+01
  0.7125000000000E+01   0.2931252E+00   0.1954370E+00   0.1712474E+01  -0.8389973E-01  -0.2499915E-01  -0.1866344E+00   0.4355118E+01
  0.7166666666667E+01   0.3017326E+00   0.2065764E+00   0.1712904E+01  -0.8483780E-01  -0.2251377E-01  -0.1555237E+00   0.4332919E+01
  0.7208333333333E+01   0.3108725E+00   0.2193581E+00   0.1711964E+01  -0.8566767E-01  -0.1991669E-01  -0.1264569E+00   0.4305236E+01
  0.7250000000000E+01   0.3206333E+00   0.2342582E+00   0.1709694E+01  -0.8638866E-01  -0.1730385E-01  -0.9969196E-01   0.4271652E+01
  0.7291666666667E+01   0.3311473E+00   0.2523363E+00   0.1706580E+01  -0.8700173E-01  -0.1471369E-01  -0.7497193E-01   0.4235217E+01
  0.7333333333333E+01   0.3425356E+00   0.2733198E+00   0.1703038E+01  -0.8750203E-01  -0.1200724E-01  -0.5208984E-01   0.4198616E+01
  0.7375000000000E+01   0.3548631E+00   0.2958608E+00   0.1699081E+01  -0.8787909E-01  -0.9049325E-02  -0.3185747E-01   0.4161500E+01
  0.7416666666667E+01   0.3681804E+00   0.3196144E+00   0.1694849E+01  -0.8812878E-01  -0.5992712E-02  -0.1652571E-01   0.4124415E+01
  0.7458333333333E+01   0.3825832E+00   0.3456666E+00   0.1690114E+01  -0.8826922E-01  -0.3370439E-02  -0.6627082E-02   0.4084390E+01
  0.7500000000000E+01   0.3982225E+00   0.3753436E+00   0.1684720E+01  -0.8833054E-01  -0.1471754E-02  -0.2372767E-02   0.4039344E+01
  0.7541666666667E+01   0.4152340E+00   0.4082769E+00   0.1679616E+01  -0.8835450E-01  -0.5750189E-03  -0.6068161E-03   0.3996802E+01
  0.7583333333333E+01   0.4336438E+00   0.4418342E+00   0.1675291E+01  -0.8836115E-01  -0.1596270E-03   0.2176806E-02   0.3960773E+01
  0.7625000000000E+01   0.4533717E+00   0.4734713E+00   0.1671420E+01  -0.8833552E-01   0.6152095E-03   0.7521497E-02   0.3928642E+01
  0.7666666666667E+01   0.4743217E+00   0.5027999E+00   0.1667310E+01  -0.8824124E-01   0.2262632E-02   0.1492733E-01   0.3894810E+01
  0.7708333333333E+01   0.4964391E+00   0.5308161E+00   0.1662738E+01  -0.8804323E-01   0.4752366E-02   0.2350046E-01   0.3857535E+01
  0.7750000000000E+01   0.5196577E+00   0.5572480E+00   0.1657960E+01  -0.8771506E-01   0.7875914E-02   0.3294866E-01   0.3819057E+01
  0.7791666666667E+01   0.5437975E+00   0.5793534E+00   0.1653392E+01  -0.8723533E-01   0.1151350E-01   0.4374752E-01   0.3783088E+01
  0.7833333333333E+01   0.5685254E+00   0.5934696E+00   0.1649178E+01  -0.8658105E-01   0.1570277E-01   0.5636170E-01   0.3751176E+01
  0.7875000000000E+01   0.5934227E+00   0.5975352E+00   0.1645295E+01  -0.8573017E-01   0.2042114E-01   0.7050249E-01   0.3723377E+01
  0.7916666666667E+01   0.6180843E+00   0.5918798E+00   0.1641923E+01  -0.8467340E-01   0.2536262E-01   0.8523199E-01   0.3701118E+01
  0.7958333333333E+01   0.6421848E+00   0.5784108E+00   0.1639479E+01  -0.8342235E-01   0.3002521E-01   0.1001449E+00   0.3687788E+01
  0.8000000000000E+01   0.6654456E+00   0.5582603E+00   0.1638443E+01  -0.8200149E-01   0.3410042E-01   0.1153689E+00   0.3687497E+01
  0.8041666666667E+01   0.6876168E+00   0.5321087E+00   0.1638974E+01  -0.8044034E-01   0.3746777E-01   0.1310032E+00   0.3701676E+01
  0.8083333333333E+01   0.7084803E+00   0.5007243E+00   0.1640979E+01  -0.7877272E-01   0.4002289E-01   0.1464998E+00   0.3729212E+01
  0.8125000000000E+01   0.7278624E+00   0.4651701E+00   0.1644377E+01  -0.7704236E-01   0.4152847E-01   0.1604652E+00   0.3768228E+01
  0.8166666666667E+01   0.7456361E+00   0.4265690E+00   0.1649011E+01  -0.7530793E-01   0.4162641E-01   0.1712315E+00   0.3815648E+01
  0.8208333333333E+01   0.7617241E+00   0.3861118E+00   0.1654625E+01  -0.7363737E-01   0.4009341E-01   0.1772683E+00   0.3867446E+01
  0.8250000000000E+01   0.7761314E+00   0.3457756E+00   0.1660672E+01  -0.7209384E-01   0.3704469E-01   0.1778429E+00   0.3918065E+01
  0.8291666666667E+01   0.7889958E+00   0.3087448E+00   0.1666386E+01  -0.7071619E-01   0.3306377E-01   0.1733504E+00   0.3961486E+01
  0.8333333333333E+01   0.8006079E+00   0.2786909E+00   0.1670986E+01  -0.6950820E-01   0.2899160E-01   0.1649985E+00   0.3992606E+01
  0.8375000000000E+01   0.8113611E+00   0.2580769E+00   0.1674562E+01  -0.6844640E-01   0.2548334E-01   0.1526615E+00   0.4012551E+01
  0.8416666666667E+01   0.8216551E+00   0.2470561E+00   0.1677513E+01  -0.6750794E-01   0.2252287E-01   0.1348054E+00   0.4024341E+01
  0.8458333333333E+01   0.8318027E+00   0.2435416E+00   0.1680176E+01  -0.6669248E-01   0.1957106E-01   0.1099555E+00   0.4031416E+01
  0.8500000000000E+01   0.8419712E+00   0.2440451E+00   0.1682135E+01  -0.6602702E-01   0.1597101E-01   0.7864133E-01   0.4033102E+01
  0.8541666666667E+01   0.8522093E+00   0.2457123E+00   0.1682745E+01  -0.6554839E-01   0.1148727E-01   0.4397153E-01   0.4027658E+01
  0.8583333333333E+01   0.8625050E+00   0.2470987E+00   0.1681833E+01  -0.6527935E-01   0.6456898E-02   0.1042662E-01   0.4015547E+01
  0.8625000000000E+01   0.8728186E+00   0.2475262E+00   0.1679779E+01  -0.6521541E-01   0.1534553E-02  -0.1816737E-01   0.3998980E+01
  0.8666666666667E+01   0.8830933E+00   0.2465926E+00   0.1677104E+01  -0.6532654E-01  -0.2666981E-02  -0.4005375E-01   0.3979855E+01
  0.8708333333333E+01   0.8932762E+00   0.2443887E+00   0.1674108E+01  -0.6556973E-01  -0.5836656E-02  -0.5546751E-01   0.3958558E+01
  0.8750000000000E+01   0.9033502E+00   0.2417770E+00   0.1670856E+01  -0.6590351E-01  -0.8010694E-02  -0.6564240E-01   0.3934544E+01
  0.8791666666667E+01   0.9133493E+00   0.2399786E+00   0.1667358E+01  -0.6629634E-01  -0.9427965E-02  -0.7173151E-01   0.3907504E+01
  0.8833333333333E+01   0.9233339E+00   0.2396285E+00   0.1663666E+01  -0.6672588E-01  -0.1030907E-01  -0.7420495E-01   0.3877664E+01
  0.8875000000000E+01   0.9333431E+00   0.2402225E+00   0.1659825E+01  -0.6717233E-01  -0.1071471E-01  -0.7292488E-01   0.3845223E+01
  0.8916666666667E+01   0.9433658E+00   0.2405447E+00   0.1655844E+01  -0.6761268E-01  -0.1056840E-01  -0.6758696E-01   0.3810189E+01
  0.8958333333333E+01   0.9533503E+00   0.2396269E+00   0.1651755E+01  -0.6802022E-01  -0.9780907E-02  -0.5807110E-01   0.3773133E+01
  0.9000000000000E+01   0.9632367E+00   0.2372750E+00   0.1647713E+01  -0.6836780E-01  -0.8341927E-02  -0.4448606E-01   0.3735948E+01
  0.9041666666667E+01   0.9729759E+00   0.2337406E+00   0.1643989E+01  -0.6863074E-01  -0.6310685E-02  -0.2720326E-01   0.3701781E+01
  0.9083333333333E+01   0.9825163E+00   0.2289697E+00   0.1640751E+01  -0.6878861E-01  -0.3788787E-02  -0.7054451E-02   0.3673053E+01
  0.9125000000000E+01   0.9917814E+00   0.2223613E+00   0.1637853E+01  -0.6882845E-01  -0.9560480E-03   0.1436907E-01   0.3649303E+01
  0.9166666666667E+01   0.1000672E+01   0.2133805E+00   0.1635001E+01  -0.6875045E-01   0.1872011E-02   0.3466712E-01   0.3628069E+01
  0.9208333333333E+01   0.1009097E+01   0.2021956E+00   0.1632065E+01  -0.6857181E-01   0.4287178E-02   0.5149364E-01   0.3607306E+01
  0.9250000000000E+01   0.1017006E+01   0.1898070E+00   0.1629652E+01  -0.6832229E-01   0.5988645E-02   0.6306382E-01   0.3590600E+01
  0.9291666666667E+01   0.1024387E+01   0.1771620E+00   0.1628425E+01  -0.6803663E-01   0.6855765E-02   0.6914764E-01   0.3582439E+01
  0.9333333333333E+01   0.1031258E+01   0.1649011E+00   0.1628312E+01  -0.6774487E-01   0.7002177E-02   0.7143643E-01   0.3582315E+01
  0.9375000000000E+01   0.1037654E+01   0.1534952E+00   0.1629015E+01  -0.6746429E-01   0.6734059E-02   0.7136790E-01   0.3588150E+01
  0.9416666666667E+01   0.1043616E+01   0.1430799E+00   0.1630092E+01  -0.6720310E-01   0.6268394E-02   0.6936985E-01   0.3596394E+01
  0.9458333333333E+01   0.1049179E+01   0.1335095E+00   0.1631205E+01  -0.6696637E-01   0.5681602E-02   0.6580500E-01   0.3604435E+01
  0.9500000000000E+01   0.1054351E+01   0.1241319E+00   0.1632408E+01  -0.6675772E-01   0.5007647E-02   0.6110205E-01   0.3612928E+01
  0.9541666666667E+01   0.1059102E+01   0.1140252E+00   0.1633853E+01  -0.6657988E-01   0.4268032E-02   0.5589136E-01   0.3623403E+01
  0.9583333333333E+01   0.1063378E+01   0.1026271E+00   0.1635605E+01  -0.6643360E-01   0.3510701E-02   0.5106638E-01   0.3636679E+01
  0.9625000000000E+01   0.1067128E+01   0.8999787E-01   0.1637633E+01  -0.6631652E-01   0.2809888E-02   0.4769950E-01   0.3652732E+01
  0.9666666666667E+01   0.1070312E+01   0.7641291E-01   0.1639854E+01  -0.6622379E-01   0.2225686E-02   0.4673582E-01   0.3670997E+01
  0.9708333333333E+01   0.1072889E+01   0.6185121E-01   0.1642050E+01  -0.6615034E-01   0.1762759E-02   0.4901441E-01   0.3689841E+01
  0.9750000000000E+01   0.1074808E+01   0.4606831E-01   0.1643755E+01  -0.6609304E-01   0.1375118E-02   0.5577853E-01   0.3705846E+01
  0.9791666666667E+01   0.1076028E+01   0.2926663E-01   0.1644348E+01  -0.6605166E-01   0.9931222E-03   0.6875571E-01   0.3714875E+01
  0.9833333333333E+01   0.1076555E+01   0.1264491E-01   0.1629576E+01  -0.6602963E-01   0.5287260E-03   0.8836457E-01   0.3714513E+01
  0.9875000000000E+01   0.1076555E+01  -0.1387779E-16   0.1570137E+01  -0.6602963E-01   0.6938894E-17   0.1092477E+00   0.3703279E+01
  0.9916666666667E+01   0.1076555E+01  -0.1387779E-16   0.1564549E+01  -0.6602963E-01   0.1734723E-16   0.1346115E+00   0.3694978E+01
  0.9958333333333E+01   0.1076555E+01  -0.1387779E-16   0.1548375E+01  -0.6602963E-01   0.1387779E-16   0.1622105E+00   0.3689115E+01
  0.1000000000000E+02   0.1076555E+01   0.3469447E-16   0.1544782E+01  -0.6602963E-01  -0.0000000E+00   0.1939409E+00   0.3685158E+01
  0.1004166666667E+02   0.1076555E+01   0.1387779E-16   0.1569237E+01  -0.6602963E-01  -0.1387779E-16   0.2318005E+00   0.3681975E+01
  0.1008333333333E+02   0.1076555E+01   0.2775558E-16   0.1618109E+01  -0.6602963E-01   0.2081668E-16   0.2751908E+00   0.3677857E+01
  0.1012500000000E+02   0.1076617E+01   0.1498759E-02   0.1611570E+01  -0.6601901E-01   0.2548931E-03   0.3074223E+00   0.3671919E+01
  0.1016666666667E+02   0.1077259E+01   0.1541244E-01   0.1606479E+01  -0.6589651E-01   0.2940070E-02   0.3324498E+00   0.3670979E+01
  0.1020833333333E+02   0.1078704E+01   0.3467390E-01   0.1603101E+01  -0.6559753E-01   0.7175526E-02   0.3507299E+00   0.3675164E+01
  0.1025000000000E+02   0.1080751E+01   0.4913707E-01   0.1600888E+01  -0.6514960E-01   0.1075031E-01   0.3634116E+00   0.3680150E+01
  0.1029166666667E+02   0.1082994E+01   0.5382747E-01   0.1599582E+01  -0.6464047E-01   0.1221917E-01   0.3717458E+00   0.3685092E+01
  0.1033333333333E+02   0.1085103E+01   0.5060760E-01   0.1599956E+01  -0.6415041E-01   0.1176130E-01   0.3720269E+00   0.3688656E+01
  0.1037500000000E+02   0.1087012E+01   0.4582321E-01   0.1602331E+01  -0.6370646E-01   0.1065496E-01   0.3638941E+00   0.3692770E+01
  0.1041666666667E+02   0.1088849E+01   0.4408452E-01   0.1605947E+01  -0.6328930E-01   0.1001172E-01   0.3494353E+00   0.3696030E+01
  0.1045833333333E+02   0.1090852E+01   0.4807488E-01   0.1610192E+01  -0.6285345E-01   0.1046053E-01   0.3313334E+00   0.3699400E+01
  0.1050000000000E+02   0.1093130E+01   0.5467069E-01   0.1614539E+01  -0.6238471E-01   0.1124973E-01   0.3115148E+00   0.3702639E+01
  0.1054166666667E+02   0.1095477E+01   0.5633619E-01   0.1618438E+01  -0.6193180E-01   0.1086970E-01   0.2908693E+00   0.3703065E+01
  0.1058333333333E+02   0.1097447E+01   0.4726764E-01   0.1621149E+01  -0.6157784E-01   0.8495049E-02   0.2704581E+00   0.3696290E+01
  0.1062500000000E+02   0.1098656E+01   0.2900746E-01   0.1621956E+01  -0.6137620E-01   0.4839346E-02   0.2527977E+00   0.3679486E+01
  0.1066666666667E+02   0.1099069E+01   0.9918789E-02   0.1614607E+01  -0.6131179E-01   0.1545940E-02   0.2397056E+00   0.3653871E+01
  0.1070833333333E+02   0.1099069E+01   0.1387779E-16   0.1618274E+01  -0.6131179E-01   0.6938894E-17   0.2335996E+00   0.3625394E+01
  0.1075000000000E+02   0.1099078E+01   0.2261157E-03   0.1615579E+01  -0.6131043E-01   0.3264004E-04   0.2300655E+00   0.3598986E+01
  0.1079166666667E+02   0.1099395E+01   0.7614415E-02   0.1612906E+01  -0.6126525E-01   0.1084326E-02   0.2304819E+00   0.3577424E+01
  0.1083333333333E+02   0.1100019E+01   0.1495852E-01   0.1610097E+01  -0.6117618E-01   0.2137551E-02   0.2364203E+00   0.3561351E+01
  0.1087500000000E+02   0.1100760E+01   0.1778438E-01   0.1606585E+01  -0.6106738E-01   0.2611388E-02   0.2489102E+00   0.3547939E+01
  0.1091666666667E+02   0.1101501E+01   0.1779251E-01   0.1602288E+01  -0.6095252E-01   0.2756615E-02   0.2653752E+00   0.3534292E+01
  0.1095833333333E+02   0.1102344E+01   0.2021735E-01   0.1598013E+01  -0.6081300E-01   0.3348452E-02   0.2799006E+00   0.3519508E+01
  0.1100000000000E+02   0.1103524E+01   0.2834203E-01   0.1594896E+01  -0.6060615E-01   0.4964259E-02   0.2874508E+00   0.3504941E+01
  0.1104166666667E+02   0.1105202E+01   0.4025448E-01   0.1593516E+01  -0.6030386E-01   0.7255134E-02   0.2869145E+00   0.3492834E+01
  0.1108333333333E+02   0.1107311E+01   0.5061585E-01   0.1593497E+01  -0.5992413E-01   0.9113441E-02   0.2801851E+00   0.3482850E+01
  0.1112500000000E+02   0.1109627E+01   0.5560044E-01   0.1594161E+01  -0.5951679E-01   0.9776244E-02   0.2703242E+00   0.3474317E+01
  0.1116666666667E+02   0.1111932E+01   0.5530617E-01   0.1595003E+01  -0.5912602E-01   0.9378348E-02   0.2597342E+00   0.3466775E+01
  0.1120833333333E+02   0.1114117E+01   0.5243464E-01   0.1595956E+01  -0.5877025E-01   0.8538584E-02   0.2489802E+00   0.3460506E+01
  0.1125000000000E+02   0.1116164E+01   0.4913626E-01   0.1597272E+01  -0.5845085E-01   0.7665596E-02   0.2373048E+00   0.3456700E+01
  0.1129166666667E+02   0.1118045E+01   0.4515124E-01   0.1599078E+01  -0.5817135E-01   0.6708066E-02   0.2241099E+00   0.3455881E+01
  0.1133333333333E+02   0.1119665E+01   0.3887940E-01   0.1601294E+01  -0.5794431E-01   0.5448927E-02   0.2095264E+00   0.3457866E+01
  0.1137500000000E+02   0.1120904E+01   0.2972542E-01   0.1603559E+01  -0.5778224E-01   0.3889518E-02   0.1939315E+00   0.3460359E+01
  0.1141666666667E+02   0.1121703E+01   0.1918657E-01   0.1605624E+01  -0.5768556E-01   0.2320389E-02   0.1770332E+00   0.3461283E+01
  0.1145833333333E+02   0.1122106E+01   0.9663030E-02   0.1607463E+01  -0.5764117E-01   0.1065428E-02   0.1581911E+00   0.3460232E+01
  0.1150000000000E+02   0.1122207E+01   0.2420432E-02   0.1589200E+01  -0.5763124E-01   0.2381957E-03   0.1368175E+00   0.3457202E+01
  0.1154166666667E+02   0.1122207E+01   0.2602085E-16   0.1574386E+01  -0.5763124E-01  -0.6938894E-17   0.1181793E+00   0.3452515E+01
  0.1158333333333E+02   0.1122207E+01   0.2775558E-16   0.1562112E+01  -0.5763124E-01  -0.2081668E-16   0.1019708E+00   0.3445629E+01
  0.1162500000000E+02   0.1122207E+01   0.1387779E-16   0.1540943E+01  -0.5763124E-01  -0.0000000E+00   0.8930434E-01   0.3436937E+01
  0.1166666666667E+02   0.1122207E+01   0.4510281E-16   0.1512016E+01  -0.5763124E-01   0.6938894E-17   0.8092150E-01   0.3431606E+01
  0.1170833333333E+02   0.1122207E+01  -0.6938894E-17   0.1477833E+01  -0.5763124E-01  -0.6938894E-17   0.7629285E-01   0.3430444E+01
  0.1175000000000E+02   0.1122207E+01   0.1040834E-16   0.1440919E+01  -0.5763124E-01   0.2081668E-16   0.7395492E-01   0.3433015E+01
  0.1179166666667E+02   0.1122207E+01   0.0000000E+00   0.1403393E+01  -0.5763124E-01  -0.6938894E-17   0.7276250E-01   0.3438252E+01
  0.1183333333333E+02   0.1122207E+01   0.1387779E-16   0.1366729E+01  -0.5763124E-01   0.3469447E-17   0.7236771E-01   0.3444930E+01
  0.1187500000000E+02   0.1122207E+01   0.1387779E-16   0.1331774E+01  -0.5763124E-01  -0.3469447E-17   0.7287676E-01   0.3451906E+01
  0.1191666666667E+02   0.1122207E+01   0.0000000E+00   0.1298898E+01  -0.5763124E-01  -0.1734723E-16   0.7431577E-01   0.3458321E+01
  0.1195833333333E+02   0.1122207E+01   0.3469447E-16   0.1268132E+01  -0.5763124E-01  -0.2081668E-16   0.7645208E-01   0.3463790E+01
  0.1200000000000E+02   0.1122207E+01  -0.4857226E-16   0.1239252E+01  -0.5763124E-01  -0.3469447E-17   0.7897215E-01   0.3468485E+01
  0.1204166666667E+02   0.1122207E+01   0.2081668E-16   0.1211891E+01  -0.5763124E-01  -0.1734723E-16   0.8168092E-01   0.3472990E+01
  0.1208333333333E+02   0.1122207E+01   0.3469447E-17   0.1185730E+01  -0.5763124E-01   0.1387779E-16   0.8451346E-01   0.3477945E+01
  0.1212500000000E+02   0.1122207E+01   0.3469447E-16   0.1160712E+01  -0.5763124E-01  -0.0000000E+00   0.8744207E-01   0.3483667E+01
  0.1216666666667E+02   0.1122207E+01   0.2081668E-16   0.1137172E+01  -0.5763124E-01   0.3469447E-17   0.9044984E-01   0.3489928E+01
  0.1220833333333E+02   0.1122207E+01   0.1387779E-16   0.1115762E+01  -0.5763124E-01   0.2428613E-16   0.9359352E-01   0.3496019E+01
  0.1225000000000E+02   0.1122207E+01  -0.2255141E-16   0.1097213E+01  -0.5763124E-01  -0.1387779E-16   0.9703637E-01   0.3501026E+01
  0.1229166666667E+02   0.1122207E+01  -0.8673617E-17   0.1082065E+01  -0.5763124E-01   0.1387779E-16   0.1009675E+00   0.3504154E+01
  0.1233333333333E+02   0.1122207E+01   0.4336809E-16   0.1070477E+01  -0.5763124E-01   0.6938894E-17   0.1054605E+00   0.3504962E+01
  0.1237500000000E+02   0.1122207E+01   0.8673617E-17   0.1062176E+01  -0.5763124E-01  -0.6938894E-17   0.1103862E+00   0.3503454E+01
  0.1241666666667E+02   0.1122207E+01  -0.8673617E-17   0.1056520E+01  -0.5763124E-01   0.1387779E-16   0.1154280E+00   0.3500038E+01
  0.1245833333333E+02   0.1122207E+01   0.6938894E-17   0.1052617E+01  -0.5763124E-01   0.1387779E-16   0.1201575E+00   0.3495363E+01
  0.1250000000000E+02   0.1122207E+01  -0.2775558E-16   0.1049484E+01  -0.5763124E-01  -0.0000000E+00   0.1241101E+00   0.3490066E+01
  0.1254166666667E+02   0.1122207E+01   0.1561251E-16   0.1046214E+01  -0.5763124E-01   0.3469447E-17   0.1268464E+00   0.3484534E+01
  0.1258333333333E+02   0.1122207E+01   0.2602085E-17   0.1042084E+01  -0.5763124E-01   0.1734723E-16   0.1280188E+00   0.3478815E+01
  0.1262500000000E+02   0.1122207E+01   0.4597017E-16   0.1036575E+01  -0.5763124E-01  -0.0000000E+00   0.1274469E+00   0.3472743E+01
  0.1266666666667E+02   0.1122207E+01  -0.2255141E-16   0.1029307E+01  -0.5763124E-01   0.1040834E-16   0.1251797E+00   0.3466173E+01
  0.1270833333333E+02   0.1122207E+01   0.1040834E-16   0.1019991E+01  -0.5763124E-01   0.6938894E-17   0.1215208E+00   0.3459166E+01
  0.1275000000000E+02   0.1122207E+01   0.8673617E-17   0.1008446E+01  -0.5763124E-01   0.3469447E-17   0.1170119E+00   0.3452013E+01
  0.1279166666667E+02   0.1122207E+01  -0.1691355E-16   0.9947168E+00  -0.5763124E-01   0.1734723E-16   0.1123729E+00   0.3445136E+01
  0.1283333333333E+02   0.1122207E+01   0.1951564E-16   0.9792053E+00  -0.5763124E-01   0.1734723E-16   0.1083962E+00   0.3438957E+01
  0.1287500000000E+02   0.1122207E+01   0.7806256E-17   0.9627338E+00  -0.5763124E-01  -0.6938894E-17   0.1057994E+00   0.3433810E+01
  0.1291666666667E+02   0.1122207E+01  -0.2862294E-16   0.9464937E+00  -0.5763124E-01   0.2428613E-16   0.1050698E+00   0.3429893E+01
  0.1295833333333E+02   0.1122207E+01  -0.9107298E-17   0.9318979E+00  -0.5763124E-01  -0.1040834E-16   0.1063532E+00   0.3427234E+01
  0.1300000000000E+02   0.1122207E+01   0.5204170E-17   0.9203899E+00  -0.5763124E-01   0.6938894E-17   0.1094258E+00   0.3425648E+01
  0.1304166666667E+02   0.1122207E+01   0.2255141E-16   0.9132488E+00  -0.5763124E-01   0.6938894E-17   0.1137562E+00   0.3424715E+01
  0.1308333333333E+02   0.1122207E+01   0.3469447E-17   0.9114085E+00  -0.5763124E-01  -0.3469447E-17   0.1186355E+00   0.3423815E+01
  0.1312500000000E+02   0.1122207E+01   0.1604619E-16   0.9153129E+00  -0.5763124E-01   0.2081668E-16   0.1233458E+00   0.3422270E+01
  0.1316666666667E+02   0.1122207E+01   0.1040834E-16   0.9248413E+00  -0.5763124E-01  -0.1214306E-16   0.1273290E+00   0.3419565E+01
  0.1320833333333E+02   0.1122207E+01  -0.6938894E-17   0.9393351E+00  -0.5763124E-01   0.1040834E-16   0.1303098E+00   0.3415560E+01
  0.1325000000000E+02   0.1122207E+01   0.1214306E-16   0.9577253E+00  -0.5763124E-01   0.8673617E-17   0.1323305E+00   0.3410575E+01
  0.1329166666667E+02   0.1122207E+01   0.2255141E-16   0.9787055E+00  -0.5763124E-01  -0.1908196E-16   0.1336797E+00   0.3405275E+01
  0.1333333333333E+02   0.1122207E+01  -0.1908196E-16   0.1000881E+01  -0.5763124E-01  -0.1647987E-16   0.1347444E+00   0.3400414E+01
  0.1337500000000E+02   0.1122207E+01   0.1908196E-16   0.1022851E+01  -0.5763124E-01   0.9107298E-17   0.1358424E+00   0.3396559E+01
  0.1341666666667E+02   0.1122207E+01   0.2255141E-16   0.1043229E+01  -0.5763124E-01   0.5637851E-17   0.1370970E+00   0.3393940E+01
  0.1345833333333E+02   0.1122207E+01   0.0000000E+00   0.1060665E+01  -0.5763124E-01   0.1387779E-16   0.1383848E+00   0.3392483E+01
  0.1350000000000E+02   0.1122207E+01  -0.1387779E-16   0.1073898E+01  -0.5763124E-01   0.1301043E-16   0.1393638E+00   0.3391980E+01
  0.1354166666667E+02   0.1122207E+01   0.1214306E-16   0.1081875E+01  -0.5763124E-01   0.2602085E-17   0.1395644E+00   0.3392307E+01
  0.1358333333333E+02   0.1122207E+01  -0.1040834E-16   0.1083906E+01  -0.5763124E-01   0.6938894E-17   0.1385168E+00   0.3393568E+01
  0.1362500000000E+02   0.1122207E+01   0.3122502E-16   0.1079812E+01  -0.5763124E-01  -0.7806256E-17   0.1358786E+00   0.3396098E+01
  0.1366666666667E+02   0.1122207E+01   0.1734723E-16   0.1069998E+01  -0.5763124E-01   0.1734723E-17   0.1315269E+00   0.3400329E+01
  0.1370833333333E+02   0.1122207E+01  -0.2081668E-16   0.1055421E+01  -0.5763124E-01   0.3469447E-17   0.1255941E+00   0.3406568E+01
  0.1375000000000E+02   0.1122207E+01   0.1214306E-16   0.1037436E+01  -0.5763124E-01   0.2602085E-17   0.1184450E+00   0.3414810E+01
  0.1379166666667E+02   0.1122207E+01  -0.8673617E-17   0.1017570E+01  -0.5763124E-01   0.1908196E-16   0.1106156E+00   0.3424664E+01
  0.1383333333333E+02   0.1122207E+01   0.1214306E-16   0.9972787E+00  -0.5763124E-01   0.4336809E-17   0.1027368E+00   0.3435436E+01
  0.1387500000000E+02   0.1122207E+01   0.1387779E-16   0.9777664E+00  -0.5763124E-01   0.1301043E-17   0.9545941E-01   0.3446338E+01
  0.1391666666667E+02   0.1122207E+01   0.1214306E-16   0.9598895E+00  -0.5763124E-01   0.5204170E-17   0.8938173E-01   0.3456735E+01
  0.1395833333333E+02   0.1122207E+01  -0.2775558E-16   0.9441535E+00  -0.5763124E-01   0.9107298E-17   0.8497872E-01   0.3466305E+01
  0.1400000000000E+02   0.1122207E+01  -0.3469447E-17   0.9307658E+00  -0.5763124E-01   0.1647987E-16   0.8253288E-01   0.3475066E+01
  0.1404166666667E+02   0.1122207E+01  -0.5204170E-17   0.9197030E+00  -0.5763124E-01   0.3165870E-16   0.8207878E-01   0.3483255E+01
  0.1408333333333E+02   0.1122207E+01   0.1214306E-16   0.9107613E+00  -0.5763124E-01   0.1821460E-16   0.8337879E-01   0.3491128E+01
  0.1412500000000E+02   0.1122207E+01   0.6938894E-17   0.9035753E+00  -0.5763124E-01   0.1517883E-16   0.8594572E-01   0.3498801E+01
  0.1416666666667E+02   0.1122207E+01   0.7806256E-17   0.8976204E+00  -0.5763124E-01  -0.1908196E-16   0.8911779E-01   0.3506202E+01
  0.1420833333333E+02   0.1122207E+01  -0.2862294E-16   0.8922299E+00  -0.5763124E-01  -0.1387779E-16   0.9217543E-01   0.3513150E+01
  0.1425000000000E+02   0.1122207E+01  -0.5204170E-17   0.8866539E+00  -0.5763124E-01   0.2992398E-16   0.9447433E-01   0.3519510E+01
  0.1429166666667E+02   0.1122207E+01  -0.6938894E-17   0.8801750E+00  -0.5763124E-01  -0.4336809E-18   0.9556114E-01   0.3525309E+01
  0.1433333333333E+02   0.1122207E+01   0.1647987E-16   0.8722589E+00  -0.5763124E-01   0.2125036E-16   0.9524242E-01   0.3530755E+01
  0.1437500000000E+02   0.1122207E+01  -0.1127570E-16   0.8627011E+00  -0.5763124E-01   0.9107298E-17   0.9359371E-01   0.3536136E+01
  0.1441666666667E+02   0.1122207E+01  -0.1214306E-16   0.8517142E+00  -0.5763124E-01   0.1517883E-16   0.9091484E-01   0.3541668E+01
  0.1445833333333E+02   0.1122207E+01  -0.2515349E-16   0.8399158E+00  -0.5763124E-01  -0.4770490E-17   0.8765120E-01   0.3547390E+01
  0.1450000000000E+02   0.1122207E+01   0.7806256E-17   0.8282046E+00  -0.5763124E-01   0.4336809E-18   0.8430272E-01   0.3553142E+01
  0.1454166666667E+02   0.1122207E+01   0.0000000E+00   0.8175495E+00  -0.5763124E-01  -0.1431147E-16   0.8133645E-01   0.3558644E+01
  0.1458333333333E+02   0.1122207E+01   0.0000000E+00   0.8087513E+00  -0.5763124E-01   0.1561251E-16   0.7911295E-01   0.3563615E+01
  0.1462500000000E+02   0.1122207E+01  -0.3469447E-17   0.8022489E+00  -0.5763124E-01   0.1734723E-17   0.7783483E-01   0.3567877E+01
  0.1466666666667E+02   0.1122207E+01   0.6938894E-17   0.7980262E+00  -0.5763124E-01   0.1734723E-16   0.7752557E-01   0.3571409E+01
  0.1470833333333E+02   0.1122207E+01  -0.2493665E-16   0.7956464E+00  -0.5763124E-01   0.1734723E-17   0.7804272E-01   0.3574346E+01
  0.1475000000000E+02   0.1122207E+01  -0.1734723E-17   0.7943910E+00  -0.5763124E-01   0.1734723E-17   0.7912075E-01   0.3576921E+01
  0.1479166666667E+02   0.1122207E+01   0.4336809E-18   0.7934584E+00  -0.5763124E-01   0.8673617E-17   0.8043012E-01   0.3579382E+01
  0.1483333333333E+02   0.1122207E+01   0.2168404E-17   0.7921586E+00  -0.5763124E-01  -0.2081668E-16   0.8163724E-01   0.3581899E+01
  0.1487500000000E+02   0.1122207E+01  -0.3469447E-17   0.7900577E+00  -0.5763124E-01   0.1127570E-16   0.8245603E-01   0.3584495E+01
  0.1491666666667E+02   0.1122207E+01   0.1517883E-17   0.7870432E+00  -0.5763124E-01  -0.1040834E-16   0.8268886E-01   0.3587037E+01
  0.1495833333333E+02   0.1122207E+01   0.4336809E-17   0.7833089E+00  -0.5763124E-01   0.3469447E-17   0.8225678E-01   0.3589305E+01
  0.1500000000000E+02   0.1122207E+01  -0.1095044E-16   0.7792738E+00  -0.5763124E-01  -0.0000000E+00   0.8121527E-01   0.3591095E+01
  0.1504166666667E+02   0.1122207E+01   0.0000000E+00   0.7754608E+00  -0.5763124E-01   0.1734723E-16   0.7974693E-01   0.3592331E+01
  0.1508333333333E+02   0.1122207E+01   0.7589415E-17   0.7723633E+00  -0.5763124E-01   0.1908196E-16   0.7812560E-01   0.3593107E+01
  0.1512500000000E+02   0.1122207E+01   0.1024571E-16   0.7703252E+00  -0.5763124E-01  -0.3469447E-17   0.7665526E-01   0.3593654E+01
  0.1516666666667E+02   0.1122207E+01  -0.1989511E-16   0.7694600E+00  -0.5763124E-01   0.8673617E-18   0.7559853E-01   0.3594228E+01
  0.1520833333333E+02   0.1122207E+01   0.7752046E-17   0.7696228E+00  -0.5763124E-01  -0.2341877E-16   0.7511501E-01   0.3595000E+01
  0.1525000000000E+02   0.1122207E+01  -0.1279359E-16   0.7704468E+00  -0.5763124E-01   0.1908196E-16   0.7522674E-01   0.3595983E+01
  0.1529166666667E+02   0.1122207E+01   0.1626303E-16   0.7714337E+00  -0.5763124E-01   0.9540979E-17   0.7581951E-01   0.3597048E+01
  0.1533333333333E+02   0.1122207E+01  -0.3035766E-17   0.7720804E+00  -0.5763124E-01   0.1040834E-16   0.7667833E-01   0.3598007E+01
  0.1537500000000E+02   0.1122207E+01  -0.2732189E-16   0.7720042E+00  -0.5763124E-01   0.9540979E-17   0.7754681E-01   0.3598727E+01
  0.1541666666667E+02   0.1122207E+01  -0.1328148E-16   0.7710351E+00  -0.5763124E-01   0.2862294E-16   0.7819413E-01   0.3599209E+01
  0.1545833333333E+02   0.1122207E+01   0.5637851E-17   0.7692468E+00  -0.5763124E-01   0.8673617E-17   0.7847149E-01   0.3599591E+01
  0.1550000000000E+02   0.1122207E+01  -0.1124860E-16   0.7669193E+00  -0.5763124E-01  -0.1301043E-16   0.7834232E-01   0.3600078E+01
  0.1554166666667E+02   0.1122207E+01  -0.1469094E-16   0.7644451E+00  -0.5763124E-01   0.1387779E-16   0.7787927E-01   0.3600828E+01
  0.1558333333333E+02   0.1122207E+01   0.1127570E-16   0.7622087E+00  -0.5763124E-01  -0.9540979E-17   0.7723156E-01   0.3601866E+01
  0.1562500000000E+02   0.1122207E+01  -0.4987330E-17   0.7604774E+00  -0.5763124E-01   0.1821460E-16   0.7657577E-01   0.3603052E+01
  0.1566666666667E+02   0.1122207E+01  -0.2818926E-17   0.7593373E+00  -0.5763124E-01  -0.1301043E-16   0.7606700E-01   0.3604143E+01
  0.1570833333333E+02   0.1122207E+01  -0.1019150E-16   0.7586916E+00  -0.5763124E-01  -0.1214306E-16   0.7580426E-01   0.3604899E+01
  0.1575000000000E+02   0.1122207E+01  -0.4770490E-17   0.7583178E+00  -0.5763124E-01   0.2428613E-16   0.7581657E-01   0.3605187E+01
  0.1579166666667E+02   0.1122207E+01  -0.5854692E-17   0.7579593E+00  -0.5763124E-01  -0.1561251E-16   0.7606867E-01   0.3605045E+01
  0.1583333333333E+02   0.1122207E+01   0.1366095E-16   0.7574180E+00  -0.5763124E-01  -0.3469447E-17   0.7647978E-01   0.3604665E+01
  0.1587500000000E+02   0.1122207E+01   0.6505213E-18   0.7566136E+00  -0.5763124E-01  -0.8673617E-17   0.7694824E-01   0.3604313E+01
  0.1591666666667E+02   0.1122207E+01  -0.1756408E-16   0.7555920E+00  -0.5763124E-01   0.8673617E-17   0.7737564E-01   0.3604223E+01
  0.1595833333333E+02   0.1122207E+01  -0.5637851E-17   0.7544832E+00  -0.5763124E-01   0.2168404E-16   0.7768660E-01   0.3604511E+01
  0.1600000000000E+02   0.1122207E+01   0.5746272E-17   0.7534275E+00  -0.5763124E-01   0.3469447E-17   0.7784138E-01   0.3605133E+01
  0.1604166666667E+02   0.1122207E+01  -0.7480995E-17   0.7525024E+00  -0.5763124E-01  -0.1734723E-17   0.7783937E-01   0.3605912E+01
  0.1608333333333E+02   0.1122207E+01   0.1647987E-16   0.7516810E+00  -0.5763124E-01  -0.1474515E-16   0.7771331E-01   0.3606600E+01
  0.1612500000000E+02   0.1122207E+01  -0.3252607E-17   0.7508391E+00  -0.5763124E-01   0.8673617E-17   0.7751604E-01   0.3606968E+01
  0.1616666666667E+02   0.1122207E+01  -0.1366095E-16   0.7498094E+00  -0.5763124E-01   0.1040834E-16   0.7730469E-01   0.3606884E+01
  0.1620833333333E+02   0.1122207E+01   0.1474515E-16   0.7484585E+00  -0.5763124E-01   0.6071532E-17   0.7712749E-01   0.3606350E+01
  0.1625000000000E+02   0.1122207E+01  -0.1344411E-16   0.7467559E+00  -0.5763124E-01   0.2081668E-16   0.7701695E-01   0.3605508E+01
  0.1629166666667E+02   0.1122207E+01  -0.1474515E-16   0.7448029E+00  -0.5763124E-01   0.6938894E-17   0.7698927E-01   0.3604594E+01
  0.1633333333333E+02   0.1122207E+01  -0.2732189E-16   0.7428104E+00  -0.5763124E-01   0.3469447E-17   0.7704717E-01   0.3603860E+01
  0.1637500000000E+02   0.1122207E+01  -0.3252607E-18   0.7410319E+00  -0.5763124E-01   0.1040834E-16   0.7718263E-01   0.3603493E+01
  0.1641666666667E+02   0.1122207E+01   0.3393553E-16   0.7396770E+00  -0.5763124E-01  -0.1301043E-16   0.7737815E-01   0.3603541E+01
  0.1645833333333E+02   0.1122207E+01  -0.3903128E-17   0.7388378E+00  -0.5763124E-01   0.1387779E-16   0.7760743E-01   0.3603893E+01
  0.1650000000000E+02   0.1122207E+01   0.1149254E-16   0.7384532E+00  -0.5763124E-01  -0.1821460E-16   0.7783763E-01   0.3604317E+01
  0.1654166666667E+02   0.1122207E+01  -0.1951564E-16   0.7383259E+00  -0.5763124E-01  -0.6938894E-17   0.7803451E-01   0.3604541E+01
  0.1658333333333E+02   0.1122207E+01  -0.1474515E-16   0.7381813E+00  -0.5763124E-01   0.3469447E-17   0.7816969E-01   0.3604357E+01
  0.1662500000000E+02   0.1122207E+01   0.1561251E-16   0.7377500E+00  -0.5763124E-01  -0.7806256E-17   0.7822794E-01   0.3603702E+01
  0.1666666666667E+02   0.1122207E+01  -0.1127570E-16   0.7368442E+00  -0.5763124E-01   0.8673617E-18   0.7821179E-01   0.3602671E+01
  0.1670833333333E+02   0.1122207E+01  -0.1734723E-17   0.7354051E+00  -0.5763124E-01   0.1127570E-16   0.7814182E-01   0.3601484E+01
  0.1675000000000E+02   0.1122207E+01  -0.1268517E-16   0.7335111E+00  -0.5763124E-01   0.7806256E-17   0.7805239E-01   0.3600400E+01
  0.1679166666667E+02   0.1122207E+01  -0.1344411E-16   0.7313501E+00  -0.5763124E-01  -0.2602085E-17   0.7798339E-01   0.3599622E+01
  0.1683333333333E+02   0.1122207E+01  -0.4770490E-17   0.7291689E+00  -0.5763124E-01   0.1474515E-16   0.7797024E-01   0.3599237E+01
  0.1687500000000E+02   0.1122207E+01  -0.6288373E-17   0.7272155E+00  -0.5763124E-01  -0.1734723E-17   0.7803422E-01   0.3599197E+01
  0.1691666666667E+02   0.1122207E+01  -0.1582935E-16   0.7256886E+00  -0.5763124E-01   0.4336809E-17   0.7817613E-01   0.3599346E+01
  0.1695833333333E+02   0.1122207E+01  -0.1593777E-16   0.7247018E+00  -0.5763124E-01   0.1301043E-16   0.7837482E-01   0.3599488E+01
  0.1700000000000E+02   0.1122207E+01   0.5854692E-17   0.7242672E+00  -0.5763124E-01   0.6938894E-17   0.7859155E-01   0.3599450E+01
  0.1704166666667E+02   0.1122207E+01   0.1127570E-16   0.7242995E+00  -0.5763124E-01   0.9540979E-17   0.7877919E-01   0.3599131E+01
  0.1708333333333E+02   0.1122207E+01  -0.3252607E-17   0.7246374E+00  -0.5763124E-01   0.2341877E-16   0.7889420E-01   0.3598524E+01
  0.1712500000000E+02   0.1122207E+01  -0.7589415E-17   0.7250775E+00  -0.5763124E-01   0.7806256E-17   0.7890859E-01   0.3597697E+01
  0.1716666666667E+02   0.1122207E+01  -0.2168404E-16   0.7254148E+00  -0.5763124E-01   0.2168404E-16   0.7881902E-01   0.3596765E+01
  0.1720833333333E+02   0.1122207E+01   0.2667137E-16   0.7254781E+00  -0.5763124E-01  -0.3469447E-16   0.7865032E-01   0.3595847E+01
  0.1725000000000E+02   0.1122207E+01   0.5854692E-17   0.7251571E+00  -0.5763124E-01   0.1127570E-16   0.7845159E-01   0.3595042E+01
  0.1729166666667E+02   0.1122207E+01  -0.1626303E-17   0.7244156E+00  -0.5763124E-01   0.2602085E-17   0.7828462E-01   0.3594412E+01
  0.1733333333333E+02   0.1122207E+01  -0.1463673E-16   0.7232911E+00  -0.5763124E-01   0.6071532E-17   0.7820671E-01   0.3593981E+01
  0.1737500000000E+02   0.1122207E+01  -0.7264155E-17   0.7218823E+00  -0.5763124E-01   0.1647987E-16   0.7825251E-01   0.3593741E+01
  0.1741666666667E+02   0.1122207E+01  -0.1170938E-16   0.7203289E+00  -0.5763124E-01   0.3469447E-17   0.7842112E-01   0.3593659E+01
  0.1745833333333E+02   0.1122207E+01  -0.1853986E-16   0.7187865E+00  -0.5763124E-01  -0.1127570E-16   0.7867384E-01   0.3593682E+01
  0.1750000000000E+02   0.1122207E+01  -0.1019150E-16   0.7174005E+00  -0.5763124E-01   0.1301043E-16   0.7894506E-01   0.3593745E+01
  0.1754166666667E+02   0.1122207E+01   0.9757820E-17   0.7162821E+00  -0.5763124E-01  -0.1127570E-16   0.7916365E-01   0.3593780E+01
  0.1758333333333E+02   0.1122207E+01  -0.6505213E-17   0.7154911E+00  -0.5763124E-01  -0.0000000E+00   0.7927752E-01   0.3593723E+01
  0.1762500000000E+02   0.1122207E+01   0.8456777E-17   0.7150271E+00  -0.5763124E-01  -0.1734723E-16   0.7927209E-01   0.3593532E+01
  0.1766666666667E+02   0.1122207E+01  -0.1366095E-16   0.7148308E+00  -0.5763124E-01   0.2428613E-16   0.7917499E-01   0.3593191E+01
  0.1770833333333E+02   0.1122207E+01  -0.1680513E-16   0.7147959E+00  -0.5763124E-01  -0.5204170E-17   0.7904494E-01   0.3592718E+01
  0.1775000000000E+02   0.1122207E+01   0.1420305E-16   0.7147888E+00  -0.5763124E-01   0.2602085E-17   0.7894903E-01   0.3592156E+01
  0.1779166666667E+02   0.1122207E+01  -0.7589415E-18   0.7146720E+00  -0.5763124E-01  -0.1214306E-16   0.7893749E-01   0.3591564E+01
  0.1783333333333E+02   0.1122207E+01  -0.1301043E-16   0.7143294E+00  -0.5763124E-01   0.2341877E-16   0.7902600E-01   0.3591001E+01
  0.1787500000000E+02   0.1122207E+01  -0.2461139E-16   0.7136873E+00  -0.5763124E-01   0.9540979E-17   0.7919189E-01   0.3590513E+01
  0.1791666666667E+02   0.1122207E+01  -0.4878910E-17   0.7127291E+00  -0.5763124E-01   0.8673617E-18   0.7938459E-01   0.3590120E+01
  0.1795833333333E+02   0.1122207E+01  -0.2710505E-16   0.7115001E+00  -0.5763124E-01   0.3469447E-17   0.7954553E-01   0.3589821E+01
  0.1800000000000E+02   0.1122207E+01   0.1626303E-16   0.7101019E+00  -0.5763124E-01   0.4336809E-17   0.7962923E-01   0.3589595E+01
  0.1804166666667E+02   0.1122207E+01  -0.1409463E-17   0.7086743E+00  -0.5763124E-01  -0.8673617E-18   0.7961822E-01   0.3589415E+01
  0.1808333333333E+02   0.1122207E+01  -0.1734723E-17   0.7073690E+00  -0.5763124E-01   0.2168404E-16   0.7952757E-01   0.3589254E+01
  0.1812500000000E+02   0.1122207E+01  -0.1138412E-16   0.7063196E+00  -0.5763124E-01   0.2602085E-17   0.7939914E-01   0.3589100E+01
  0.1816666666667E+02   0.1122207E+01   0.1301043E-16   0.7056136E+00  -0.5763124E-01  -0.2602085E-17   0.7928880E-01   0.3588959E+01
  0.1820833333333E+02   0.1122207E+01  -0.9432559E-17   0.7052722E+00  -0.5763124E-01   0.4163336E-16   0.7925157E-01   0.3588850E+01
  0.1825000000000E+02   0.1122207E+01  -0.1073360E-16   0.7052439E+00  -0.5763124E-01   0.2602085E-17   0.7932866E-01   0.3588798E+01
  0.1829166666667E+02   0.1122207E+01  -0.1734723E-17   0.7054106E+00  -0.5763124E-01   0.6938894E-17   0.7953888E-01   0.3588818E+01
  0.1833333333333E+02   0.1122207E+01  -0.4011548E-17   0.7056059E+00  -0.5763124E-01  -0.0000000E+00   0.7987514E-01   0.3588909E+01
  0.1837500000000E+02   0.1122207E+01   0.3252607E-18   0.7056416E+00  -0.5763124E-01  -0.1127570E-16   0.8030547E-01   0.3589044E+01
  0.1841666666667E+02   0.1122207E+01   0.3686287E-17   0.7053368E+00  -0.5763124E-01  -0.5204170E-17   0.8077795E-01   0.3589176E+01
  0.1845833333333E+02   0.1122207E+01   0.1713039E-16   0.7045466E+00  -0.5763124E-01  -0.7806256E-17   0.8122898E-01   0.3589248E+01
  0.1850000000000E+02   0.1122207E+01  -0.8890458E-17   0.7031867E+00  -0.5763124E-01   0.9540979E-17   0.8159409E-01   0.3589217E+01
  0.1854166666667E+02   0.1122207E+01  -0.1170938E-16   0.7012502E+00  -0.5763124E-01   0.1127570E-16   0.8182018E-01   0.3589068E+01
  0.1858333333333E+02   0.1122207E+01   0.9757820E-18   0.6988161E+00  -0.5763124E-01  -0.9540979E-17   0.8187694E-01   0.3588823E+01
  0.1862500000000E+02   0.1122207E+01  -0.1924459E-16   0.6960447E+00  -0.5763124E-01   0.2602085E-17   0.8176465E-01   0.3588541E+01
  0.1866666666667E+02   0.1122207E+01  -0.5990217E-17   0.6931597E+00  -0.5763124E-01   0.9540979E-17   0.8151550E-01   0.3588304E+01
  0.1870833333333E+02   0.1122207E+01  -0.1515173E-16   0.6904164E+00  -0.5763124E-01   0.8673617E-17   0.8118692E-01   0.3588192E+01
  0.1875000000000E+02   0.1122207E+01  -0.1338990E-16   0.6880608E+00  -0.5763124E-01  -0.3469447E-17   0.8084753E-01   0.3588256E+01
  0.1879166666667E+02   0.1122207E+01  -0.1328148E-16   0.6862844E+00  -0.5763124E-01   0.1127570E-16   0.8055935E-01   0.3588503E+01
  0.1883333333333E+02   0.1122207E+01   0.3957338E-17   0.6851859E+00  -0.5763124E-01   0.2602085E-17   0.8036125E-01   0.3588883E+01
  0.1887500000000E+02   0.1122207E+01   0.7535205E-17   0.6847482E+00  -0.5763124E-01   0.8673617E-17   0.8025948E-01   0.3589300E+01
  0.1891666666667E+02   0.1122207E+01  -0.2146720E-16   0.6848384E+00  -0.5763124E-01   0.8673617E-17   0.8022855E-01   0.3589629E+01
  0.1895833333333E+02   0.1122207E+01   0.2276825E-16   0.6852313E+00  -0.5763124E-01  -0.2949030E-16   0.8022253E-01   0.3589749E+01
  0.1900000000000E+02   0.1122207E+01  -0.1040834E-16   0.6856549E+00  -0.5763124E-01  -0.8673617E-17   0.8019263E-01   0.3589571E+01
  0.1904166666667E+02   0.1122207E+01  -0.5312591E-17   0.6858458E+00  -0.5763124E-01   0.6071532E-17   0.8010488E-01   0.3589071E+01
  0.1908333333333E+02   0.1122207E+01  -0.3198396E-16   0.6856054E+00  -0.5763124E-01   0.1561251E-16   0.7995143E-01   0.3588292E+01
  0.1912500000000E+02   0.1122207E+01  -0.8023096E-17   0.6848428E+00  -0.5763124E-01   0.3469447E-17   0.7975177E-01   0.3587343E+01
  0.1916666666667E+02   0.1122207E+01  -0.5692061E-17   0.6835950E+00  -0.5763124E-01  -0.1647987E-16   0.7954430E-01   0.3586372E+01
  0.1920833333333E+02   0.1122207E+01  -0.1444699E-16   0.6820203E+00  -0.5763124E-01   0.1994932E-16   0.7937207E-01   0.3585525E+01
  0.1925000000000E+02   0.1122207E+01  -0.1788934E-17   0.6803655E+00  -0.5763124E-01  -0.9540979E-17   0.7926869E-01   0.3584906E+01
  0.1929166666667E+02   0.1122207E+01  -0.6830474E-17   0.6789138E+00  -0.5763124E-01   0.4336809E-17   0.7924946E-01   0.3584554E+01
  0.1933333333333E+02   0.1122207E+01   0.3794708E-17   0.6779245E+00  -0.5763124E-01   0.2602085E-17   0.7931004E-01   0.3584428E+01
  0.1937500000000E+02   0.1122207E+01  -0.1420305E-16   0.6775792E+00  -0.5763124E-01  -0.6071532E-17   0.7943180E-01   0.3584427E+01
  0.1941666666667E+02   0.1122207E+01  -0.8619407E-17   0.6779452E+00  -0.5763124E-01   0.2341877E-16   0.7959025E-01   0.3584418E+01
  0.1945833333333E+02   0.1122207E+01  -0.4987330E-17   0.6789652E+00  -0.5763124E-01   0.1821460E-16   0.7976287E-01   0.3584274E+01
  0.1950000000000E+02   0.1122207E+01   0.0000000E+00   0.6804754E+00  -0.5763124E-01   0.1040834E-16   0.7993342E-01   0.3583909E+01
  0.1954166666667E+02   0.1122207E+01   0.1008308E-16   0.6822460E+00  -0.5763124E-01  -0.1127570E-16   0.8009259E-01   0.3583295E+01
  0.1958333333333E+02   0.1122207E+01  -0.4553649E-17   0.6840338E+00  -0.5763124E-01  -0.5204170E-17   0.8023641E-01   0.3582458E+01
  0.1962500000000E+02   0.1122207E+01   0.2927346E-17   0.6856328E+00  -0.5763124E-01   0.1908196E-16   0.8036451E-01   0.3581466E+01
  0.1966666666667E+02   0.1122207E+01   0.7589415E-18   0.6869114E+00  -0.5763124E-01   0.5204170E-17   0.8047983E-01   0.3580404E+01
  0.1970833333333E+02   0.1122207E+01  -0.2331035E-16   0.6878284E+00  -0.5763124E-01   0.2602085E-16   0.8058954E-01   0.3579348E+01
  0.1975000000000E+02   0.1122207E+01  -0.2238877E-16   0.6884269E+00  -0.5763124E-01   0.1214306E-16   0.8070598E-01   0.3578358E+01
  0.1979166666667E+02   0.1122207E+01   0.1105886E-16   0.6888105E+00  -0.5763124E-01  -0.7806256E-17   0.8084592E-01   0.3577463E+01
  0.1983333333333E+02   0.1122207E+01   0.4228388E-17   0.6891100E+00  -0.5763124E-01  -0.1301043E-16   0.8102732E-01   0.3576670E+01
  0.1987500000000E+02   0.1122207E+01  -0.3133344E-16   0.6894490E+00  -0.5763124E-01   0.1127570E-16   0.8126424E-01   0.3575971E+01
  0.1991666666667E+02   0.1122207E+01   0.9757820E-17   0.6899167E+00  -0.5763124E-01   0.3469447E-17   0.8156153E-01   0.3575348E+01
  0.1995833333333E+02   0.1122207E+01  -0.2493665E-17   0.6905504E+00  -0.5763124E-01  -0.5204170E-17   0.8191167E-01   0.3574784E+01
  0.2000000000000E+02   0.1122207E+01  -0.2059984E-17   0.6913296E+00  -0.5763124E-01   0.1734723E-17   0.8229504E-01   0.3574264E+01
