 # Project=San-Ti                        
 # Author=Sophon                        
 # date =  9/22/2026 13:57:33
 # code = EQdyna
 # element_size =   500.00000000000000     
 # time_step =  0.0417  s
 # num_time_steps =   480
 # Time series in 11 columns in format E15.7
 # Column #1 = Time (s)
 # Column #2 = horizontal slip (m)
 # Column #3 = horizontal slip rate (m/s)
 # Column #4 = horizontal shear stress (MPa)
 # Column #5 = down-dip slip (m)
 # Column #6 = down-dip slip rate (m/s)
 # Column #7 = down-dip shear stress (MPa)
 # Column #8 = normal stress (MPa)
 # The line below lists the names of the data fields:
 t h-slip h-slip-rate h-shear-stress v-slip v-slip-rate v-shear-stress n-stress
  0.4166666666667E-01   0.0000000E+00   0.0000000E+00   0.3510984E+02  -0.0000000E+00  -0.0000000E+00  -0.6057060E-01   0.2148476E+03
  0.8333333333333E-01  -0.9972226E-17  -0.2393334E-15   0.3523174E+02  -0.7117706E-17  -0.1708249E-15  -0.1516499E+00   0.2148500E+03
  0.1250000000000E+00  -0.6914161E-16  -0.1420196E-14   0.3541411E+02  -0.2202116E-16  -0.3576647E-15  -0.2907280E+00   0.2148540E+03
  0.1666666666667E+00  -0.1222167E-15  -0.1273721E-14   0.3570039E+02  -0.2605473E-16  -0.9681925E-16  -0.4482844E+00   0.2148769E+03
  0.2083333333333E+00  -0.1592015E-15  -0.8879074E-15   0.3607881E+02  -0.1999675E-16   0.1457168E-15  -0.6097021E+00   0.2149242E+03
  0.2500000000000E+00  -0.1938147E-15  -0.8300652E-15   0.3648614E+02  -0.2691532E-16  -0.1660998E-15  -0.7696030E+00   0.2149883E+03
  0.2916666666667E+00  -0.2630817E-15  -0.1663600E-14   0.3685525E+02  -0.3973601E-16  -0.3087808E-15  -0.9193485E+00   0.2150579E+03
  0.3333333333333E+00  -0.2833020E-15  -0.4874573E-15   0.3722664E+02  -0.5323433E-16  -0.3235259E-15  -0.1049820E+01   0.2151327E+03
  0.3750000000000E+00  -0.2979388E-15  -0.3538836E-15   0.3771505E+02  -0.5453537E-16  -0.3187554E-16  -0.1158954E+01   0.2152193E+03
  0.4166666666667E+00  -0.2962040E-15   0.4423545E-16   0.3838805E+02  -0.5204170E-16   0.6245005E-16  -0.1258598E+01   0.2153188E+03
  0.4583333333333E+00  -0.2946862E-15   0.3729655E-16   0.3908645E+02  -0.5805903E-16  -0.1448494E-15  -0.1347985E+01   0.2154035E+03
  0.5000000000000E+00  -0.3102987E-15  -0.3747003E-15   0.3915742E+02  -0.6911789E-16  -0.2641116E-15  -0.1411070E+01   0.2154602E+03
  0.5416666666667E+00   0.2665171E-02   0.6396411E-01   0.3903860E+02  -0.9604163E-04  -0.2304999E-02  -0.1456386E+01   0.2154482E+03
  0.5833333333333E+00   0.8177466E-02   0.1322951E+00   0.3878961E+02  -0.3016850E-03  -0.4935441E-02  -0.1482895E+01   0.2153914E+03
  0.6250000000000E+00   0.1422555E-01   0.1451541E+00   0.3852068E+02  -0.5328984E-03  -0.5549122E-02  -0.1495865E+01   0.2153491E+03
  0.6666666666667E+00   0.1820268E-01   0.9545096E-01   0.3835014E+02  -0.6873411E-03  -0.3706625E-02  -0.1503218E+01   0.2153564E+03
  0.7083333333333E+00   0.1922306E-01   0.2448925E-01   0.3816878E+02  -0.7273374E-03  -0.9599101E-03  -0.1505183E+01   0.2153987E+03
  0.7500000000000E+00   0.1922306E-01  -0.2189546E-15   0.3825036E+02  -0.7273374E-03  -0.3935654E-15  -0.1513286E+01   0.2154196E+03
  0.7916666666667E+00   0.1922306E-01   0.3825607E-15   0.3831370E+02  -0.7273374E-03  -0.1741229E-15  -0.1516349E+01   0.2154024E+03
  0.8333333333333E+00   0.1947129E-01   0.5957523E-02   0.3829768E+02  -0.7371616E-03  -0.2357820E-03  -0.1520289E+01   0.2153731E+03
  0.8750000000000E+00   0.1990356E-01   0.1037448E-01   0.3827558E+02  -0.7543213E-03  -0.4118320E-03  -0.1524796E+01   0.2153546E+03
  0.9166666666667E+00   0.2007904E-01   0.4211409E-02   0.3817821E+02  -0.7613118E-03  -0.1677712E-03  -0.1525186E+01   0.2153554E+03
  0.9583333333333E+00   0.2007904E-01  -0.1955901E-15   0.3809448E+02  -0.7613118E-03  -0.3081303E-15  -0.1523407E+01   0.2153640E+03
  0.1000000000000E+01   0.2007904E-01  -0.1548241E-15   0.3805862E+02  -0.7613118E-03   0.4042990E-15  -0.1520274E+01   0.2153684E+03
  0.1041666666667E+01   0.2007904E-01  -0.1512028E-14   0.3803720E+02  -0.7613118E-03   0.2488244E-15  -0.1515284E+01   0.2153666E+03
  0.1083333333333E+01   0.2007904E-01   0.2641116E-15   0.3802298E+02  -0.7613118E-03  -0.3366990E-15  -0.1509780E+01   0.2153620E+03
  0.1125000000000E+01   0.2007904E-01  -0.4679417E-15   0.3801207E+02  -0.7613118E-03   0.1569925E-15  -0.1505284E+01   0.2153583E+03
  0.1166666666667E+01   0.2007904E-01  -0.8062127E-15   0.3800518E+02  -0.7613118E-03   0.3345848E-15  -0.1502707E+01   0.2153567E+03
  0.1208333333333E+01   0.2007904E-01  -0.1298712E-14   0.3800428E+02  -0.7613118E-03  -0.2023121E-15  -0.1502078E+01   0.2153569E+03
  0.1250000000000E+01   0.2007904E-01  -0.2265440E-15   0.3800937E+02  -0.7613118E-03  -0.5735429E-16  -0.1503122E+01   0.2153579E+03
  0.1291666666667E+01   0.2007904E-01  -0.1178203E-14   0.3801797E+02  -0.7613118E-03  -0.4072263E-15  -0.1505759E+01   0.2153591E+03
  0.1333333333333E+01   0.2007904E-01  -0.4973235E-15   0.3802669E+02  -0.7613118E-03   0.9109331E-16  -0.1509829E+01   0.2153596E+03
  0.1375000000000E+01   0.2007904E-01  -0.1306626E-14   0.3803294E+02  -0.7613118E-03  -0.2992398E-15  -0.1514451E+01   0.2153597E+03
  0.1416666666667E+01   0.2007904E-01   0.3792268E-15   0.3803545E+02  -0.7613118E-03   0.1537128E-15  -0.1518061E+01   0.2153597E+03
  0.1458333333333E+01   0.2007904E-01  -0.1671298E-14   0.3803412E+02  -0.7613118E-03  -0.7002862E-15  -0.1519337E+01   0.2153603E+03
  0.1500000000000E+01   0.2007904E-01  -0.1088539E-14   0.3802987E+02  -0.7613118E-03  -0.3155028E-15  -0.1518134E+01   0.2153609E+03
  0.1541666666667E+01   0.2007904E-01   0.2374403E-15   0.3802429E+02  -0.7613118E-03   0.7047314E-17  -0.1515467E+01   0.2153609E+03
  0.1583333333333E+01   0.2007904E-01  -0.5976122E-15   0.3801920E+02  -0.7613118E-03  -0.2852942E-15  -0.1512606E+01   0.2153598E+03
  0.1625000000000E+01   0.2007904E-01  -0.6283494E-15   0.3801580E+02  -0.7613118E-03  -0.2456802E-15  -0.1510219E+01   0.2153581E+03
  0.1666666666667E+01   0.2007904E-01  -0.9368591E-15   0.3801420E+02  -0.7613118E-03  -0.6765422E-16  -0.1508280E+01   0.2153569E+03
  0.1708333333333E+01   0.2007904E-01  -0.8487135E-15   0.3801366E+02  -0.7613118E-03   0.5003322E-15  -0.1506600E+01   0.2153569E+03
  0.1750000000000E+01   0.2007904E-01  -0.9931292E-15   0.3801332E+02  -0.7613118E-03  -0.2461681E-15  -0.1505263E+01   0.2153576E+03
  0.1791666666667E+01   0.2007904E-01  -0.1684525E-14   0.3801262E+02  -0.7613118E-03   0.1650698E-15  -0.1504590E+01   0.2153581E+03
  0.1833333333333E+01   0.2007904E-01  -0.2370608E-14   0.3801137E+02  -0.7613118E-03  -0.4459188E-15  -0.1504807E+01   0.2153582E+03
  0.1875000000000E+01   0.2007904E-01  -0.2442165E-15   0.3800952E+02  -0.7613118E-03  -0.1568569E-15  -0.1505845E+01   0.2153578E+03
  0.1916666666667E+01   0.2007904E-01  -0.4926208E-15   0.3800707E+02  -0.7613118E-03   0.3372411E-15  -0.1507405E+01   0.2153570E+03
  0.1958333333333E+01   0.2007904E-01   0.2611843E-15   0.3800426E+02  -0.7613118E-03  -0.5016603E-15  -0.1509147E+01   0.2153560E+03
  0.2000000000000E+01   0.2007904E-01  -0.1219944E-14   0.3800162E+02  -0.7613118E-03  -0.3711224E-15  -0.1510794E+01   0.2153544E+03
  0.2041666666667E+01   0.2007904E-01  -0.2181957E-15   0.3799981E+02  -0.7613118E-03   0.3007577E-15  -0.1512152E+01   0.2153522E+03
  0.2083333333333E+01   0.2007904E-01  -0.1400681E-14   0.3799927E+02  -0.7613118E-03  -0.7882150E-16  -0.1513108E+01   0.2153492E+03
  0.2125000000000E+01   0.2007904E-01   0.6633284E-15   0.3799997E+02  -0.7613118E-03   0.1025655E-15  -0.1513635E+01   0.2153457E+03
  0.2166666666667E+01   0.2007904E-01  -0.1637728E-14   0.3800154E+02  -0.7613118E-03  -0.6284036E-15  -0.1513801E+01   0.2153417E+03
  0.2208333333333E+01   0.2007904E-01  -0.7181755E-15   0.3800348E+02  -0.7613118E-03   0.1344411E-16  -0.1513741E+01   0.2153370E+03
  0.2250000000000E+01   0.2007904E-01   0.3209238E-15   0.3800534E+02  -0.7613118E-03   0.1847481E-15  -0.1513618E+01   0.2153317E+03
  0.2291666666667E+01   0.2007904E-01  -0.1246670E-14   0.3800684E+02  -0.7613118E-03  -0.2766884E-15  -0.1513586E+01   0.2153263E+03
  0.2333333333333E+01   0.2007904E-01  -0.4266336E-16   0.3800783E+02  -0.7613118E-03  -0.2983724E-15  -0.1513750E+01   0.2153214E+03
  0.2375000000000E+01   0.2007904E-01  -0.1231179E-14   0.3800826E+02  -0.7613118E-03  -0.3165870E-15  -0.1514120E+01   0.2153176E+03
  0.2416666666667E+01   0.2007904E-01  -0.1850733E-15   0.3800818E+02  -0.7613118E-03  -0.9714451E-16  -0.1514602E+01   0.2153152E+03
  0.2458333333333E+01   0.2007904E-01  -0.3240816E-15   0.3800777E+02  -0.7613118E-03  -0.5637851E-15  -0.1515051E+01   0.2153145E+03
  0.2500000000000E+01   0.2007904E-01  -0.7238134E-15   0.3800728E+02  -0.7613118E-03  -0.6938894E-15  -0.1515356E+01   0.2153151E+03
  0.2541666666667E+01   0.2007904E-01   0.1233930E-14   0.3800694E+02  -0.7613118E-03   0.3243933E-15  -0.1515500E+01   0.2153166E+03
  0.2583333333333E+01   0.2007904E-01  -0.5585267E-15   0.3800691E+02  -0.7613118E-03  -0.2263814E-15  -0.1515545E+01   0.2153183E+03
  0.2625000000000E+01   0.2007904E-01  -0.6560507E-15   0.3800718E+02  -0.7613118E-03  -0.2827599E-15  -0.1515573E+01   0.2153197E+03
  0.2666666666667E+01   0.2007904E-01  -0.4796510E-15   0.3800763E+02  -0.7613118E-03   0.1283695E-15  -0.1515640E+01   0.2153203E+03
  0.2708333333333E+01   0.2007904E-01  -0.1984293E-14   0.3800811E+02  -0.7613118E-03  -0.1760744E-15  -0.1515762E+01   0.2153201E+03
  0.2750000000000E+01   0.2007904E-01  -0.1649444E-14   0.3800849E+02  -0.7613118E-03  -0.1101549E-15  -0.1515929E+01   0.2153194E+03
  0.2791666666667E+01   0.2007904E-01   0.1278681E-15   0.3800873E+02  -0.7613118E-03  -0.4753142E-15  -0.1516110E+01   0.2153185E+03
  0.2833333333333E+01   0.2007904E-01  -0.3199074E-15   0.3800884E+02  -0.7613118E-03   0.2688821E-15  -0.1516252E+01   0.2153180E+03
  0.2875000000000E+01   0.2007904E-01  -0.1939665E-14   0.3800881E+02  -0.7613118E-03  -0.4336809E-15  -0.1516308E+01   0.2153180E+03
  0.2916666666667E+01   0.2007904E-01  -0.1265420E-14   0.3800864E+02  -0.7613118E-03   0.2341877E-16  -0.1516272E+01   0.2153184E+03
  0.2958333333333E+01   0.2007904E-01  -0.1034254E-14   0.3800828E+02  -0.7613118E-03  -0.5368969E-15  -0.1516196E+01   0.2153189E+03
  0.3000000000000E+01   0.2007904E-01   0.2411808E-15   0.3800776E+02  -0.7613118E-03  -0.9280771E-16  -0.1516167E+01   0.2153191E+03
  0.3041666666667E+01   0.2007904E-01  -0.1868785E-14   0.3800717E+02  -0.7613118E-03  -0.5438358E-15  -0.1516242E+01   0.2153190E+03
  0.3083333333333E+01   0.2007904E-01  -0.2046296E-15   0.3800663E+02  -0.7613118E-03  -0.8213916E-15  -0.1516411E+01   0.2153185E+03
  0.3125000000000E+01   0.2007904E-01  -0.8239937E-17   0.3800621E+02  -0.7613118E-03   0.4336809E-16  -0.1516611E+01   0.2153180E+03
  0.3166666666667E+01   0.2007904E-01  -0.8750460E-15   0.3800594E+02  -0.7613118E-03   0.2949030E-16  -0.1516775E+01   0.2153176E+03
  0.3208333333333E+01   0.2007904E-01  -0.2792498E-15   0.3800577E+02  -0.7613118E-03   0.1561251E-16  -0.1516871E+01   0.2153173E+03
  0.3250000000000E+01   0.2007904E-01  -0.6288373E-15   0.3800564E+02  -0.7613118E-03  -0.1474515E-16  -0.1516904E+01   0.2153173E+03
  0.3291666666667E+01   0.2007904E-01   0.7382604E-15   0.3800553E+02  -0.7613118E-03   0.1517883E-15  -0.1516894E+01   0.2153173E+03
  0.3333333333333E+01   0.2007904E-01   0.6215189E-15   0.3800540E+02  -0.7613118E-03  -0.2983724E-15  -0.1516852E+01   0.2153174E+03
  0.3375000000000E+01   0.2007904E-01  -0.9855940E-15   0.3800525E+02  -0.7613118E-03  -0.2055647E-15  -0.1516784E+01   0.2153174E+03
  0.3416666666667E+01   0.2007904E-01   0.2641388E-16   0.3800507E+02  -0.7613118E-03   0.4145989E-15  -0.1516693E+01   0.2153174E+03
  0.3458333333333E+01   0.2007904E-01  -0.4938405E-15   0.3800487E+02  -0.7613118E-03   0.3963843E-15  -0.1516591E+01   0.2153173E+03
  0.3500000000000E+01   0.2007904E-01   0.6936895E-15   0.3800471E+02  -0.7613118E-03   0.2949030E-16  -0.1516487E+01   0.2153171E+03
  0.3541666666667E+01   0.2007904E-01  -0.1479841E-14   0.3800469E+02  -0.7613118E-03   0.5143455E-15  -0.1516382E+01   0.2153171E+03
  0.3583333333333E+01   0.2007904E-01  -0.1279311E-14   0.3800485E+02  -0.7613118E-03  -0.6938894E-16  -0.1516275E+01   0.2153171E+03
  0.3625000000000E+01   0.2007904E-01  -0.1939916E-14   0.3800518E+02  -0.7613118E-03   0.2341877E-15  -0.1516164E+01   0.2153172E+03
  0.3666666666667E+01   0.2007904E-01  -0.4038585E-15   0.3800561E+02  -0.7613118E-03   0.3642919E-16  -0.1516055E+01   0.2153173E+03
  0.3708333333333E+01   0.2007904E-01   0.2087089E-17   0.3800601E+02  -0.7613118E-03  -0.1916869E-15  -0.1515944E+01   0.2153174E+03
  0.3750000000000E+01   0.2007904E-01  -0.1301395E-14   0.3800627E+02  -0.7613118E-03  -0.2263814E-15  -0.1515819E+01   0.2153173E+03
  0.3791666666667E+01   0.2007904E-01   0.7325954E-15   0.3800632E+02  -0.7613118E-03  -0.2827599E-15  -0.1515660E+01   0.2153173E+03
  0.3833333333333E+01   0.2007904E-01  -0.8935249E-15   0.3800612E+02  -0.7613118E-03  -0.7467985E-15  -0.1515458E+01   0.2153173E+03
  0.3875000000000E+01   0.2007904E-01   0.1509453E-14   0.3800568E+02  -0.7613118E-03   0.1240327E-15  -0.1515227E+01   0.2153172E+03
  0.3916666666667E+01   0.2007904E-01  -0.5948746E-15   0.3800503E+02  -0.7613118E-03   0.5204170E-17  -0.1514997E+01   0.2153170E+03
  0.3958333333333E+01   0.2007904E-01  -0.1988210E-14   0.3800424E+02  -0.7613118E-03  -0.4891920E-15  -0.1514797E+01   0.2153166E+03
  0.4000000000000E+01   0.2007904E-01  -0.9065014E-15   0.3800338E+02  -0.7613118E-03  -0.3053113E-15  -0.1514637E+01   0.2153159E+03
  0.4041666666667E+01   0.2007904E-01   0.3587625E-15   0.3800252E+02  -0.7613118E-03  -0.1014813E-15  -0.1514507E+01   0.2153152E+03
  0.4083333333333E+01   0.2007904E-01  -0.2230041E-14   0.3800175E+02  -0.7613118E-03  -0.3027092E-15  -0.1514389E+01   0.2153144E+03
  0.4125000000000E+01   0.2007904E-01  -0.2268151E-15   0.3800117E+02  -0.7613118E-03  -0.4354156E-15  -0.1514276E+01   0.2153138E+03
  0.4166666666667E+01   0.2007904E-01  -0.7036472E-16   0.3800091E+02  -0.7613118E-03  -0.5195497E-15  -0.1514174E+01   0.2153132E+03
  0.4208333333333E+01   0.2007904E-01  -0.8550018E-15   0.3800113E+02  -0.7613118E-03   0.3616898E-15  -0.1514092E+01   0.2153130E+03
  0.4250000000000E+01   0.2007904E-01  -0.5583641E-16   0.3800202E+02  -0.7613118E-03   0.5898060E-16  -0.1514030E+01   0.2153130E+03
  0.4291666666667E+01   0.2007904E-01  -0.1183407E-14   0.3800376E+02  -0.7613118E-03   0.5117434E-15  -0.1513975E+01   0.2153135E+03
  0.4333333333333E+01   0.2007904E-01  -0.3027092E-15   0.3800654E+02  -0.7613118E-03  -0.1413800E-15  -0.1513911E+01   0.2153143E+03
  0.4375000000000E+01   0.2007904E-01  -0.3052029E-15   0.3801051E+02  -0.7613118E-03   0.2411266E-15  -0.1513826E+01   0.2153156E+03
  0.4416666666667E+01   0.2007904E-01  -0.1361975E-14   0.3801579E+02  -0.7613118E-03  -0.5048045E-15  -0.1513712E+01   0.2153174E+03
  0.4458333333333E+01   0.2007904E-01  -0.1178961E-14   0.3802246E+02  -0.7613118E-03  -0.3694961E-15  -0.1513555E+01   0.2153197E+03
  0.4500000000000E+01   0.2007904E-01  -0.8456777E-17   0.3803053E+02  -0.7613118E-03   0.1353084E-15  -0.1513333E+01   0.2153225E+03
  0.4541666666667E+01   0.2007904E-01  -0.1081817E-14   0.3803992E+02  -0.7613118E-03  -0.4544976E-15  -0.1513022E+01   0.2153258E+03
  0.4583333333333E+01   0.2007904E-01  -0.2107689E-15   0.3805050E+02  -0.7613118E-03  -0.4232725E-15  -0.1512603E+01   0.2153294E+03
  0.4625000000000E+01   0.2007904E-01  -0.1206500E-14   0.3806212E+02  -0.7613118E-03  -0.7077672E-15  -0.1512071E+01   0.2153335E+03
  0.4666666666667E+01   0.2007904E-01   0.1346145E-14   0.3807459E+02  -0.7613118E-03  -0.1301043E-15  -0.1511431E+01   0.2153378E+03
  0.4708333333333E+01   0.2007904E-01   0.7550384E-15   0.3808777E+02  -0.7613118E-03  -0.4336809E-15  -0.1510693E+01   0.2153422E+03
  0.4750000000000E+01   0.2007904E-01  -0.1517883E-14   0.3810148E+02  -0.7613118E-03   0.8500145E-16  -0.1509864E+01   0.2153468E+03
  0.4791666666667E+01   0.2007904E-01   0.7242471E-15   0.3811551E+02  -0.7613118E-03   0.2532696E-15  -0.1508960E+01   0.2153516E+03
  0.4833333333333E+01   0.2007904E-01  -0.1491862E-14   0.3812955E+02  -0.7613118E-03  -0.6800116E-15  -0.1508008E+01   0.2153566E+03
  0.4875000000000E+01   0.2007904E-01   0.5394990E-15   0.3814328E+02  -0.7613118E-03  -0.1543904E-15  -0.1507051E+01   0.2153617E+03
  0.4916666666667E+01   0.2007904E-01   0.2411266E-15   0.3815653E+02  -0.7613118E-03   0.9020562E-16  -0.1506128E+01   0.2153667E+03
  0.4958333333333E+01   0.2007904E-01   0.7485332E-15   0.3816946E+02  -0.7613118E-03   0.4805184E-15  -0.1505270E+01   0.2153717E+03
  0.5000000000000E+01   0.2007904E-01  -0.4432218E-15   0.3818251E+02  -0.7613118E-03  -0.4649059E-15  -0.1504517E+01   0.2153765E+03
  0.5041666666667E+01   0.2007904E-01  -0.2602085E-14   0.3819628E+02  -0.7613118E-03  -0.3035766E-15  -0.1503927E+01   0.2153812E+03
  0.5083333333333E+01   0.2007904E-01   0.1118897E-14   0.3821141E+02  -0.7613118E-03  -0.4076600E-15  -0.1503530E+01   0.2153859E+03
  0.5125000000000E+01   0.2007904E-01  -0.4701101E-15   0.3822854E+02  -0.7613118E-03  -0.2688821E-15  -0.1503268E+01   0.2153911E+03
  0.5166666666667E+01   0.2007904E-01   0.1386044E-14   0.3824971E+02  -0.7613118E-03   0.1856154E-15  -0.1503187E+01   0.2153978E+03
  0.5208333333333E+01   0.2007904E-01  -0.3920475E-15   0.3827729E+02  -0.7613118E-03   0.4701101E-15  -0.1503575E+01   0.2154074E+03
  0.5250000000000E+01   0.2007904E-01   0.5585810E-15   0.3828086E+02  -0.7613118E-03   0.1925543E-15  -0.1505837E+01   0.2154233E+03
  0.5291666666667E+01   0.2034869E-01   0.6471622E-02   0.3827286E+02  -0.7719189E-03  -0.2545713E-03  -0.1512296E+01   0.2154454E+03
  0.5333333333333E+01   0.2126204E-01   0.2192030E-01   0.3823761E+02  -0.8080084E-03  -0.8661482E-03  -0.1523505E+01   0.2154716E+03
  0.5375000000000E+01   0.2317343E-01   0.4587340E-01   0.3815929E+02  -0.8841642E-03  -0.1827738E-02  -0.1539771E+01   0.2154991E+03
  0.5416666666667E+01   0.2628698E-01   0.7472517E-01   0.3802874E+02  -0.1009799E-02  -0.3015245E-02  -0.1561937E+01   0.2155264E+03
  0.5458333333333E+01   0.3060372E-01   0.1036018E+00   0.3784582E+02  -0.1187099E-02  -0.4255188E-02  -0.1591903E+01   0.2155535E+03
  0.5500000000000E+01   0.3598809E-01   0.1292249E+00   0.3761717E+02  -0.1413581E-02  -0.5435568E-02  -0.1624330E+01   0.2155840E+03
  0.5541666666667E+01   0.4237979E-01   0.1534008E+00   0.3734611E+02  -0.1689578E-02  -0.6623928E-02  -0.1655019E+01   0.2156212E+03
  0.5583333333333E+01   0.4999261E-01   0.1827078E+00   0.3702332E+02  -0.2026946E-02  -0.8096823E-02  -0.1685528E+01   0.2156654E+03
  0.5625000000000E+01   0.5936125E-01   0.2248473E+00   0.3662495E+02  -0.2453463E-02  -0.1023642E-01  -0.1721235E+01   0.2157144E+03
  0.5666666666667E+01   0.7121745E-01   0.2845489E+00   0.3611835E+02  -0.3010660E-02  -0.1337272E-01  -0.1767440E+01   0.2157642E+03
  0.5708333333333E+01   0.8627744E-01   0.3614398E+00   0.3547165E+02  -0.3747616E-02  -0.1768695E-01  -0.1825677E+01   0.2158116E+03
  0.5750000000000E+01   0.1050716E+00   0.4510589E+00   0.3466237E+02  -0.4714923E-02  -0.2321538E-01  -0.1872893E+01   0.2158531E+03
  0.5791666666667E+01   0.1277308E+00   0.5438222E+00   0.3368761E+02  -0.5939259E-02  -0.2938404E-01  -0.1880447E+01   0.2158969E+03
  0.5833333333333E+01   0.1543528E+00   0.6389274E+00   0.3254538E+02  -0.7425300E-02  -0.3566500E-01  -0.1817994E+01   0.2159463E+03
  0.5875000000000E+01   0.1853876E+00   0.7448354E+00   0.3121547E+02  -0.9158913E-02  -0.4160671E-01  -0.1660518E+01   0.2159879E+03
  0.5916666666667E+01   0.2214254E+00   0.8649072E+00   0.2966167E+02  -0.1107596E-01  -0.4600904E-01  -0.1403051E+01   0.2159450E+03
  0.5958333333333E+01   0.2604013E+00   0.9354212E+00   0.2797660E+02  -0.1291959E-01  -0.4424712E-01  -0.1058768E+01   0.2158434E+03
  0.6000000000000E+01   0.2992363E+00   0.9320400E+00   0.2629997E+02  -0.1438929E-01  -0.3527285E-01  -0.6750450E+00   0.2157573E+03
  0.6041666666667E+01   0.3369171E+00   0.9043404E+00   0.2628479E+02  -0.1535645E-01  -0.2321183E-01  -0.3479608E+00   0.2157258E+03
  0.6083333333333E+01   0.3672975E+00   0.7291284E+00   0.2630067E+02  -0.1575863E-01  -0.9652278E-02  -0.1175233E+00   0.2158411E+03
  0.6125000000000E+01   0.3923782E+00   0.6019366E+00   0.2632136E+02  -0.1587070E-01  -0.2689725E-02  -0.3604428E-01   0.2160116E+03
  0.6166666666667E+01   0.4184520E+00   0.6257719E+00   0.2633121E+02  -0.1590640E-01  -0.8569274E-03  -0.3317676E-01   0.2160936E+03
  0.6208333333333E+01   0.4496277E+00   0.7482172E+00   0.2632643E+02  -0.1594568E-01  -0.9427375E-03  -0.1992474E-01   0.2160536E+03
  0.6250000000000E+01   0.4857128E+00   0.8660406E+00   0.2631768E+02  -0.1597299E-01  -0.6554493E-03   0.1761493E-01   0.2159807E+03
  0.6291666666667E+01   0.5250992E+00   0.9452755E+00   0.2631196E+02  -0.1594663E-01   0.6326911E-03   0.7571500E-01   0.2159339E+03
  0.6333333333333E+01   0.5666401E+00   0.9969800E+00   0.2630689E+02  -0.1582710E-01   0.2868898E-02   0.1336986E+00   0.2158936E+03
  0.6375000000000E+01   0.6094496E+00   0.1027428E+01   0.2629765E+02  -0.1560953E-01   0.5221661E-02   0.1473188E+00   0.2158172E+03
  0.6416666666667E+01   0.6529396E+00   0.1043761E+01   0.2628276E+02  -0.1536590E-01   0.5847125E-02   0.7080610E-01   0.2156905E+03
  0.6458333333333E+01   0.6974537E+00   0.1068337E+01   0.2626531E+02  -0.1524597E-01   0.2878115E-02  -0.8057562E-01   0.2155453E+03
  0.6500000000000E+01   0.7442588E+00   0.1123322E+01   0.2625021E+02  -0.1538956E-01  -0.3446081E-02  -0.2395254E+00   0.2154275E+03
  0.6541666666667E+01   0.7938171E+00   0.1189399E+01   0.2624014E+02  -0.1584177E-01  -0.1085291E-01  -0.3498652E+00   0.2153540E+03
  0.6583333333333E+01   0.8433415E+00   0.1188587E+01   0.2623317E+02  -0.1650209E-01  -0.1584767E-01  -0.3961003E+00   0.2153013E+03
  0.6625000000000E+01   0.8864683E+00   0.1035042E+01   0.2622602E+02  -0.1715327E-01  -0.1562833E-01  -0.4067884E+00   0.2152431E+03
  0.6666666666667E+01   0.9169946E+00   0.7326312E+00   0.2621854E+02  -0.1762676E-01  -0.1136375E-01  -0.4351676E+00   0.2151846E+03
  0.6708333333333E+01   0.9344080E+00   0.4179231E+00   0.2621321E+02  -0.1791578E-01  -0.6936565E-02  -0.5058175E+00   0.2151508E+03
  0.6750000000000E+01   0.9459130E+00   0.2761200E+00   0.2621167E+02  -0.1813778E-01  -0.5328088E-02  -0.5701495E+00   0.2151489E+03
  0.6791666666667E+01   0.9620479E+00   0.3872371E+00   0.2621312E+02  -0.1848874E-01  -0.8423081E-02  -0.5610339E+00   0.2151593E+03
  0.6833333333333E+01   0.9890731E+00   0.6486058E+00   0.2621552E+02  -0.1906716E-01  -0.1388197E-01  -0.4554770E+00   0.2151623E+03
  0.6875000000000E+01   0.1024879E+01   0.8593310E+00   0.2621821E+02  -0.1968926E-01  -0.1493030E-01  -0.2698940E+00   0.2151633E+03
  0.6916666666667E+01   0.1062131E+01   0.8940663E+00   0.2622243E+02  -0.2007274E-01  -0.9203649E-02  -0.5738771E-01   0.2151874E+03
  0.6958333333333E+01   0.1095546E+01   0.8019530E+00   0.2622980E+02  -0.2014587E-01  -0.1755072E-02   0.1080444E+00   0.2152502E+03
  0.7000000000000E+01   0.1126338E+01   0.7390009E+00   0.2624005E+02  -0.2001903E-01   0.3044054E-02   0.1926205E+00   0.2153397E+03
  0.7041666666667E+01   0.1159956E+01   0.8068411E+00   0.2625081E+02  -0.1977225E-01   0.5922781E-02   0.2249875E+00   0.2154314E+03
  0.7083333333333E+01   0.1199890E+01   0.9584157E+00   0.2626103E+02  -0.1942999E-01   0.8214281E-02   0.2340072E+00   0.2155173E+03
  0.7125000000000E+01   0.1243872E+01   0.1055570E+01   0.2627251E+02  -0.1903807E-01   0.9405988E-02   0.2153069E+00   0.2156116E+03
  0.7166666666667E+01   0.1285941E+01   0.1009641E+01   0.2628689E+02  -0.1869332E-01   0.8274147E-02   0.1542910E+00   0.2157279E+03
  0.7208333333333E+01   0.1321849E+01   0.8618018E+00   0.2630250E+02  -0.1848255E-01   0.5058348E-02   0.6619789E-01   0.2158549E+03
  0.7250000000000E+01   0.1352367E+01   0.7324240E+00   0.2631535E+02  -0.1840575E-01   0.1843358E-02   0.8769374E-02   0.2159613E+03
  0.7291666666667E+01   0.1381649E+01   0.7027729E+00   0.2632276E+02  -0.1839599E-01   0.2341932E-03   0.3147057E-01   0.2160232E+03
  0.7333333333333E+01   0.1412898E+01   0.7499864E+00   0.2632462E+02  -0.1835863E-01   0.8966574E-03   0.1258708E+00   0.2160410E+03
  0.7375000000000E+01   0.1445765E+01   0.7887942E+00   0.2632253E+02  -0.1820148E-01   0.3771607E-02   0.2333814E+00   0.2160297E+03
  0.7416666666667E+01   0.1477539E+01   0.7625829E+00   0.2631827E+02  -0.1791976E-01   0.6761231E-02   0.2843166E+00   0.2159984E+03
  0.7458333333333E+01   0.1506216E+01   0.6882417E+00   0.2631235E+02  -0.1760996E-01   0.7435081E-02   0.2532041E+00   0.2159464E+03
  0.7500000000000E+01   0.1532095E+01   0.6211020E+00   0.2630445E+02  -0.1736093E-01   0.5976875E-02   0.1889834E+00   0.2158761E+03
  0.7541666666667E+01   0.1556707E+01   0.5906831E+00   0.2629600E+02  -0.1718410E-01   0.4243740E-02   0.1695531E+00   0.2158046E+03
  0.7583333333333E+01   0.1580752E+01   0.5770871E+00   0.2628938E+02  -0.1702906E-01   0.3720980E-02   0.2313111E+00   0.2157533E+03
  0.7625000000000E+01   0.1603439E+01   0.5444799E+00   0.2628489E+02  -0.1682945E-01   0.4790688E-02   0.3451187E+00   0.2157263E+03
  0.7666666666667E+01   0.1623701E+01   0.4862992E+00   0.2628069E+02  -0.1656341E-01   0.6385072E-02   0.4399898E+00   0.2157031E+03
  0.7708333333333E+01   0.1641687E+01   0.4316586E+00   0.2627500E+02  -0.1626229E-01   0.7226802E-02   0.4586625E+00   0.2156584E+03
  0.7750000000000E+01   0.1658803E+01   0.4107946E+00   0.2626752E+02  -0.1596350E-01   0.7170927E-02   0.4026166E+00   0.2155884E+03
  0.7791666666667E+01   0.1676350E+01   0.4211170E+00   0.2626009E+02  -0.1569456E-01   0.6454690E-02   0.3180623E+00   0.2155168E+03
  0.7833333333333E+01   0.1694257E+01   0.4297700E+00   0.2625539E+02  -0.1547767E-01   0.5205376E-02   0.2493015E+00   0.2154714E+03
  0.7875000000000E+01   0.1711219E+01   0.4070810E+00   0.2625393E+02  -0.1531661E-01   0.3865336E-02   0.2107433E+00   0.2154564E+03
  0.7916666666667E+01   0.1726005E+01   0.3548767E+00   0.2625314E+02  -0.1519792E-01   0.2848636E-02   0.1888298E+00   0.2154485E+03
  0.7958333333333E+01   0.1738611E+01   0.3025430E+00   0.2624991E+02  -0.1510725E-01   0.2176088E-02   0.1657756E+00   0.2154203E+03
  0.8000000000000E+01   0.1750187E+01   0.2778121E+00   0.2624351E+02  -0.1503414E-01   0.1754462E-02   0.1423713E+00   0.2153658E+03
  0.8041666666667E+01   0.1761944E+01   0.2821638E+00   0.2623612E+02  -0.1497036E-01   0.1530742E-02   0.1351847E+00   0.2153039E+03
  0.8083333333333E+01   0.1774130E+01   0.2924712E+00   0.2623053E+02  -0.1490757E-01   0.1506992E-02   0.1557439E+00   0.2152583E+03
  0.8125000000000E+01   0.1785965E+01   0.2840306E+00   0.2622761E+02  -0.1483730E-01   0.1686433E-02   0.1963574E+00   0.2152362E+03
  0.8166666666667E+01   0.1796485E+01   0.2524913E+00   0.2622605E+02  -0.1475854E-01   0.1890318E-02   0.2342056E+00   0.2152258E+03
  0.8208333333333E+01   0.1805517E+01   0.2167763E+00   0.2622399E+02  -0.1467788E-01   0.1935869E-02   0.2500775E+00   0.2152099E+03
  0.8250000000000E+01   0.1813982E+01   0.2031494E+00   0.2622050E+02  -0.1459716E-01   0.1937275E-02   0.2439623E+00   0.2151803E+03
  0.8291666666667E+01   0.1823341E+01   0.2246120E+00   0.2621590E+02  -0.1451008E-01   0.2089848E-02   0.2304735E+00   0.2151409E+03
  0.8333333333333E+01   0.1834613E+01   0.2705379E+00   0.2621108E+02  -0.1441098E-01   0.2378397E-02   0.2211526E+00   0.2151001E+03
  0.8375000000000E+01   0.1847629E+01   0.3123822E+00   0.2620672E+02  -0.1430116E-01   0.2635684E-02   0.2136810E+00   0.2150633E+03
  0.8416666666667E+01   0.1860997E+01   0.3208424E+00   0.2620307E+02  -0.1419216E-01   0.2616044E-02   0.1955803E+00   0.2150317E+03
  0.8458333333333E+01   0.1872817E+01   0.2836711E+00   0.2619997E+02  -0.1410394E-01   0.2117328E-02   0.1566935E+00   0.2150036E+03
  0.8500000000000E+01   0.1881707E+01   0.2133662E+00   0.2619690E+02  -0.1405077E-01   0.1276073E-02   0.1000835E+00   0.2149758E+03
  0.8541666666667E+01   0.1887537E+01   0.1399067E+00   0.2619308E+02  -0.1402850E-01   0.5345043E-03   0.4187549E-01   0.2149426E+03
  0.8583333333333E+01   0.1891409E+01   0.9293179E-01   0.2618794E+02  -0.1402231E-01   0.1485722E-03  -0.5892152E-03   0.2148995E+03
  0.8625000000000E+01   0.1894947E+01   0.8491001E-01   0.2618168E+02  -0.1402239E-01  -0.1910431E-05  -0.2033139E-01   0.2148474E+03
  0.8666666666667E+01   0.1899378E+01   0.1063370E+00   0.2617524E+02  -0.1402583E-01  -0.8257604E-04  -0.2133646E-01   0.2147937E+03
  0.8708333333333E+01   0.1905011E+01   0.1352104E+00   0.2616968E+02  -0.1403042E-01  -0.1102153E-03  -0.1160450E-01   0.2147474E+03
  0.8750000000000E+01   0.1911368E+01   0.1525612E+00   0.2616536E+02  -0.1403324E-01  -0.6765066E-04   0.2389449E-02   0.2147113E+03
  0.8791666666667E+01   0.1917718E+01   0.1524026E+00   0.2616151E+02  -0.1403266E-01   0.1391758E-04   0.1758652E-01   0.2146793E+03
  0.8833333333333E+01   0.1923551E+01   0.1399859E+00   0.2615704E+02  -0.1402874E-01   0.9410259E-04   0.3202552E-01   0.2146422E+03
  0.8875000000000E+01   0.1928683E+01   0.1231756E+00   0.2615165E+02  -0.1402245E-01   0.1508107E-03   0.4285665E-01   0.2145973E+03
  0.8916666666667E+01   0.1933105E+01   0.1061304E+00   0.2614615E+02  -0.1401521E-01   0.1739238E-03   0.4724340E-01   0.2145516E+03
  0.8958333333333E+01   0.1936854E+01   0.8995749E-01   0.2614174E+02  -0.1400843E-01   0.1625439E-03   0.4514031E-01   0.2145149E+03
  0.9000000000000E+01   0.1940060E+01   0.7695435E-01   0.2613882E+02  -0.1400290E-01   0.1328811E-03   0.3961256E-01   0.2144904E+03
  0.9041666666667E+01   0.1943067E+01   0.7216007E-01   0.2613666E+02  -0.1399834E-01   0.1093563E-03   0.3460801E-01   0.2144723E+03
  0.9083333333333E+01   0.1946387E+01   0.7969079E-01   0.2613425E+02  -0.1399394E-01   0.1055200E-03   0.3243267E-01   0.2144523E+03
  0.9125000000000E+01   0.1950450E+01   0.9750392E-01   0.2613132E+02  -0.1398890E-01   0.1210026E-03   0.3323063E-01   0.2144278E+03
  0.9166666666667E+01   0.1955292E+01   0.1162216E+00   0.2612862E+02  -0.1398274E-01   0.1477965E-03   0.3629652E-01   0.2144054E+03
  0.9208333333333E+01   0.1960471E+01   0.1242913E+00   0.2612708E+02  -0.1397555E-01   0.1726590E-03   0.4231186E-01   0.2143926E+03
  0.9250000000000E+01   0.1965246E+01   0.1146017E+00   0.2612690E+02  -0.1396782E-01   0.1855934E-03   0.5389450E-01   0.2143913E+03
  0.9291666666667E+01   0.1968905E+01   0.8782140E-01   0.2612751E+02  -0.1396027E-01   0.1811578E-03   0.7410763E-01   0.2143968E+03
  0.9333333333333E+01   0.1971026E+01   0.5090214E-01   0.2612855E+02  -0.1395425E-01   0.1443780E-03   0.1082772E+00   0.2144064E+03
  0.9375000000000E+01   0.1971623E+01   0.1430949E-01   0.2602084E+02  -0.1395178E-01   0.5929878E-04   0.1523480E+00   0.2144203E+03
  0.9416666666667E+01   0.1971623E+01  -0.1285430E-14   0.2591045E+02  -0.1395178E-01  -0.2107689E-15   0.2001399E+00   0.2144319E+03
  0.9458333333333E+01   0.1971623E+01  -0.5715914E-15   0.2581093E+02  -0.1395178E-01   0.8031770E-15   0.2466676E+00   0.2144443E+03
  0.9500000000000E+01   0.1971623E+01   0.4683753E-15   0.2569896E+02  -0.1395178E-01  -0.1786765E-15   0.2851629E+00   0.2144662E+03
  0.9541666666667E+01   0.1971623E+01  -0.7355228E-15   0.2560291E+02  -0.1395178E-01   0.3903128E-15   0.3080262E+00   0.2144908E+03
  0.9583333333333E+01   0.1971623E+01   0.1908196E-16   0.2555415E+02  -0.1395178E-01   0.5481726E-15   0.3146839E+00   0.2145111E+03
  0.9625000000000E+01   0.1971623E+01  -0.8881784E-15   0.2554335E+02  -0.1395178E-01   0.4250073E-16   0.3036657E+00   0.2145217E+03
  0.9666666666667E+01   0.1971623E+01  -0.5308254E-15   0.2555373E+02  -0.1395178E-01   0.3816392E-16   0.2781909E+00   0.2145247E+03
  0.9708333333333E+01   0.1971623E+01  -0.1011344E-14   0.2557232E+02  -0.1395178E-01  -0.5793976E-15   0.2437565E+00   0.2145264E+03
  0.9750000000000E+01   0.1971623E+01  -0.3504141E-15   0.2559556E+02  -0.1395178E-01  -0.2602085E-15   0.2037041E+00   0.2145308E+03
  0.9791666666667E+01   0.1971623E+01   0.3400058E-15   0.2561648E+02  -0.1395178E-01  -0.6245005E-16   0.1627687E+00   0.2145358E+03
  0.9833333333333E+01   0.1971623E+01  -0.5941428E-15   0.2562861E+02  -0.1395178E-01   0.1283695E-15   0.1231569E+00   0.2145369E+03
  0.9875000000000E+01   0.1971623E+01   0.1440688E-14   0.2562804E+02  -0.1395178E-01   0.3001072E-15   0.8529141E-01   0.2145321E+03
  0.9916666666667E+01   0.1971623E+01  -0.1196092E-14   0.2561548E+02  -0.1395178E-01  -0.4579670E-15   0.4936351E-01   0.2145234E+03
  0.9958333333333E+01   0.1971623E+01  -0.1015681E-14   0.2559552E+02  -0.1395178E-01  -0.2359224E-15   0.1650107E-01   0.2145145E+03
  0.1000000000000E+02   0.1971623E+01  -0.4588344E-15   0.2557364E+02  -0.1395178E-01  -0.8075138E-15  -0.1129236E-01   0.2145076E+03
  0.1004166666667E+02   0.1971623E+01  -0.3859760E-15   0.2555322E+02  -0.1395178E-01  -0.5074066E-16  -0.3212474E-01   0.2145025E+03
  0.1008333333333E+02   0.1971623E+01   0.6223320E-15   0.2553458E+02  -0.1395178E-01  -0.1457168E-15  -0.4527595E-01   0.2144979E+03
  0.1012500000000E+02   0.1971623E+01  -0.8014422E-15   0.2551596E+02  -0.1395178E-01  -0.4002874E-15  -0.5152546E-01   0.2144931E+03
  0.1016666666667E+02   0.1971623E+01   0.3929149E-15   0.2549512E+02  -0.1395178E-01  -0.7676151E-16  -0.5260149E-01   0.2144883E+03
  0.1020833333333E+02   0.1971623E+01  -0.7997075E-15   0.2547056E+02  -0.1395178E-01  -0.2480655E-15  -0.5027586E-01   0.2144842E+03
  0.1025000000000E+02   0.1971623E+01  -0.5828671E-15   0.2544183E+02  -0.1395178E-01   0.2458971E-15  -0.4579479E-01   0.2144812E+03
  0.1029166666667E+02   0.1971623E+01  -0.2020953E-15   0.2540961E+02  -0.1395178E-01   0.1591609E-15  -0.3991998E-01   0.2144791E+03
  0.1033333333333E+02   0.1971623E+01   0.4653396E-15   0.2537579E+02  -0.1395178E-01   0.2471981E-15  -0.3328903E-01   0.2144775E+03
  0.1037500000000E+02   0.1971623E+01  -0.2779894E-15   0.2534350E+02  -0.1395178E-01  -0.1001803E-15  -0.2662924E-01   0.2144763E+03
  0.1041666666667E+02   0.1971623E+01   0.5160802E-15   0.2531663E+02  -0.1395178E-01   0.5746272E-15  -0.2061738E-01   0.2144759E+03
  0.1045833333333E+02   0.1971623E+01  -0.7459311E-15   0.2529892E+02  -0.1395178E-01  -0.2311519E-15  -0.1566397E-01   0.2144777E+03
  0.1050000000000E+02   0.1971623E+01  -0.2385245E-16   0.2529259E+02  -0.1395178E-01   0.2203099E-15  -0.1178858E-01   0.2144825E+03
  0.1054166666667E+02   0.1971623E+01   0.8803722E-16   0.2529786E+02  -0.1395178E-01  -0.7650131E-15  -0.8767663E-02   0.2144908E+03
  0.1058333333333E+02   0.1971623E+01  -0.1855720E-14   0.2531361E+02  -0.1395178E-01   0.1830133E-15  -0.6477156E-02   0.2145018E+03
  0.1062500000000E+02   0.1971623E+01   0.9775167E-15   0.2533821E+02  -0.1395178E-01   0.1613293E-15  -0.5061180E-02   0.2145141E+03
  0.1066666666667E+02   0.1971623E+01  -0.6774095E-15   0.2537323E+02  -0.1395178E-01  -0.3148523E-15  -0.6809352E-02   0.2145265E+03
  0.1070833333333E+02   0.1971623E+01  -0.9714451E-15   0.2541695E+02  -0.1395178E-01  -0.8673617E-18  -0.1170576E-01   0.2145383E+03
  0.1075000000000E+02   0.1971623E+01  -0.3452100E-15   0.2546593E+02  -0.1395178E-01   0.1240327E-15  -0.1786665E-01   0.2145499E+03
  0.1079166666667E+02   0.1971623E+01  -0.4701101E-15   0.2553425E+02  -0.1395178E-01  -0.5620504E-15  -0.2308852E-01   0.2145647E+03
  0.1083333333333E+02   0.1971623E+01  -0.2367898E-15   0.2563677E+02  -0.1395178E-01  -0.1214306E-16  -0.2319513E-01   0.2145858E+03
  0.1087500000000E+02   0.1971623E+01  -0.1511812E-14   0.2576388E+02  -0.1395178E-01  -0.6765422E-16  -0.1731507E-01   0.2146120E+03
  0.1091666666667E+02   0.1971623E+01  -0.4336809E-15   0.2589185E+02  -0.1395178E-01  -0.2341877E-15  -0.7806989E-02   0.2146388E+03
  0.1095833333333E+02   0.1971623E+01   0.2281161E-15   0.2601043E+02  -0.1395178E-01  -0.6071532E-16   0.2175563E-02   0.2146637E+03
  0.1100000000000E+02   0.1971623E+01  -0.4466913E-16   0.2611548E+02  -0.1395178E-01   0.5898060E-16   0.1056321E-01   0.2146853E+03
  0.1104166666667E+02   0.1971623E+01  -0.1325329E-14   0.2616448E+02  -0.1395178E-01   0.7042977E-15   0.1701519E-01   0.2147040E+03
  0.1108333333333E+02   0.1971864E+01   0.5782300E-02   0.2616605E+02  -0.1395163E-01   0.3760324E-05   0.2306983E-01   0.2147172E+03
  0.1112500000000E+02   0.1972596E+01   0.1757913E-01   0.2616658E+02  -0.1395098E-01   0.1549900E-04   0.3094225E-01   0.2147216E+03
  0.1116666666667E+02   0.1973630E+01   0.2482081E-01   0.2616653E+02  -0.1394976E-01   0.2935086E-04   0.4139769E-01   0.2147213E+03
  0.1120833333333E+02   0.1974520E+01   0.2135202E-01   0.2616664E+02  -0.1394835E-01   0.3378073E-04   0.5334405E-01   0.2147225E+03
  0.1125000000000E+02   0.1974931E+01   0.9865615E-02   0.2615434E+02  -0.1394751E-01   0.2011232E-04   0.6436015E-01   0.2147272E+03
  0.1129166666667E+02   0.1974931E+01   0.5724587E-16   0.2611770E+02  -0.1394751E-01   0.9714451E-16   0.7278853E-01   0.2147313E+03
  0.1133333333333E+02   0.1974931E+01  -0.1934217E-15   0.2612724E+02  -0.1394751E-01   0.2706169E-15   0.8007694E-01   0.2147279E+03
  0.1137500000000E+02   0.1974931E+01  -0.2389582E-15   0.2612450E+02  -0.1394751E-01  -0.4024558E-15   0.8506052E-01   0.2147219E+03
  0.1141666666667E+02   0.1974931E+01  -0.2255141E-15   0.2611378E+02  -0.1394751E-01   0.4267420E-15   0.8719322E-01   0.2147155E+03
  0.1145833333333E+02   0.1974931E+01  -0.1406427E-14   0.2609972E+02  -0.1394751E-01  -0.3313322E-15   0.8615042E-01   0.2147094E+03
  0.1150000000000E+02   0.1974931E+01  -0.1952865E-14   0.2608620E+02  -0.1394751E-01  -0.1977585E-15   0.8179998E-01   0.2147032E+03
  0.1154166666667E+02   0.1974931E+01  -0.4559070E-15   0.2607445E+02  -0.1394751E-01  -0.3677614E-15   0.7439633E-01   0.2146964E+03
  0.1158333333333E+02   0.1974931E+01  -0.5225854E-15   0.2606388E+02  -0.1394751E-01  -0.1457168E-15   0.6363222E-01   0.2146899E+03
  0.1162500000000E+02   0.1974931E+01  -0.9269386E-15   0.2605532E+02  -0.1394751E-01   0.3122502E-16   0.4939621E-01   0.2146848E+03
  0.1166666666667E+02   0.1974931E+01   0.4273925E-15   0.2604888E+02  -0.1394751E-01   0.1136244E-15   0.3166810E-01   0.2146817E+03
  0.1170833333333E+02   0.1974931E+01  -0.4549312E-15   0.2604398E+02  -0.1394751E-01   0.8326673E-16   0.1084649E-01   0.2146800E+03
  0.1175000000000E+02   0.1974931E+01  -0.4813858E-15   0.2603939E+02  -0.1394751E-01  -0.5438358E-15  -0.1236962E-01   0.2146787E+03
  0.1179166666667E+02   0.1974931E+01  -0.6245005E-16   0.2603413E+02  -0.1394751E-01   0.1613293E-15  -0.3721702E-01   0.2146773E+03
  0.1183333333333E+02   0.1974931E+01  -0.3981190E-15   0.2602801E+02  -0.1394751E-01   0.3694961E-15  -0.6282080E-01   0.2146760E+03
  0.1187500000000E+02   0.1974931E+01  -0.1205633E-15   0.2602151E+02  -0.1394751E-01  -0.3920475E-15  -0.8809432E-01   0.2146755E+03
  0.1191666666667E+02   0.1974931E+01  -0.4432218E-15   0.2601538E+02  -0.1394751E-01   0.3989864E-15  -0.1116846E+00   0.2146761E+03
  0.1195833333333E+02   0.1974931E+01   0.3209238E-15   0.2601029E+02  -0.1394751E-01   0.2749537E-15  -0.1320982E+00   0.2146778E+03
  0.1200000000000E+02   0.1974931E+01  -0.4787837E-15   0.2600685E+02  -0.1394751E-01   0.3851086E-15  -0.1479963E+00   0.2146804E+03
  0.1204166666667E+02   0.1974931E+01   0.5030698E-15   0.2600553E+02  -0.1394751E-01   0.5290907E-15  -0.1584751E+00   0.2146839E+03
  0.1208333333333E+02   0.1974931E+01  -0.1106754E-14   0.2600671E+02  -0.1394751E-01  -0.2602085E-16  -0.1631327E+00   0.2146881E+03
  0.1212500000000E+02   0.1974931E+01  -0.7875645E-15   0.2601147E+02  -0.1394751E-01  -0.2315856E-15  -0.1615021E+00   0.2146930E+03
  0.1216666666667E+02   0.1974931E+01  -0.7199102E-15   0.2602153E+02  -0.1394751E-01   0.1986258E-15  -0.1527971E+00   0.2146989E+03
  0.1220833333333E+02   0.1974931E+01   0.9133319E-15   0.2603608E+02  -0.1394751E-01  -0.2246467E-15  -0.1377533E+00   0.2147054E+03
  0.1225000000000E+02   0.1974931E+01   0.5516421E-15   0.2605305E+02  -0.1394751E-01   0.2775558E-15  -0.1182020E+00   0.2147123E+03
  0.1229166666667E+02   0.1974931E+01  -0.1051242E-14   0.2608201E+02  -0.1394751E-01   0.3174544E-15  -0.9615249E-01   0.2147210E+03
  0.1233333333333E+02   0.1974931E+01  -0.1096996E-14   0.2612501E+02  -0.1394751E-01   0.3937822E-15  -0.7186656E-01   0.2147318E+03
  0.1237500000000E+02   0.1974931E+01  -0.1691355E-16   0.2616906E+02  -0.1394751E-01   0.1344411E-15  -0.4658922E-01   0.2147427E+03
  0.1241666666667E+02   0.1974931E+01   0.8877447E-15   0.2617010E+02  -0.1394751E-01   0.4501607E-15  -0.2231030E-01   0.2147509E+03
  0.1245833333333E+02   0.1975085E+01   0.3692282E-02   0.2617039E+02  -0.1394764E-01  -0.3147712E-05   0.4497317E-04   0.2147532E+03
  0.1250000000000E+02   0.1975336E+01   0.6035458E-02   0.2617031E+02  -0.1394764E-01   0.1037179E-07   0.1996051E-01   0.2147527E+03
  0.1254166666667E+02   0.1975532E+01   0.4689559E-02   0.2617027E+02  -0.1394749E-01   0.3576801E-05   0.3679749E-01   0.2147524E+03
  0.1258333333333E+02   0.1975549E+01   0.4240705E-03   0.2613994E+02  -0.1394747E-01   0.5962771E-06   0.4904497E-01   0.2147540E+03
  0.1262500000000E+02   0.1975549E+01  -0.5603157E-15   0.2612857E+02  -0.1394747E-01   0.3070461E-15   0.5598304E-01   0.2147528E+03
  0.1266666666667E+02   0.1975549E+01  -0.1537832E-14   0.2611322E+02  -0.1394747E-01   0.2307182E-15   0.5781254E-01   0.2147479E+03
  0.1270833333333E+02   0.1975549E+01  -0.3469447E-17   0.2609352E+02  -0.1394747E-01   0.7840950E-15   0.5434714E-01   0.2147394E+03
  0.1275000000000E+02   0.1975549E+01  -0.1214306E-15   0.2606812E+02  -0.1394747E-01  -0.1821460E-15   0.4577426E-01   0.2147275E+03
  0.1279166666667E+02   0.1975549E+01  -0.7507016E-15   0.2603815E+02  -0.1394747E-01   0.5152129E-15   0.3332423E-01   0.2147133E+03
  0.1283333333333E+02   0.1975549E+01  -0.5412337E-15   0.2600681E+02  -0.1394747E-01  -0.3321995E-15   0.1906372E-01   0.2146982E+03
  0.1287500000000E+02   0.1975549E+01  -0.6097553E-15   0.2597664E+02  -0.1394747E-01  -0.2350550E-15   0.4479055E-02   0.2146831E+03
  0.1291666666667E+02   0.1975549E+01  -0.1776140E-14   0.2594939E+02  -0.1394747E-01   0.6045511E-15  -0.9369976E-02   0.2146682E+03
  0.1295833333333E+02   0.1975549E+01   0.1856154E-15   0.2592553E+02  -0.1394747E-01   0.2792905E-15  -0.2198904E-01   0.2146536E+03
  0.1300000000000E+02   0.1975549E+01  -0.1144050E-14   0.2590464E+02  -0.1394747E-01  -0.3495468E-15  -0.3322380E-01   0.2146392E+03
  0.1304166666667E+02   0.1975549E+01  -0.1621966E-15   0.2588628E+02  -0.1394747E-01   0.4458239E-15  -0.4295447E-01   0.2146258E+03
  0.1308333333333E+02   0.1975549E+01  -0.1037365E-14   0.2587046E+02  -0.1394747E-01  -0.6418477E-16  -0.5096388E-01   0.2146136E+03
  0.1312500000000E+02   0.1975549E+01   0.2463307E-15   0.2585774E+02  -0.1394747E-01   0.5394990E-15  -0.5700566E-01   0.2146031E+03
  0.1316666666667E+02   0.1975549E+01  -0.2359224E-15   0.2584875E+02  -0.1394747E-01  -0.3261280E-15  -0.6091302E-01   0.2145940E+03
  0.1320833333333E+02   0.1975549E+01  -0.1117162E-14   0.2584394E+02  -0.1394747E-01   0.4041906E-15  -0.6260608E-01   0.2145863E+03
  0.1325000000000E+02   0.1975549E+01  -0.4943962E-15   0.2584348E+02  -0.1394747E-01  -0.1509209E-15  -0.6200527E-01   0.2145800E+03
  0.1329166666667E+02   0.1975549E+01  -0.1141448E-14   0.2584736E+02  -0.1394747E-01  -0.5082740E-15  -0.5895877E-01   0.2145754E+03
  0.1333333333333E+02   0.1975549E+01   0.7945034E-15   0.2585544E+02  -0.1394747E-01  -0.4857226E-16  -0.5325732E-01   0.2145730E+03
  0.1337500000000E+02   0.1975549E+01  -0.8413409E-15   0.2586739E+02  -0.1394747E-01  -0.3001072E-15  -0.4471734E-01   0.2145729E+03
  0.1341666666667E+02   0.1975549E+01   0.3157197E-15   0.2588254E+02  -0.1394747E-01   0.1439820E-15  -0.3326987E-01   0.2145746E+03
  0.1345833333333E+02   0.1975549E+01  -0.1543904E-15   0.2589984E+02  -0.1394747E-01   0.1231654E-15  -0.1901830E-01   0.2145779E+03
  0.1350000000000E+02   0.1975549E+01  -0.8933826E-15   0.2591803E+02  -0.1394747E-01  -0.3868433E-15  -0.2261643E-02   0.2145822E+03
  0.1354166666667E+02   0.1975549E+01   0.4024558E-15   0.2593590E+02  -0.1394747E-01  -0.1266348E-15   0.1651622E-01   0.2145873E+03
  0.1358333333333E+02   0.1975549E+01  -0.9298118E-15   0.2595245E+02  -0.1394747E-01  -0.4597017E-15   0.3669720E-01   0.2145929E+03
  0.1362500000000E+02   0.1975549E+01  -0.5082740E-15   0.2596701E+02  -0.1394747E-01  -0.1908196E-15   0.5761114E-01   0.2145991E+03
  0.1366666666667E+02   0.1975549E+01  -0.7754214E-15   0.2597917E+02  -0.1394747E-01  -0.4250073E-15   0.7861817E-01   0.2146054E+03
  0.1370833333333E+02   0.1975549E+01  -0.5846018E-15   0.2598870E+02  -0.1394747E-01   0.1752071E-15   0.9916235E-01   0.2146116E+03
  0.1375000000000E+02   0.1975549E+01  -0.4969983E-15   0.2599555E+02  -0.1394747E-01  -0.6696033E-15   0.1187987E+00   0.2146176E+03
  0.1379166666667E+02   0.1975549E+01  -0.4761816E-15   0.2599980E+02  -0.1394747E-01   0.5499073E-15   0.1372162E+00   0.2146231E+03
  0.1383333333333E+02   0.1975549E+01   0.8456777E-15   0.2600166E+02  -0.1394747E-01  -0.2949030E-15   0.1542631E+00   0.2146283E+03
  0.1387500000000E+02   0.1975549E+01   0.3421742E-15   0.2600142E+02  -0.1394747E-01  -0.7563394E-15   0.1699524E+00   0.2146329E+03
  0.1391666666667E+02   0.1975549E+01  -0.1253338E-15   0.2599951E+02  -0.1394747E-01   0.6140921E-15   0.1844213E+00   0.2146369E+03
  0.1395833333333E+02   0.1975549E+01  -0.5418842E-15   0.2599640E+02  -0.1394747E-01  -0.2428613E-15   0.1978566E+00   0.2146404E+03
  0.1400000000000E+02   0.1975549E+01  -0.6696033E-15   0.2599264E+02  -0.1394747E-01  -0.5880713E-15   0.2104242E+00   0.2146432E+03
  0.1404166666667E+02   0.1975549E+01  -0.9792514E-15   0.2598879E+02  -0.1394747E-01  -0.4597017E-15   0.2222385E+00   0.2146456E+03
  0.1408333333333E+02   0.1975549E+01  -0.1372383E-14   0.2598535E+02  -0.1394747E-01   0.4215378E-15   0.2333652E+00   0.2146475E+03
  0.1412500000000E+02   0.1975549E+01  -0.1942673E-14   0.2598270E+02  -0.1394747E-01   0.1856154E-15   0.2438294E+00   0.2146491E+03
  0.1416666666667E+02   0.1975549E+01  -0.7127545E-15   0.2598105E+02  -0.1394747E-01   0.3261280E-15   0.2536120E+00   0.2146504E+03
  0.1420833333333E+02   0.1975549E+01   0.3350185E-15   0.2598044E+02  -0.1394747E-01  -0.4163336E-16   0.2626431E+00   0.2146516E+03
  0.1425000000000E+02   0.1975549E+01  -0.4070095E-15   0.2598074E+02  -0.1394747E-01  -0.3452100E-15   0.2708125E+00   0.2146527E+03
  0.1429166666667E+02   0.1975549E+01  -0.5013351E-15   0.2598169E+02  -0.1394747E-01   0.2498002E-15   0.2779959E+00   0.2146536E+03
  0.1433333333333E+02   0.1975549E+01   0.6301383E-15   0.2598293E+02  -0.1394747E-01   0.2324529E-15   0.2840792E+00   0.2146544E+03
  0.1437500000000E+02   0.1975549E+01  -0.6578939E-15   0.2598411E+02  -0.1394747E-01  -0.3174544E-15   0.2889674E+00   0.2146548E+03
  0.1441666666667E+02   0.1975549E+01  -0.3443426E-15   0.2598492E+02  -0.1394747E-01   0.7285839E-16   0.2925837E+00   0.2146549E+03
  0.1445833333333E+02   0.1975549E+01  -0.1464540E-14   0.2598520E+02  -0.1394747E-01   0.5204170E-16   0.2948799E+00   0.2146545E+03
  0.1450000000000E+02   0.1975549E+01   0.5022024E-15   0.2598488E+02  -0.1394747E-01   0.3139849E-15   0.2958652E+00   0.2146535E+03
  0.1454166666667E+02   0.1975549E+01   0.2246467E-15   0.2598399E+02  -0.1394747E-01  -0.1717376E-15   0.2956402E+00   0.2146520E+03
  0.1458333333333E+02   0.1975549E+01  -0.1448060E-14   0.2598261E+02  -0.1394747E-01  -0.2099015E-15   0.2944128E+00   0.2146501E+03
  0.1462500000000E+02   0.1975549E+01  -0.4861563E-15   0.2598082E+02  -0.1394747E-01  -0.3157197E-15   0.2924802E+00   0.2146479E+03
  0.1466666666667E+02   0.1975549E+01   0.1916869E-15   0.2597870E+02  -0.1394747E-01   0.2896988E-15   0.2901831E+00   0.2146456E+03
  0.1470833333333E+02   0.1975549E+01  -0.1886945E-14   0.2597635E+02  -0.1394747E-01  -0.5533768E-15   0.2878511E+00   0.2146434E+03
  0.1475000000000E+02   0.1975549E+01   0.2602085E-16   0.2597385E+02  -0.1394747E-01   0.2775558E-16   0.2857573E+00   0.2146414E+03
  0.1479166666667E+02   0.1975549E+01  -0.1951564E-16   0.2597127E+02  -0.1394747E-01   0.1873501E-15   0.2840908E+00   0.2146395E+03
  0.1483333333333E+02   0.1975549E+01   0.3417405E-15   0.2596866E+02  -0.1394747E-01  -0.4943962E-15   0.2829478E+00   0.2146377E+03
  0.1487500000000E+02   0.1975549E+01  -0.8213916E-15   0.2596605E+02  -0.1394747E-01   0.1023487E-15   0.2823383E+00   0.2146361E+03
  0.1491666666667E+02   0.1975549E+01  -0.5607494E-15   0.2596345E+02  -0.1394747E-01  -0.3989864E-16   0.2822028E+00   0.2146347E+03
  0.1495833333333E+02   0.1975549E+01  -0.1821893E-14   0.2596087E+02  -0.1394747E-01   0.2046974E-15   0.2824382E+00   0.2146335E+03
  0.1500000000000E+02   0.1975549E+01  -0.8530503E-15   0.2595835E+02  -0.1394747E-01  -0.2359224E-15   0.2829248E+00   0.2146325E+03
  0.1504166666667E+02   0.1975549E+01   0.2896988E-15   0.2595592E+02  -0.1394747E-01   0.4562323E-15   0.2835488E+00   0.2146317E+03
  0.1508333333333E+02   0.1975549E+01   0.1660998E-15   0.2595364E+02  -0.1394747E-01   0.1047773E-14   0.2842119E+00   0.2146310E+03
  0.1512500000000E+02   0.1975549E+01  -0.1365444E-14   0.2595156E+02  -0.1394747E-01  -0.1474515E-15   0.2848288E+00   0.2146305E+03
  0.1516666666667E+02   0.1975549E+01  -0.7285839E-16   0.2594972E+02  -0.1394747E-01   0.5551115E-16   0.2853187E+00   0.2146302E+03
  0.1520833333333E+02   0.1975549E+01   0.7238134E-15   0.2594818E+02  -0.1394747E-01   0.4718448E-15   0.2856020E+00   0.2146302E+03
  0.1525000000000E+02   0.1975549E+01   0.4553649E-16   0.2594695E+02  -0.1394747E-01   0.5551115E-15   0.2856085E+00   0.2146305E+03
  0.1529166666667E+02   0.1975549E+01  -0.9746978E-15   0.2594604E+02  -0.1394747E-01  -0.7285839E-16   0.2852909E+00   0.2146308E+03
  0.1533333333333E+02   0.1975549E+01   0.5767956E-16   0.2594541E+02  -0.1394747E-01  -0.1231654E-15   0.2846352E+00   0.2146310E+03
  0.1537500000000E+02   0.1975549E+01  -0.4263083E-15   0.2594501E+02  -0.1394747E-01   0.1977585E-15   0.2836567E+00   0.2146309E+03
  0.1541666666667E+02   0.1975549E+01   0.8528334E-15   0.2594472E+02  -0.1394747E-01  -0.3660267E-15   0.2823838E+00   0.2146304E+03
  0.1545833333333E+02   0.1975549E+01   0.3989864E-16   0.2594443E+02  -0.1394747E-01   0.8153200E-16   0.2808352E+00   0.2146295E+03
  0.1550000000000E+02   0.1975549E+01   0.3499805E-15   0.2594399E+02  -0.1394747E-01   0.4406198E-15   0.2790068E+00   0.2146283E+03
  0.1554166666667E+02   0.1975549E+01  -0.8417746E-15   0.2594330E+02  -0.1394747E-01  -0.7008283E-15   0.2768699E+00   0.2146270E+03
  0.1558333333333E+02   0.1975549E+01  -0.1580333E-14   0.2594226E+02  -0.1394747E-01   0.1127570E-15   0.2743832E+00   0.2146257E+03
  0.1562500000000E+02   0.1975549E+01   0.2905662E-16   0.2594083E+02  -0.1394747E-01   0.2983724E-15   0.2715085E+00   0.2146245E+03
  0.1566666666667E+02   0.1975549E+01   0.7333543E-15   0.2593899E+02  -0.1394747E-01   0.2341877E-15   0.2682213E+00   0.2146235E+03
  0.1570833333333E+02   0.1975549E+01   0.9306791E-15   0.2593673E+02  -0.1394747E-01   0.5394990E-15   0.2645144E+00   0.2146225E+03
  0.1575000000000E+02   0.1975549E+01  -0.8927321E-15   0.2593407E+02  -0.1394747E-01  -0.3113829E-15   0.2603947E+00   0.2146216E+03
  0.1579166666667E+02   0.1975549E+01   0.5793976E-15   0.2593103E+02  -0.1394747E-01   0.7112366E-16   0.2558782E+00   0.2146208E+03
  0.1583333333333E+02   0.1975549E+01   0.1890849E-15   0.2592760E+02  -0.1394747E-01   0.8239937E-16   0.2509907E+00   0.2146201E+03
  0.1587500000000E+02   0.1975549E+01   0.1313836E-14   0.2592372E+02  -0.1394747E-01  -0.5898060E-15   0.2457728E+00   0.2146194E+03
  0.1591666666667E+02   0.1975549E+01   0.1760744E-15   0.2591931E+02  -0.1394747E-01   0.1491862E-15   0.2402879E+00   0.2146186E+03
  0.1595833333333E+02   0.1975549E+01  -0.1264180E-15   0.2591426E+02  -0.1394747E-01  -0.3963843E-15   0.2346291E+00   0.2146179E+03
  0.1600000000000E+02   0.1975549E+01   0.1955901E-15   0.2590846E+02  -0.1394747E-01   0.3816392E-15   0.2289200E+00   0.2146172E+03
  0.1604166666667E+02   0.1975549E+01   0.1123233E-15   0.2590191E+02  -0.1394747E-01  -0.9783840E-15   0.2233103E+00   0.2146165E+03
  0.1608333333333E+02   0.1975549E+01   0.3684119E-15   0.2589467E+02  -0.1394747E-01   0.2775558E-15   0.2179652E+00   0.2146158E+03
  0.1612500000000E+02   0.1975549E+01  -0.4950467E-15   0.2588696E+02  -0.1394747E-01   0.6245005E-16   0.2130517E+00   0.2146150E+03
  0.1616666666667E+02   0.1975549E+01  -0.1925543E-14   0.2587903E+02  -0.1394747E-01   0.6817463E-15   0.2087206E+00   0.2146142E+03
  0.1620833333333E+02   0.1975549E+01  -0.5225854E-16   0.2587121E+02  -0.1394747E-01   0.2393918E-15   0.2050873E+00   0.2146132E+03
  0.1625000000000E+02   0.1975549E+01  -0.1292369E-15   0.2586378E+02  -0.1394747E-01   0.3122502E-15   0.2022115E+00   0.2146122E+03
  0.1629166666667E+02   0.1975549E+01  -0.2311519E-15   0.2585692E+02  -0.1394747E-01  -0.2168404E-16   0.2000825E+00   0.2146111E+03
  0.1633333333333E+02   0.1975549E+01   0.5941428E-16   0.2585070E+02  -0.1394747E-01   0.4093947E-15   0.1986125E+00   0.2146099E+03
  0.1637500000000E+02   0.1975549E+01  -0.8663860E-15   0.2584510E+02  -0.1394747E-01   0.8673617E-16   0.1976429E+00   0.2146087E+03
  0.1641666666667E+02   0.1975549E+01   0.2451381E-15   0.2583997E+02  -0.1394747E-01  -0.5082740E-15   0.1969637E+00   0.2146075E+03
  0.1645833333333E+02   0.1975549E+01  -0.7556889E-16   0.2583515E+02  -0.1394747E-01  -0.9653736E-15   0.1963418E+00   0.2146064E+03
  0.1650000000000E+02   0.1975549E+01  -0.1491862E-14   0.2583047E+02  -0.1394747E-01  -0.1457168E-15   0.1955522E+00   0.2146053E+03
  0.1654166666667E+02   0.1975549E+01  -0.1292803E-14   0.2582583E+02  -0.1394747E-01  -0.1960238E-15   0.1944065E+00   0.2146042E+03
  0.1658333333333E+02   0.1975549E+01  -0.1795439E-15   0.2582116E+02  -0.1394747E-01  -0.1205633E-15   0.1927727E+00   0.2146032E+03
  0.1662500000000E+02   0.1975549E+01   0.1110223E-15   0.2581650E+02  -0.1394747E-01  -0.3816392E-16   0.1905878E+00   0.2146021E+03
  0.1666666666667E+02   0.1975549E+01  -0.4531965E-15   0.2581193E+02  -0.1394747E-01   0.1196959E-15   0.1878602E+00   0.2146010E+03
  0.1670833333333E+02   0.1975549E+01  -0.1810618E-15   0.2580759E+02  -0.1394747E-01  -0.7485332E-15   0.1846654E+00   0.2145999E+03
  0.1675000000000E+02   0.1975549E+01   0.1111090E-14   0.2580358E+02  -0.1394747E-01  -0.3903128E-16   0.1811342E+00   0.2145988E+03
  0.1679166666667E+02   0.1975549E+01  -0.1988210E-14   0.2579999E+02  -0.1394747E-01  -0.2532696E-15   0.1774343E+00   0.2145977E+03
  0.1683333333333E+02   0.1975549E+01   0.2594496E-15   0.2579686E+02  -0.1394747E-01  -0.6383782E-15   0.1737462E+00   0.2145967E+03
  0.1687500000000E+02   0.1975549E+01  -0.4076600E-16   0.2579413E+02  -0.1394747E-01   0.3295975E-15   0.1702392E+00   0.2145958E+03
  0.1691666666667E+02   0.1975549E+01   0.3705803E-15   0.2579172E+02  -0.1394747E-01  -0.4718448E-15   0.1670503E+00   0.2145949E+03
  0.1695833333333E+02   0.1975549E+01  -0.3492215E-15   0.2578947E+02  -0.1394747E-01   0.1769418E-15   0.1642711E+00   0.2145941E+03
  0.1700000000000E+02   0.1975549E+01  -0.3047692E-15   0.2578728E+02  -0.1394747E-01   0.3183218E-15   0.1619451E+00   0.2145935E+03
  0.1704166666667E+02   0.1975549E+01  -0.6017322E-15   0.2578504E+02  -0.1394747E-01  -0.2046974E-15   0.1600724E+00   0.2145929E+03
  0.1708333333333E+02   0.1975549E+01   0.6004312E-15   0.2578274E+02  -0.1394747E-01   0.8586881E-16   0.1586203E+00   0.2145923E+03
  0.1712500000000E+02   0.1975549E+01   0.4492934E-15   0.2578038E+02  -0.1394747E-01   0.9887924E-16   0.1575353E+00   0.2145918E+03
  0.1716666666667E+02   0.1975549E+01   0.5537020E-15   0.2577801E+02  -0.1394747E-01  -0.3868433E-15   0.1567532E+00   0.2145913E+03
  0.1720833333333E+02   0.1975549E+01   0.3287301E-15   0.2577569E+02  -0.1394747E-01   0.2619432E-15   0.1562071E+00   0.2145908E+03
  0.1725000000000E+02   0.1975549E+01  -0.6152847E-15   0.2577348E+02  -0.1394747E-01   0.7294512E-15   0.1558332E+00   0.2145904E+03
  0.1729166666667E+02   0.1975549E+01  -0.7266323E-15   0.2577138E+02  -0.1394747E-01   0.6002143E-15   0.1555747E+00   0.2145899E+03
  0.1733333333333E+02   0.1975549E+01  -0.7422990E-15   0.2576941E+02  -0.1394747E-01  -0.4224052E-15   0.1553839E+00   0.2145894E+03
  0.1737500000000E+02   0.1975549E+01  -0.4977030E-15   0.2576755E+02  -0.1394747E-01   0.3677614E-15   0.1552220E+00   0.2145889E+03
  0.1741666666667E+02   0.1975549E+01  -0.1108651E-14   0.2576580E+02  -0.1394747E-01   0.2255141E-15   0.1550571E+00   0.2145883E+03
  0.1745833333333E+02   0.1975549E+01  -0.9683010E-15   0.2576414E+02  -0.1394747E-01   0.9367507E-16   0.1548594E+00   0.2145876E+03
  0.1750000000000E+02   0.1975549E+01  -0.2997277E-15   0.2576256E+02  -0.1394747E-01  -0.1908196E-15   0.1545984E+00   0.2145869E+03
  0.1754166666667E+02   0.1975549E+01  -0.1031076E-15   0.2576106E+02  -0.1394747E-01  -0.2489328E-15   0.1542408E+00   0.2145861E+03
  0.1758333333333E+02   0.1975549E+01  -0.2409639E-15   0.2575962E+02  -0.1394747E-01  -0.9887924E-16   0.1537537E+00   0.2145853E+03
  0.1762500000000E+02   0.1975549E+01  -0.6703080E-15   0.2575822E+02  -0.1394747E-01  -0.8847090E-16   0.1531110E+00   0.2145845E+03
  0.1766666666667E+02   0.1975549E+01  -0.1177118E-14   0.2575686E+02  -0.1394747E-01  -0.4093947E-15   0.1523014E+00   0.2145837E+03
  0.1770833333333E+02   0.1975549E+01  -0.8317999E-15   0.2575551E+02  -0.1394747E-01  -0.7806256E-17   0.1513333E+00   0.2145829E+03
  0.1775000000000E+02   0.1975549E+01  -0.3555641E-15   0.2575418E+02  -0.1394747E-01  -0.5620504E-15   0.1502348E+00   0.2145820E+03
  0.1779166666667E+02   0.1975549E+01   0.7155734E-16   0.2575290E+02  -0.1394747E-01   0.2532696E-15   0.1490485E+00   0.2145812E+03
  0.1783333333333E+02   0.1975549E+01   0.6370772E-15   0.2575169E+02  -0.1394747E-01   0.5273559E-15   0.1478224E+00   0.2145803E+03
  0.1787500000000E+02   0.1975549E+01   0.4965646E-15   0.2575060E+02  -0.1394747E-01  -0.6418477E-15   0.1466015E+00   0.2145794E+03
  0.1791666666667E+02   0.1975549E+01  -0.3039019E-15   0.2574964E+02  -0.1394747E-01  -0.2020953E-15   0.1454222E+00   0.2145785E+03
  0.1795833333333E+02   0.1975549E+01   0.2281703E-15   0.2574883E+02  -0.1394747E-01  -0.3009745E-15   0.1443120E+00   0.2145776E+03
  0.1800000000000E+02   0.1975549E+01  -0.1098514E-14   0.2574814E+02  -0.1394747E-01  -0.6028164E-15   0.1432913E+00   0.2145769E+03
  0.1804166666667E+02   0.1975549E+01   0.5813492E-15   0.2574754E+02  -0.1394747E-01   0.1569925E-15   0.1423770E+00   0.2145762E+03
  0.1808333333333E+02   0.1975549E+01  -0.7822519E-15   0.2574694E+02  -0.1394747E-01  -0.5733261E-15   0.1415839E+00   0.2145757E+03
  0.1812500000000E+02   0.1975549E+01   0.7727109E-15   0.2574628E+02  -0.1394747E-01   0.1491862E-15   0.1409235E+00   0.2145753E+03
  0.1816666666667E+02   0.1975549E+01  -0.1846396E-15   0.2574548E+02  -0.1394747E-01   0.4943962E-16   0.1404011E+00   0.2145749E+03
  0.1820833333333E+02   0.1975549E+01  -0.1101441E-14   0.2574451E+02  -0.1394747E-01  -0.7476658E-15   0.1400112E+00   0.2145746E+03
  0.1825000000000E+02   0.1975549E+01  -0.1169854E-15   0.2574336E+02  -0.1394747E-01  -0.1101549E-15   0.1397351E+00   0.2145743E+03
  0.1829166666667E+02   0.1975549E+01   0.1337147E-14   0.2574210E+02  -0.1394747E-01  -0.1006140E-15   0.1395411E+00   0.2145739E+03
  0.1833333333333E+02   0.1975549E+01  -0.5223686E-15   0.2574082E+02  -0.1394747E-01   0.2168404E-16   0.1393879E+00   0.2145736E+03
  0.1837500000000E+02   0.1975549E+01   0.1939638E-15   0.2573963E+02  -0.1394747E-01   0.1613293E-15   0.1392315E+00   0.2145732E+03
  0.1841666666667E+02   0.1975549E+01  -0.9587600E-15   0.2573867E+02  -0.1394747E-01  -0.3382711E-16   0.1390323E+00   0.2145727E+03
  0.1845833333333E+02   0.1975549E+01   0.2341877E-15   0.2573804E+02  -0.1394747E-01   0.6418477E-16   0.1387623E+00   0.2145723E+03
  0.1850000000000E+02   0.1975549E+01  -0.2680148E-15   0.2573780E+02  -0.1394747E-01  -0.1127570E-16   0.1384087E+00   0.2145719E+03
  0.1854166666667E+02   0.1975549E+01  -0.3758929E-15   0.2573795E+02  -0.1394747E-01   0.2940356E-15   0.1379748E+00   0.2145716E+03
  0.1858333333333E+02   0.1975549E+01  -0.2424276E-15   0.2573842E+02  -0.1394747E-01   0.4336809E-17   0.1374766E+00   0.2145713E+03
  0.1862500000000E+02   0.1975549E+01   0.9531221E-15   0.2573906E+02  -0.1394747E-01   0.7147061E-15   0.1369380E+00   0.2145711E+03
  0.1866666666667E+02   0.1975549E+01   0.4757479E-15   0.2573972E+02  -0.1394747E-01   0.3599551E-15   0.1363850E+00   0.2145709E+03
  0.1870833333333E+02   0.1975549E+01   0.8424251E-16   0.2574022E+02  -0.1394747E-01   0.1734723E-16   0.1358413E+00   0.2145706E+03
  0.1875000000000E+02   0.1975549E+01  -0.1700137E-14   0.2574041E+02  -0.1394747E-01  -0.4553649E-15   0.1353253E+00   0.2145704E+03
  0.1879166666667E+02   0.1975549E+01   0.2966377E-15   0.2574021E+02  -0.1394747E-01   0.4241399E-15   0.1348502E+00   0.2145702E+03
  0.1883333333333E+02   0.1975549E+01   0.2608590E-15   0.2573963E+02  -0.1394747E-01   0.1647987E-16   0.1344239E+00   0.2145700E+03
  0.1887500000000E+02   0.1975549E+01  -0.1143291E-14   0.2573876E+02  -0.1394747E-01   0.3616898E-15   0.1340503E+00   0.2145698E+03
  0.1891666666667E+02   0.1975549E+01  -0.3964927E-15   0.2573776E+02  -0.1394747E-01  -0.4753142E-15   0.1337297E+00   0.2145696E+03
  0.1895833333333E+02   0.1975549E+01   0.1189803E-14   0.2573682E+02  -0.1394747E-01   0.2341877E-16   0.1334589E+00   0.2145694E+03
  0.1900000000000E+02   0.1975549E+01  -0.1024463E-14   0.2573613E+02  -0.1394747E-01  -0.6331741E-16   0.1332297E+00   0.2145693E+03
  0.1904166666667E+02   0.1975549E+01  -0.7787824E-15   0.2573584E+02  -0.1394747E-01   0.3460773E-15   0.1330287E+00   0.2145691E+03
  0.1908333333333E+02   0.1975549E+01  -0.1269601E-15   0.2573599E+02  -0.1394747E-01   0.1092876E-15   0.1328377E+00   0.2145690E+03
  0.1912500000000E+02   0.1975549E+01   0.5301749E-15   0.2573656E+02  -0.1394747E-01   0.3729655E-15   0.1326359E+00   0.2145688E+03
  0.1916666666667E+02   0.1975549E+01   0.2934935E-15   0.2573741E+02  -0.1394747E-01   0.5611830E-15   0.1324042E+00   0.2145686E+03
  0.1920833333333E+02   0.1975549E+01   0.7311859E-15   0.2573836E+02  -0.1394747E-01   0.7632783E-16   0.1321299E+00   0.2145683E+03
  0.1925000000000E+02   0.1975549E+01  -0.7463648E-15   0.2573919E+02  -0.1394747E-01   0.1353084E-15   0.1318114E+00   0.2145680E+03
  0.1929166666667E+02   0.1975549E+01  -0.8465451E-15   0.2573970E+02  -0.1394747E-01   0.1266348E-15   0.1314606E+00   0.2145676E+03
  0.1933333333333E+02   0.1975549E+01  -0.6042259E-15   0.2573976E+02  -0.1394747E-01  -0.1647987E-15   0.1311013E+00   0.2145672E+03
  0.1937500000000E+02   0.1975549E+01  -0.6427150E-15   0.2573931E+02  -0.1394747E-01   0.6565928E-15   0.1307657E+00   0.2145668E+03
  0.1941666666667E+02   0.1975549E+01   0.4369335E-15   0.2573836E+02  -0.1394747E-01   0.3330669E-15   0.1304877E+00   0.2145664E+03
  0.1945833333333E+02   0.1975549E+01   0.3326332E-15   0.2573702E+02  -0.1394747E-01  -0.3382711E-16   0.1302957E+00   0.2145661E+03
  0.1950000000000E+02   0.1975549E+01  -0.1125402E-14   0.2573545E+02  -0.1394747E-01  -0.1379105E-15   0.1302081E+00   0.2145658E+03
  0.1954166666667E+02   0.1975549E+01  -0.5962028E-15   0.2573385E+02  -0.1394747E-01   0.4501607E-15   0.1302294E+00   0.2145656E+03
  0.1958333333333E+02   0.1975549E+01  -0.1019150E-14   0.2573238E+02  -0.1394747E-01   0.3989864E-16   0.1303511E+00   0.2145654E+03
  0.1962500000000E+02   0.1975549E+01  -0.9150666E-16   0.2573119E+02  -0.1394747E-01  -0.6591949E-15   0.1305539E+00   0.2145653E+03
  0.1966666666667E+02   0.1975549E+01   0.2089258E-15   0.2573035E+02  -0.1394747E-01   0.3287301E-15   0.1308117E+00   0.2145651E+03
  0.1970833333333E+02   0.1975549E+01   0.2352719E-16   0.2572988E+02  -0.1394747E-01  -0.2341877E-16   0.1310962E+00   0.2145648E+03
  0.1975000000000E+02   0.1975549E+01   0.2076247E-15   0.2572973E+02  -0.1394747E-01  -0.6123574E-15   0.1313807E+00   0.2145645E+03
  0.1979166666667E+02   0.1975549E+01  -0.3814223E-15   0.2572978E+02  -0.1394747E-01   0.4189357E-15   0.1316431E+00   0.2145640E+03
  0.1983333333333E+02   0.1975549E+01   0.3469447E-17   0.2572992E+02  -0.1394747E-01   0.2125036E-15   0.1318682E+00   0.2145636E+03
  0.1987500000000E+02   0.1975549E+01  -0.1497066E-14   0.2573002E+02  -0.1394747E-01  -0.3556183E-15   0.1320486E+00   0.2145631E+03
  0.1991666666667E+02   0.1975549E+01  -0.6156100E-15   0.2572996E+02  -0.1394747E-01   0.6253678E-15   0.1321846E+00   0.2145626E+03
  0.1995833333333E+02   0.1975549E+01  -0.3781697E-15   0.2572969E+02  -0.1394747E-01   0.1058181E-15   0.1322822E+00   0.2145621E+03
  0.2000000000000E+02   0.1975549E+01   0.9625547E-15   0.2572919E+02  -0.1394747E-01  -0.6158268E-16   0.1323513E+00   0.2145617E+03
