 # Project=San-Ti                        
 # Author=Sophon                        
 # date =  9/22/2026 13:57:33
 # code = EQdyna
 # element_size =   500.00000000000000     
 # time_step =  0.0417  s
 # num_time_steps =   480
 # Time series in 11 columns in format E15.7
 # Column #1 = Time (s)
 # Column #2 = horizontal slip (m)
 # Column #3 = horizontal slip rate (m/s)
 # Column #4 = horizontal shear stress (MPa)
 # Column #5 = down-dip slip (m)
 # Column #6 = down-dip slip rate (m/s)
 # Column #7 = down-dip shear stress (MPa)
 # Column #8 = normal stress (MPa)
 # The line below lists the names of the data fields:
 t h-slip h-slip-rate h-shear-stress v-slip v-slip-rate v-shear-stress n-stress
  0.4166666666667E-01   0.0000000E+00   0.0000000E+00   0.1208874E+02  -0.0000000E+00  -0.0000000E+00  -0.1901696E+01   0.7935660E+02
  0.8333333333333E-01   0.6830727E-17   0.1639375E-15   0.1208872E+02   0.1350337E-16   0.3240808E-15  -0.1901628E+01   0.7935661E+02
  0.1250000000000E+00  -0.2578143E-17  -0.2258131E-15   0.1208868E+02   0.2312151E-16   0.2308357E-15  -0.1901480E+01   0.7935664E+02
  0.1666666666667E+00   0.3458499E-16   0.8919155E-15   0.1208864E+02   0.2155709E-16  -0.3754474E-16  -0.1901245E+01   0.7935670E+02
  0.2083333333333E+00  -0.3983702E-17  -0.9256529E-15   0.1208860E+02   0.2383667E-16   0.5471579E-16  -0.1900942E+01   0.7935676E+02
  0.2500000000000E+00  -0.2506370E-16  -0.5059226E-15   0.1208859E+02   0.1078315E-16  -0.3132853E-15  -0.1900616E+01   0.7935685E+02
  0.2916666666667E+00  -0.1916963E-16   0.1414647E-15   0.1208864E+02   0.1679624E-16   0.1443005E-15  -0.1900316E+01   0.7935694E+02
  0.3333333333333E+00  -0.2891982E-16  -0.2339945E-15   0.1208874E+02   0.2660319E-16   0.2353922E-15  -0.1900095E+01   0.7935702E+02
  0.3750000000000E+00  -0.4927529E-16  -0.4885347E-15   0.1208885E+02   0.6873672E-17  -0.4735084E-15  -0.1900009E+01   0.7935702E+02
  0.4166666666667E+00  -0.3366109E-17   0.1101807E-14   0.1208884E+02   0.1002675E-16   0.7567731E-16  -0.1900107E+01   0.7935687E+02
  0.4583333333333E+00  -0.3438954E-18   0.7250263E-16   0.1208864E+02   0.4659528E-17  -0.1288168E-15  -0.1900387E+01   0.7935657E+02
  0.5000000000000E+00  -0.1447071E-16  -0.3390165E-15   0.1208829E+02   0.1112620E-16   0.1551968E-15  -0.1900759E+01   0.7935620E+02
  0.5416666666667E+00   0.1654086E-16   0.7441828E-15   0.1208793E+02   0.2596156E-17  -0.2047109E-15  -0.1901074E+01   0.7935586E+02
  0.5833333333333E+00  -0.1983751E-17  -0.4445297E-15   0.1208774E+02  -0.8263653E-17  -0.2605880E-15  -0.1901236E+01   0.7935548E+02
  0.6250000000000E+00  -0.9007348E-17  -0.1686138E-15   0.1208785E+02   0.2686789E-17   0.2628648E-15  -0.1901302E+01   0.7935471E+02
  0.6666666666667E+00  -0.2836713E-16  -0.4646789E-15   0.1208820E+02  -0.4492663E-17  -0.1723881E-15  -0.1901529E+01   0.7935294E+02
  0.7083333333333E+00  -0.4709164E-16  -0.4494018E-15   0.1208867E+02  -0.3767603E-17   0.1713039E-16  -0.1902283E+01   0.7934942E+02
  0.7500000000000E+00  -0.8785087E-16  -0.9781875E-15   0.1208910E+02  -0.4336809E-18   0.8088148E-16  -0.1903871E+01   0.7934369E+02
  0.7916666666667E+00  -0.4705776E-16   0.9790549E-15   0.1208944E+02   0.1734723E-17   0.4987330E-16  -0.1906342E+01   0.7933593E+02
  0.8333333333333E+00  -0.9161170E-16  -0.1069291E-14   0.1208981E+02   0.1788934E-17   0.8673617E-18  -0.1909387E+01   0.7932721E+02
  0.8750000000000E+00  -0.6966846E-16   0.5265563E-15   0.1209037E+02   0.1387779E-16   0.2870967E-15  -0.1912424E+01   0.7931921E+02
  0.9166666666667E+00  -0.1360081E-15  -0.1592076E-14   0.1209118E+02  -0.8673617E-17  -0.5394990E-15  -0.1914843E+01   0.7931355E+02
  0.9583333333333E+00  -0.1514563E-15  -0.3707565E-15   0.1209203E+02  -0.9324139E-17  -0.8673617E-17  -0.1916286E+01   0.7931101E+02
  0.1000000000000E+01  -0.1401704E-15   0.2709015E-15   0.1209257E+02  -0.2168404E-18   0.2133710E-15  -0.1916781E+01   0.7931125E+02
  0.1041666666667E+01  -0.1580369E-15  -0.4288155E-15   0.1209249E+02  -0.2298509E-16  -0.5394990E-15  -0.1916657E+01   0.7931301E+02
  0.1083333333333E+01  -0.1626939E-15  -0.1117474E-15   0.1209186E+02  -0.2645453E-16  -0.8847090E-16  -0.1916346E+01   0.7931486E+02
  0.1125000000000E+01  -0.2078848E-15  -0.1084575E-14   0.1209102E+02  -0.3903128E-17   0.5421011E-15  -0.1916172E+01   0.7931577E+02
  0.1166666666667E+01  -0.2241918E-15  -0.3913428E-15   0.1209047E+02  -0.1214306E-16  -0.1977585E-15  -0.1916246E+01   0.7931553E+02
  0.1208333333333E+01  -0.2067675E-15   0.4181768E-15   0.1209049E+02  -0.9107298E-17   0.7199102E-16  -0.1916456E+01   0.7931463E+02
  0.1250000000000E+01  -0.2617705E-15  -0.1320179E-14   0.1209102E+02  -0.1561251E-16  -0.1587272E-15  -0.1916567E+01   0.7931388E+02
  0.1291666666667E+01  -0.2848877E-15  -0.5550031E-15   0.1209171E+02  -0.2081668E-16  -0.1196959E-15  -0.1916384E+01   0.7931381E+02
  0.1333333333333E+01  -0.2610759E-15   0.5716998E-15   0.1209212E+02  -0.1734723E-17   0.4614364E-15  -0.1915893E+01   0.7931441E+02
  0.1375000000000E+01  -0.2851316E-15  -0.5773106E-15   0.1209196E+02   0.1040834E-16   0.3269954E-15  -0.1915269E+01   0.7931516E+02
  0.1416666666667E+01  -0.2754958E-15   0.2316533E-15   0.1209115E+02   0.1908196E-16   0.2012279E-15  -0.1914718E+01   0.7931552E+02
  0.1458333333333E+01  -0.3086724E-15  -0.7965091E-15   0.1208985E+02   0.3816392E-16   0.4692427E-15  -0.1914285E+01   0.7931530E+02
  0.1500000000000E+01  -0.3303361E-15  -0.5201053E-15   0.1208831E+02   0.3642919E-16  -0.4423545E-16  -0.1913798E+01   0.7931483E+02
  0.1541666666667E+01  -0.3583559E-15  -0.6727474E-15   0.1208678E+02   0.4770490E-16   0.2619432E-15  -0.1913016E+01   0.7931453E+02
  0.1583333333333E+01  -0.3460570E-15   0.2954451E-15   0.1208545E+02   0.4250073E-16  -0.1075529E-15  -0.1911863E+01   0.7931458E+02
  0.1625000000000E+01  -0.3958016E-15  -0.1193842E-14   0.1208451E+02   0.2341877E-16  -0.4354156E-15  -0.1910544E+01   0.7931484E+02
  0.1666666666667E+01  -0.4657326E-15  -0.1678453E-14   0.1208416E+02   0.1561251E-16  -0.1821460E-15  -0.1909458E+01   0.7931499E+02
  0.1708333333333E+01  -0.5222331E-15  -0.1355903E-14   0.1208461E+02   0.1474515E-16  -0.4423545E-16  -0.1908976E+01   0.7931491E+02
  0.1750000000000E+01  -0.5899144E-15  -0.1624677E-14   0.1208589E+02   0.2168404E-16   0.1587272E-15  -0.1909274E+01   0.7931472E+02
  0.1791666666667E+01  -0.6318459E-15  -0.1005706E-14   0.1208783E+02   0.1908196E-16  -0.1301043E-16  -0.1910293E+01   0.7931463E+02
  0.1833333333333E+01  -0.6588697E-15  -0.6492203E-15   0.1209006E+02   0.2081668E-16   0.3903128E-16  -0.1911817E+01   0.7931472E+02
  0.1875000000000E+01  -0.6597912E-15  -0.2179246E-16   0.1209209E+02   0.1908196E-16  -0.5290907E-16  -0.1913580E+01   0.7931487E+02
  0.1916666666667E+01  -0.7063577E-15  -0.1118029E-14   0.1209351E+02   0.3469447E-17  -0.3894454E-15  -0.1915333E+01   0.7931485E+02
  0.1958333333333E+01  -0.6912873E-15   0.3622319E-15   0.1209410E+02   0.5204170E-17   0.1821460E-16  -0.1916860E+01   0.7931452E+02
  0.2000000000000E+01  -0.6937539E-15  -0.5930586E-16   0.1209388E+02   0.1561251E-16   0.2246467E-15  -0.1917984E+01   0.7931395E+02
  0.2041666666667E+01  -0.6718801E-15   0.5249707E-15   0.1209303E+02   0.5204170E-17  -0.2255141E-15  -0.1918590E+01   0.7931334E+02
  0.2083333333333E+01  -0.6684987E-15   0.8120674E-16   0.1209181E+02  -0.3469447E-17  -0.1960238E-15  -0.1918649E+01   0.7931284E+02
  0.2125000000000E+01  -0.6561727E-15   0.2958788E-15   0.1209046E+02   0.8673617E-17   0.2758210E-15  -0.1918240E+01   0.7931250E+02
  0.2166666666667E+01  -0.6640196E-15  -0.1881633E-15   0.1208919E+02  -0.6938894E-17  -0.4093947E-15  -0.1917523E+01   0.7931222E+02
  0.2208333333333E+01  -0.7023800E-15  -0.9205486E-15   0.1208810E+02   0.1734723E-17   0.3061787E-15  -0.1916680E+01   0.7931192E+02
  0.2250000000000E+01  -0.7491837E-15  -0.1123301E-14   0.1208724E+02  -0.1214306E-16  -0.3200565E-15  -0.1915837E+01   0.7931164E+02
  0.2291666666667E+01  -0.7475506E-15   0.3908549E-16   0.1208660E+02  -0.6938894E-17   0.1405126E-15  -0.1915041E+01   0.7931149E+02
  0.2333333333333E+01  -0.7358480E-15   0.2808829E-15   0.1208616E+02  -0.3469447E-17   0.6418477E-16  -0.1914273E+01   0.7931161E+02
  0.2375000000000E+01  -0.7643354E-15  -0.6837114E-15   0.1208590E+02   0.3469447E-17   0.1899522E-15  -0.1913512E+01   0.7931201E+02
  0.2416666666667E+01  -0.7319178E-15   0.7781726E-15   0.1208580E+02   0.8673617E-17   0.5551115E-16  -0.1912771E+01   0.7931260E+02
  0.2458333333333E+01  -0.6989919E-15   0.7902479E-15   0.1208587E+02   0.1214306E-16   0.8673617E-16  -0.1912099E+01   0.7931323E+02
  0.2500000000000E+01  -0.6889156E-15   0.2419939E-15   0.1208611E+02   0.2081668E-16   0.2263814E-15  -0.1911536E+01   0.7931386E+02
  0.2541666666667E+01  -0.6622578E-15   0.6402214E-15   0.1208655E+02   0.2081668E-16  -0.2168404E-16  -0.1911089E+01   0.7931451E+02
  0.2583333333333E+01  -0.6601165E-15   0.5128276E-16   0.1208720E+02   0.8673617E-17  -0.2905662E-15  -0.1910731E+01   0.7931522E+02
  0.2625000000000E+01  -0.6879805E-15  -0.6676517E-15   0.1208806E+02  -0.3469447E-17  -0.3313322E-15  -0.1910435E+01   0.7931601E+02
  0.2666666666667E+01  -0.6625288E-15   0.6095385E-15   0.1208910E+02  -0.3469447E-17  -0.1734723E-17  -0.1910195E+01   0.7931685E+02
  0.2708333333333E+01  -0.6885497E-15  -0.6240668E-15   0.1209025E+02   0.3469447E-17   0.1804112E-15  -0.1910021E+01   0.7931765E+02
  0.2750000000000E+01  -0.7081466E-15  -0.4701101E-15   0.1209143E+02  -0.1734723E-16  -0.4492934E-15  -0.1909919E+01   0.7931841E+02
  0.2791666666667E+01  -0.7363901E-15  -0.6772469E-15   0.1209253E+02  -0.2949030E-16  -0.3131176E-15  -0.1909878E+01   0.7931909E+02
  0.2833333333333E+01  -0.7105319E-15   0.6210852E-15   0.1209347E+02  -0.2428613E-16   0.5811324E-16  -0.1909876E+01   0.7931972E+02
  0.2875000000000E+01  -0.7021835E-15   0.1998185E-15   0.1209418E+02  -0.2428613E-16   0.7285839E-16  -0.1909905E+01   0.7932026E+02
  0.2916666666667E+01  -0.7310775E-15  -0.6931304E-15   0.1209468E+02  -0.1734723E-16   0.1335737E-15  -0.1909988E+01   0.7932069E+02
  0.2958333333333E+01  -0.7122124E-15   0.4521665E-15   0.1209500E+02  -0.6938894E-17   0.3018419E-15  -0.1910169E+01   0.7932098E+02
  0.3000000000000E+01  -0.7157361E-15  -0.8456777E-16   0.1209521E+02  -0.0000000E+00   0.5984796E-16  -0.1910498E+01   0.7932113E+02
  0.3041666666667E+01  -0.6570265E-15   0.1409029E-14   0.1209539E+02  -0.1387779E-16  -0.1205633E-15  -0.1911004E+01   0.7932116E+02
  0.3083333333333E+01  -0.6690612E-15  -0.2876659E-15   0.1209562E+02  -0.6938894E-17   0.1257675E-15  -0.1911688E+01   0.7932109E+02
  0.3125000000000E+01  -0.6497082E-15   0.4638759E-15   0.1209598E+02  -0.0000000E+00   0.2506675E-15  -0.1912529E+01   0.7932095E+02
  0.3166666666667E+01  -0.6557255E-15  -0.1441311E-15   0.1209650E+02  -0.3469447E-17  -0.9540979E-16  -0.1913494E+01   0.7932078E+02
  0.3208333333333E+01  -0.6476482E-15   0.1934352E-15   0.1209720E+02  -0.6938894E-17  -0.1561251E-15  -0.1914540E+01   0.7932059E+02
  0.3250000000000E+01  -0.6473771E-15   0.7426785E-17   0.1209800E+02   0.3469447E-17   0.2177078E-15  -0.1915619E+01   0.7932040E+02
  0.3291666666667E+01  -0.6583276E-15  -0.2622143E-15   0.1209879E+02  -0.1040834E-16  -0.1726050E-15  -0.1916672E+01   0.7932022E+02
  0.3333333333333E+01  -0.5914323E-15   0.1604619E-14   0.1209942E+02   0.1387779E-16   0.4631712E-15  -0.1917624E+01   0.7932003E+02
  0.3375000000000E+01  -0.5468174E-15   0.1070650E-14   0.1209977E+02   0.2428613E-16   0.2697495E-15  -0.1918396E+01   0.7931979E+02
  0.3416666666667E+01  -0.5495821E-15  -0.6548581E-16   0.1209976E+02   0.3469447E-17  -0.5290907E-15  -0.1918918E+01   0.7931950E+02
  0.3458333333333E+01  -0.5603970E-15  -0.2593412E-15   0.1209938E+02   0.6938894E-17   0.7632783E-16  -0.1919154E+01   0.7931915E+02
  0.3500000000000E+01  -0.5705614E-15  -0.2445960E-15   0.1209873E+02   0.2428613E-16   0.3712308E-15  -0.1919119E+01   0.7931876E+02
  0.3541666666667E+01  -0.5466141E-15   0.5748440E-15   0.1209793E+02   0.2428613E-16   0.6591949E-16  -0.1918873E+01   0.7931840E+02
  0.3583333333333E+01  -0.5524552E-15  -0.1399163E-15   0.1209712E+02   0.3122502E-16   0.1691355E-15  -0.1918508E+01   0.7931812E+02
  0.3625000000000E+01  -0.5750473E-15  -0.5423721E-15   0.1209644E+02   0.1734723E-16  -0.2376571E-15  -0.1918119E+01   0.7931794E+02
  0.3666666666667E+01  -0.5768498E-15  -0.4319190E-16   0.1209595E+02   0.2081668E-16   0.1214306E-16  -0.1917778E+01   0.7931786E+02
  0.3708333333333E+01  -0.6433385E-15  -0.1595837E-14   0.1209567E+02   0.3469447E-17  -0.2506675E-15  -0.1917530E+01   0.7931788E+02
  0.3750000000000E+01  -0.6206244E-15   0.5453944E-15   0.1209559E+02   0.1040834E-16   0.1101549E-15  -0.1917388E+01   0.7931794E+02
  0.3791666666667E+01  -0.6045376E-15   0.3858811E-15   0.1209564E+02  -0.3469447E-17  -0.3200565E-15  -0.1917346E+01   0.7931802E+02
  0.3833333333333E+01  -0.6063943E-15  -0.4507571E-16   0.1209575E+02  -0.1387779E-16  -0.2298509E-15  -0.1917382E+01   0.7931805E+02
  0.3875000000000E+01  -0.6611329E-15  -0.1313335E-14   0.1209586E+02  -0.1387779E-16  -0.5290907E-16  -0.1917474E+01   0.7931803E+02
  0.3916666666667E+01  -0.6508195E-15   0.2473743E-15   0.1209591E+02  -0.3469447E-17   0.1552578E-15  -0.1917598E+01   0.7931796E+02
  0.3958333333333E+01  -0.6643584E-15  -0.3247931E-15   0.1209590E+02  -0.6938894E-17   0.3642919E-16  -0.1917733E+01   0.7931784E+02
  0.4000000000000E+01  -0.6545329E-15   0.2360782E-15   0.1209582E+02   0.3469447E-17   0.2263814E-15  -0.1917860E+01   0.7931771E+02
  0.4041666666667E+01  -0.6814346E-15  -0.6457440E-15   0.1209565E+02  -0.3469447E-17  -0.1795439E-15  -0.1917960E+01   0.7931757E+02
  0.4083333333333E+01  -0.7356041E-15  -0.1300026E-14   0.1209539E+02  -0.1040834E-16  -0.1838807E-15  -0.1918015E+01   0.7931743E+02
  0.4125000000000E+01  -0.7448604E-15  -0.2225698E-15   0.1209506E+02  -0.0000000E+00   0.1578598E-15  -0.1918008E+01   0.7931727E+02
  0.4166666666667E+01  -0.7064797E-15   0.9212330E-15   0.1209469E+02  -0.1387779E-16  -0.2966377E-15  -0.1917932E+01   0.7931711E+02
  0.4208333333333E+01  -0.6984566E-15   0.1924459E-15   0.1209434E+02  -0.2081668E-16  -0.8760354E-16  -0.1917791E+01   0.7931697E+02
  0.4250000000000E+01  -0.7158445E-15  -0.4168351E-15   0.1209408E+02  -0.1734723E-16   0.6331741E-16  -0.1917606E+01   0.7931688E+02
  0.4291666666667E+01  -0.7168474E-15  -0.2462494E-16   0.1209397E+02  -0.2428613E-16  -0.1795439E-15  -0.1917413E+01   0.7931686E+02
  0.4333333333333E+01  -0.7576811E-15  -0.9798206E-15   0.1209407E+02  -0.4163336E-16  -0.4033232E-15  -0.1917249E+01   0.7931695E+02
  0.4375000000000E+01  -0.7798260E-15  -0.5318825E-15   0.1209440E+02  -0.5204170E-16  -0.2341877E-15  -0.1917151E+01   0.7931713E+02
  0.4416666666667E+01  -0.7339778E-15   0.1100736E-14   0.1209495E+02  -0.5551115E-16  -0.1275022E-15  -0.1917143E+01   0.7931742E+02
  0.4458333333333E+01  -0.6981381E-15   0.8601518E-15   0.1209572E+02  -0.5898060E-16  -0.1110223E-15  -0.1917239E+01   0.7931781E+02
  0.4500000000000E+01  -0.7234813E-15  -0.6082374E-15   0.1209668E+02  -0.6591949E-16  -0.1613293E-15  -0.1917443E+01   0.7931832E+02
  0.4541666666667E+01  -0.7710846E-15  -0.1142424E-14   0.1209782E+02  -0.5204170E-16   0.3053113E-15  -0.1917759E+01   0.7931895E+02
  0.4583333333333E+01  -0.7583943E-15   0.3043355E-15   0.1209913E+02  -0.4510281E-16   0.2905662E-15  -0.1918186E+01   0.7931972E+02
  0.4625000000000E+01  -0.7337677E-15   0.5913239E-15   0.1210060E+02  -0.4510281E-16  -0.4076600E-16  -0.1918719E+01   0.7932066E+02
  0.4666666666667E+01  -0.7103151E-15   0.5624841E-15   0.1210222E+02  -0.4857226E-16  -0.2775558E-16  -0.1919346E+01   0.7932177E+02
  0.4708333333333E+01  -0.6925070E-15   0.4276093E-15   0.1210395E+02  -0.5551115E-16  -0.7459311E-16  -0.1920045E+01   0.7932305E+02
  0.4750000000000E+01  -0.7443590E-15  -0.1244447E-14   0.1210572E+02  -0.3816392E-16   0.2949030E-15  -0.1920785E+01   0.7932448E+02
  0.4791666666667E+01  -0.7626278E-15  -0.4386682E-15   0.1210747E+02  -0.6938894E-16  -0.6539908E-15  -0.1921527E+01   0.7932600E+02
  0.4833333333333E+01  -0.7723856E-15  -0.2337540E-15   0.1210909E+02  -0.6591949E-16   0.1439820E-15  -0.1922234E+01   0.7932754E+02
  0.4875000000000E+01  -0.7892992E-15  -0.4063590E-15   0.1211055E+02  -0.6938894E-16  -0.1405126E-15  -0.1922879E+01   0.7932905E+02
  0.4916666666667E+01  -0.7873476E-15   0.4683753E-16   0.1211181E+02  -0.7632783E-16  -0.1604619E-15  -0.1923451E+01   0.7933048E+02
  0.4958333333333E+01  -0.8216084E-15  -0.8250779E-15   0.1211290E+02  -0.5551115E-16   0.3035766E-15  -0.1923965E+01   0.7933183E+02
  0.5000000000000E+01  -0.8433467E-15  -0.5197665E-15   0.1211391E+02  -0.4857226E-16   0.4423545E-16  -0.1924459E+01   0.7933313E+02
  0.5041666666667E+01  -0.8561945E-15  -0.3096481E-15   0.1211496E+02  -0.6245005E-16  -0.9367507E-16  -0.1924997E+01   0.7933445E+02
  0.5083333333333E+01  -0.8183558E-15   0.9070435E-15   0.1211621E+02  -0.6245005E-16  -0.3122502E-16  -0.1925658E+01   0.7933585E+02
  0.5125000000000E+01  -0.8262705E-15  -0.1871333E-15   0.1211783E+02  -0.5551115E-16   0.3989864E-16  -0.1926531E+01   0.7933739E+02
  0.5166666666667E+01  -0.8293062E-15  -0.7567731E-16   0.1211996E+02  -0.4163336E-16   0.5655199E-15  -0.1927704E+01   0.7933911E+02
  0.5208333333333E+01  -0.8586881E-15  -0.7036472E-15   0.1212271E+02  -0.4857226E-16  -0.3330669E-15  -0.1929259E+01   0.7934104E+02
  0.5250000000000E+01  -0.8862269E-15  -0.6646159E-15   0.1212615E+02  -0.5551115E-16  -0.1283695E-15  -0.1931263E+01   0.7934319E+02
  0.5291666666667E+01  -0.9115972E-15  -0.6058522E-15   0.1213033E+02  -0.7632783E-16  -0.3469447E-15  -0.1933768E+01   0.7934557E+02
  0.5333333333333E+01  -0.9439064E-15  -0.7749877E-15   0.1213523E+02  -0.8326673E-16  -0.1543904E-15  -0.1936803E+01   0.7934819E+02
  0.5375000000000E+01  -0.9558326E-15  -0.2873136E-15   0.1214084E+02  -0.6938894E-16   0.1457168E-15  -0.1940374E+01   0.7935110E+02
  0.5416666666667E+01  -0.9350160E-15   0.5052382E-15   0.1214713E+02  -0.6245005E-16   0.2740863E-15  -0.1944458E+01   0.7935441E+02
  0.5458333333333E+01  -0.9430390E-15  -0.1947227E-15   0.1215408E+02  -0.4857226E-16   0.2445960E-15  -0.1949013E+01   0.7935821E+02
  0.5500000000000E+01  -0.9220055E-15   0.5039372E-15   0.1216167E+02  -0.6245005E-16  -0.1700029E-15  -0.1953984E+01   0.7936266E+02
  0.5541666666667E+01  -0.8710480E-15   0.1228184E-14   0.1216993E+02  -0.5551115E-16   0.1509209E-15  -0.1959318E+01   0.7936789E+02
  0.5583333333333E+01  -0.9376180E-15  -0.1603752E-14   0.1217888E+02  -0.5551115E-16  -0.3989864E-16  -0.1964974E+01   0.7937405E+02
  0.5625000000000E+01  -0.9031404E-15   0.8335346E-15   0.1218858E+02  -0.6245005E-16  -0.2775558E-15  -0.1970937E+01   0.7938121E+02
  0.5666666666667E+01  -0.8994541E-15   0.9367507E-16   0.1219908E+02  -0.6245005E-16  -0.6591949E-16  -0.1977214E+01   0.7938943E+02
  0.5708333333333E+01  -0.8925152E-15   0.1682682E-15   0.1221041E+02  -0.4857226E-16   0.3781697E-15  -0.1983831E+01   0.7939866E+02
  0.5750000000000E+01  -0.9076941E-15  -0.3720982E-15   0.1222257E+02  -0.4163336E-16   0.2775558E-16  -0.1990814E+01   0.7940874E+02
  0.5791666666667E+01  -0.9415212E-15  -0.8161874E-15   0.1223549E+02  -0.4857226E-16  -0.3590878E-15  -0.1998177E+01   0.7941942E+02
  0.5833333333333E+01  -0.8933826E-15   0.1159663E-14   0.1224903E+02  -0.3469447E-16   0.5134781E-15  -0.2005913E+01   0.7943034E+02
  0.5875000000000E+01  -0.8816732E-15   0.2992398E-15   0.1226300E+02  -0.2775558E-16   0.1595946E-15  -0.2014001E+01   0.7944111E+02
  0.5916666666667E+01  -0.8552187E-15   0.6297046E-15   0.1227724E+02  -0.2775558E-16  -0.1162265E-15  -0.2022430E+01   0.7945144E+02
  0.5958333333333E+01  -0.8998878E-15  -0.1084202E-14   0.1229164E+02  -0.2081668E-16   0.2359224E-15  -0.2031231E+01   0.7946119E+02
  0.6000000000000E+01  -0.9089951E-15  -0.2064321E-15   0.1230622E+02  -0.3469447E-16  -0.3295975E-15  -0.2040508E+01   0.7947047E+02
  0.6041666666667E+01  -0.9228729E-15  -0.3131176E-15   0.1232120E+02  -0.4163336E-16  -0.6938894E-17  -0.2050444E+01   0.7947969E+02
  0.6083333333333E+01  -0.9176687E-15   0.9540979E-16   0.1233690E+02  -0.3469447E-16   0.9887924E-16  -0.2061285E+01   0.7948941E+02
  0.6125000000000E+01  -0.9384854E-15  -0.4492934E-15   0.1235371E+02  -0.3469447E-16  -0.7459311E-16  -0.2073292E+01   0.7950021E+02
  0.6166666666667E+01  -0.9298118E-15   0.1830133E-15   0.1237197E+02  -0.2775558E-16   0.1578598E-15  -0.2086669E+01   0.7951246E+02
  0.6208333333333E+01  -0.9488937E-15  -0.4440892E-15   0.1239181E+02  -0.3469447E-16  -0.1873501E-15  -0.2101496E+01   0.7952611E+02
  0.6250000000000E+01  -0.9419548E-15   0.1500536E-15   0.1241310E+02  -0.4857226E-16  -0.1144917E-15  -0.2117678E+01   0.7954062E+02
  0.6291666666667E+01  -0.1001803E-14  -0.1464974E-14   0.1243548E+02  -0.4163336E-16  -0.4857226E-16  -0.2134951E+01   0.7955513E+02
  0.6333333333333E+01  -0.1029558E-14  -0.6643991E-15   0.1245842E+02  -0.4857226E-16   0.1422473E-15  -0.2152934E+01   0.7956863E+02
  0.6375000000000E+01  -0.1069457E-14  -0.9671083E-15   0.1248141E+02  -0.5551115E-16  -0.2775558E-15  -0.2171242E+01   0.7958038E+02
  0.6416666666667E+01  -0.1073794E-14  -0.1257675E-15   0.1250412E+02  -0.6245005E-16  -0.9367507E-16  -0.2189586E+01   0.7959015E+02
  0.6458333333333E+01  -0.1076396E-14  -0.5551115E-16   0.1252649E+02  -0.4857226E-16   0.4093947E-15  -0.2207856E+01   0.7959835E+02
  0.6500000000000E+01  -0.1052977E-14   0.5637851E-15   0.1254873E+02  -0.2775558E-16   0.2012279E-15  -0.2226123E+01   0.7960590E+02
  0.6541666666667E+01  -0.1047773E-14   0.1058181E-15   0.1257123E+02  -0.3469447E-16  -0.1491862E-15  -0.2244595E+01   0.7961393E+02
  0.6583333333333E+01  -0.1052977E-14  -0.8326673E-16   0.1259437E+02  -0.3469447E-16  -0.1734723E-16  -0.2263531E+01   0.7962336E+02
  0.6625000000000E+01  -0.1063385E-14  -0.2567391E-15   0.1261839E+02  -0.1387779E-16   0.4579670E-15  -0.2283142E+01   0.7963455E+02
  0.6666666666667E+01  -0.1089406E-14  -0.6817463E-15   0.1264328E+02  -0.0000000E+00   0.1942890E-15  -0.2303514E+01   0.7964718E+02
  0.6708333333333E+01  -0.1061651E-14   0.7199102E-15   0.1266879E+02   0.1387779E-16   0.2463307E-15  -0.2324572E+01   0.7966031E+02
  0.6750000000000E+01  -0.1051242E-14   0.2463307E-15   0.1269449E+02   0.6938894E-17  -0.9714451E-16  -0.2346104E+01   0.7967269E+02
  0.6791666666667E+01  -0.1113692E-14  -0.1535230E-14   0.1271987E+02   0.6938894E-17   0.3469447E-16  -0.2367827E+01   0.7968298E+02
  0.6833333333333E+01  -0.1113692E-14   0.7112366E-16   0.1274449E+02   0.2081668E-16   0.2602085E-15  -0.2389487E+01   0.7968998E+02
  0.6875000000000E+01  -0.1089406E-14   0.4614364E-15   0.1276803E+02   0.3469447E-16   0.3018419E-15  -0.2410944E+01   0.7969275E+02
  0.6916666666667E+01  -0.1143183E-14  -0.1191755E-14   0.1279030E+02   0.1387779E-16  -0.5551115E-15  -0.2432238E+01   0.7969059E+02
  0.6958333333333E+01  -0.1099815E-14   0.1059916E-14   0.1281137E+02   0.2775558E-16   0.4302114E-15  -0.2453640E+01   0.7968302E+02
  0.7000000000000E+01  -0.1131040E-14  -0.7112366E-15   0.1283156E+02   0.3469447E-16   0.3469447E-16  -0.2475713E+01   0.7966983E+02
  0.7041666666667E+01  -0.1141448E-14  -0.2671474E-15   0.1285155E+02   0.4163336E-16   0.1457168E-15  -0.2499379E+01   0.7965114E+02
  0.7083333333333E+01  -0.1170938E-14  -0.7424616E-15   0.1287248E+02   0.4163336E-16   0.4857226E-16  -0.2525943E+01   0.7962745E+02
  0.7125000000000E+01  -0.1188286E-14  -0.4371503E-15   0.1289593E+02   0.1387779E-16  -0.3955170E-15  -0.2556978E+01   0.7959961E+02
  0.7166666666667E+01  -0.1193490E-14  -0.1543904E-15   0.1292375E+02   0.1387779E-16  -0.1804112E-15  -0.2594015E+01   0.7956860E+02
  0.7208333333333E+01  -0.1183081E-14   0.3001072E-15   0.1295770E+02   0.1387779E-16   0.2081668E-15  -0.2638100E+01   0.7953532E+02
  0.7250000000000E+01  -0.1200429E-14  -0.4683753E-15   0.1299892E+02   0.1387779E-16  -0.1873501E-15  -0.2689349E+01   0.7950015E+02
  0.7291666666667E+01  -0.1209102E-14  -0.1734723E-15   0.1304750E+02   0.1387779E-16   0.3469447E-15  -0.2746743E+01   0.7946288E+02
  0.7333333333333E+01  -0.1231654E-14  -0.5759282E-15   0.1310206E+02   0.1387779E-16  -0.1318390E-15  -0.2808218E+01   0.7942266E+02
  0.7375000000000E+01  -0.1238593E-14  -0.2879641E-15   0.1315965E+02   0.1387779E-16  -0.2428613E-15  -0.2871072E+01   0.7937829E+02
  0.7416666666667E+01  -0.1255940E-14  -0.3053113E-15   0.1321574E+02   0.2775558E-16   0.9020562E-16  -0.2932383E+01   0.7932854E+02
  0.7458333333333E+01  -0.1214306E-14   0.8396062E-15   0.1326453E+02   0.1387779E-16  -0.2498002E-15  -0.2989189E+01   0.7927289E+02
  0.7500000000000E+01  -0.1249001E-14  -0.7771561E-15   0.1329959E+02   0.2775558E-16   0.4857226E-15  -0.3038281E+01   0.7921228E+02
  0.7541666666667E+01  -0.1186551E-14   0.1436351E-14   0.1331443E+02   0.5551115E-16   0.3330669E-15  -0.3075688E+01   0.7914926E+02
  0.7583333333333E+01  -0.1238593E-14  -0.1346145E-14   0.1330289E+02   0.4163336E-16  -0.3191891E-15  -0.3096485E+01   0.7908750E+02
  0.7625000000000E+01  -0.1245531E-14  -0.2012279E-15   0.1325979E+02   0.4163336E-16   0.4163336E-16  -0.3095063E+01   0.7903014E+02
  0.7666666666667E+01  -0.1207368E-14   0.7563394E-15   0.1318182E+02   0.2775558E-16   0.6245005E-16  -0.3065924E+01   0.7897812E+02
  0.7708333333333E+01  -0.1179612E-14   0.5689893E-15   0.1306880E+02   0.4163336E-16   0.5342948E-15  -0.3005227E+01   0.7893046E+02
  0.7750000000000E+01  -0.1169204E-14   0.3261280E-15   0.1292546E+02   0.5551115E-16  -0.0000000E+00  -0.2912642E+01   0.7888608E+02
  0.7791666666667E+01  -0.1127570E-14   0.9436896E-15   0.1276273E+02   0.5551115E-16   0.1214306E-15  -0.2792133E+01   0.7884579E+02
  0.7833333333333E+01  -0.1183081E-14  -0.1249001E-14   0.1259709E+02   0.4163336E-16  -0.2463307E-15  -0.2650619E+01   0.7881316E+02
  0.7875000000000E+01  -0.1190020E-14  -0.6938894E-16   0.1244716E+02   0.4163336E-16   0.1838807E-15  -0.2498331E+01   0.7879214E+02
  0.7916666666667E+01  -0.1214306E-14  -0.5273559E-15   0.1232989E+02   0.4163336E-16   0.9020562E-16  -0.2348786E+01   0.7878504E+02
  0.7958333333333E+01  -0.1193490E-14   0.3885781E-15   0.1225956E+02   0.2775558E-16  -0.3469447E-15  -0.2215587E+01   0.7879230E+02
  0.8000000000000E+01  -0.1214306E-14  -0.5551115E-15   0.1224839E+02   0.2775558E-16  -0.1595946E-15  -0.2109206E+01   0.7881603E+02
  0.8041666666667E+01  -0.1193490E-14   0.6383782E-15   0.1230181E+02   0.2775558E-16   0.8326673E-16  -0.2034363E+01   0.7885837E+02
  0.8083333333333E+01  -0.1255940E-14  -0.1498801E-14   0.1242150E+02   0.4163336E-16   0.2220446E-15  -0.1989035E+01   0.7892513E+02
  0.8125000000000E+01  -0.1242062E-14   0.5273559E-15   0.1257283E+02   0.5551115E-16   0.2220446E-15  -0.1972125E+01   0.7904482E+02
  0.8166666666667E+01  -0.1262879E-14  -0.5828671E-15   0.1287029E+02   0.5551115E-16   0.2775558E-16  -0.2032958E+01   0.7924451E+02
  0.8208333333333E+01  -0.1249001E-14   0.4440892E-15   0.1336138E+02   0.6938894E-16   0.7979728E-16  -0.2198856E+01   0.7952220E+02
  0.8250000000000E+01  -0.1249001E-14   0.1665335E-15   0.1397017E+02   0.8326673E-16   0.4232725E-15  -0.2453649E+01   0.7980046E+02
  0.8291666666667E+01  -0.1207368E-14   0.9992007E-15   0.1455381E+02   0.8326673E-16   0.2602085E-15  -0.2740377E+01   0.8005313E+02
  0.8333333333333E+01   0.4617450E-03   0.1108188E-01   0.1455332E+02  -0.8694322E-04  -0.2086637E-02  -0.2906292E+01   0.8026788E+02
  0.8375000000000E+01   0.4945804E-02   0.1076174E+00   0.1448109E+02  -0.9824079E-03  -0.2149115E-01  -0.2974417E+01   0.8035803E+02
  0.8416666666667E+01   0.1543695E-01   0.2517875E+00   0.1430559E+02  -0.3137290E-02  -0.5171718E-01  -0.2926977E+01   0.8030534E+02
  0.8458333333333E+01   0.3172869E-01   0.3910017E+00   0.1402778E+02  -0.6470640E-02  -0.8000038E-01  -0.2788298E+01   0.8011713E+02
  0.8500000000000E+01   0.5154447E-01   0.4755787E+00   0.1368324E+02  -0.1040941E-01  -0.9453061E-01  -0.2613777E+01   0.7983487E+02
  0.8541666666667E+01   0.7150719E-01   0.4791054E+00   0.1333180E+02  -0.1422270E-01  -0.9151887E-01  -0.2457108E+01   0.7953379E+02
  0.8583333333333E+01   0.8878929E-01   0.4147704E+00   0.1303570E+02  -0.1740787E-01  -0.7644396E-01  -0.2347929E+01   0.7934022E+02
  0.8625000000000E+01   0.1031955E+00   0.3457482E+00   0.1280417E+02  -0.2000264E-01  -0.6227451E-01  -0.2262011E+01   0.7927264E+02
  0.8666666666667E+01   0.1169868E+00   0.3309927E+00   0.1259573E+02  -0.2243905E-01  -0.5847384E-01  -0.2152617E+01   0.7925946E+02
  0.8708333333333E+01   0.1328529E+00   0.3807849E+00   0.1235446E+02  -0.2515056E-01  -0.6507634E-01  -0.2006777E+01   0.7921495E+02
  0.8750000000000E+01   0.1518988E+00   0.4571014E+00   0.1205177E+02  -0.2824425E-01  -0.7424853E-01  -0.1834541E+01   0.7908020E+02
  0.8791666666667E+01   0.1728712E+00   0.5033395E+00   0.1170720E+02  -0.3143672E-01  -0.7661923E-01  -0.1658934E+01   0.7886676E+02
  0.8833333333333E+01   0.1931655E+00   0.4870628E+00   0.1137025E+02  -0.3431246E-01  -0.6901777E-01  -0.1502848E+01   0.7864149E+02
  0.8875000000000E+01   0.2106463E+00   0.4195381E+00   0.1108342E+02  -0.3662295E-01  -0.5545189E-01  -0.1383388E+01   0.7847835E+02
  0.8916666666667E+01   0.2249416E+00   0.3430868E+00   0.1085456E+02  -0.3840723E-01  -0.4282271E-01  -0.1302196E+01   0.7839713E+02
  0.8958333333333E+01   0.2373244E+00   0.2971889E+00   0.1065857E+02  -0.3989278E-01  -0.3565304E-01  -0.1246724E+01   0.7835460E+02
  0.9000000000000E+01   0.2495189E+00   0.2926681E+00   0.1046056E+02  -0.4131916E-01  -0.3423312E-01  -0.1201449E+01   0.7828113E+02
  0.9041666666667E+01   0.2623309E+00   0.3074880E+00   0.1024769E+02  -0.4279068E-01  -0.3531657E-01  -0.1154547E+01   0.7816363E+02
  0.9083333333333E+01   0.2754373E+00   0.3145537E+00   0.1003173E+02  -0.4426730E-01  -0.3543894E-01  -0.1093830E+01   0.7804166E+02
  0.9125000000000E+01   0.2881570E+00   0.3052720E+00   0.9829453E+01  -0.4565422E-01  -0.3328595E-01  -0.1010741E+01   0.7795782E+02
  0.9166666666667E+01   0.3003177E+00   0.2918577E+00   0.9706518E+01  -0.4690468E-01  -0.3001109E-01  -0.9155585E+00   0.7791335E+02
  0.9208333333333E+01   0.3121005E+00   0.2827853E+00   0.9710572E+01  -0.4801607E-01  -0.2667347E-01  -0.8329293E+00   0.7788524E+02
  0.9250000000000E+01   0.3234975E+00   0.2735281E+00   0.9711924E+01  -0.4899366E-01  -0.2346201E-01  -0.7813625E+00   0.7786088E+02
  0.9291666666667E+01   0.3349318E+00   0.2744251E+00   0.9707827E+01  -0.4991360E-01  -0.2207858E-01  -0.7763060E+00   0.7782347E+02
  0.9333333333333E+01   0.3468920E+00   0.2870425E+00   0.9699927E+01  -0.5087001E-01  -0.2295393E-01  -0.8043425E+00   0.7777683E+02
  0.9375000000000E+01   0.3597261E+00   0.3080204E+00   0.9692177E+01  -0.5193426E-01  -0.2554183E-01  -0.8397522E+00   0.7773740E+02
  0.9416666666667E+01   0.3736058E+00   0.3331121E+00   0.9686529E+01  -0.5313682E-01  -0.2886159E-01  -0.8668035E+00   0.7771029E+02
  0.9458333333333E+01   0.3885077E+00   0.3576445E+00   0.9680690E+01  -0.5447032E-01  -0.3200398E-01  -0.8890484E+00   0.7767857E+02
  0.9500000000000E+01   0.4041412E+00   0.3752046E+00   0.9670224E+01  -0.5590606E-01  -0.3445778E-01  -0.9214663E+00   0.7761690E+02
  0.9541666666667E+01   0.4199116E+00   0.3784901E+00   0.9652708E+01  -0.5740881E-01  -0.3606595E-01  -0.9761419E+00   0.7751616E+02
  0.9583333333333E+01   0.4350780E+00   0.3639945E+00   0.9629514E+01  -0.5894253E-01  -0.3680939E-01  -0.1052419E+01   0.7739044E+02
  0.9625000000000E+01   0.4490559E+00   0.3354680E+00   0.9603133E+01  -0.6047019E-01  -0.3666363E-01  -0.1134281E+01   0.7724907E+02
  0.9666666666667E+01   0.4614280E+00   0.2969303E+00   0.9578181E+01  -0.6193152E-01  -0.3507212E-01  -0.1205668E+01   0.7711471E+02
  0.9708333333333E+01   0.4720091E+00   0.2539464E+00   0.9557899E+01  -0.6326344E-01  -0.3196587E-01  -0.1264359E+01   0.7700970E+02
  0.9750000000000E+01   0.4809137E+00   0.2137117E+00   0.9541511E+01  -0.6444138E-01  -0.2827069E-01  -0.1322316E+01   0.7693918E+02
  0.9791666666667E+01   0.4885014E+00   0.1821054E+00   0.9525200E+01  -0.6549293E-01  -0.2523719E-01  -0.1394732E+01   0.7688975E+02
  0.9833333333333E+01   0.4951860E+00   0.1604304E+00   0.9505858E+01  -0.6647173E-01  -0.2349110E-01  -0.1487034E+01   0.7684555E+02
  0.9875000000000E+01   0.5012451E+00   0.1454182E+00   0.9484158E+01  -0.6741957E-01  -0.2274827E-01  -0.1590722E+01   0.7680528E+02
  0.9916666666667E+01   0.5067816E+00   0.1328749E+00   0.9464125E+01  -0.6834817E-01  -0.2228633E-01  -0.1690078E+01   0.7678204E+02
  0.9958333333333E+01   0.5118403E+00   0.1214094E+00   0.9449882E+01  -0.6925154E-01  -0.2168096E-01  -0.1771396E+01   0.7678729E+02
  0.1000000000000E+02   0.5165367E+00   0.1127126E+00   0.9442706E+01  -0.7013188E-01  -0.2112817E-01  -0.1827714E+01   0.7681637E+02
  0.1004166666667E+02   0.5210517E+00   0.1083613E+00   0.9440933E+01  -0.7100581E-01  -0.2097424E-01  -0.1858512E+01   0.7685104E+02
  0.1008333333333E+02   0.5255145E+00   0.1071075E+00   0.9442405E+01  -0.7188434E-01  -0.2108485E-01  -0.1865495E+01   0.7687433E+02
  0.1012500000000E+02   0.5299094E+00   0.1054756E+00   0.9446235E+01  -0.7275261E-01  -0.2083835E-01  -0.1852712E+01   0.7688507E+02
  0.1016666666667E+02   0.5341462E+00   0.1016835E+00   0.9452823E+01  -0.7358358E-01  -0.1994342E-01  -0.1825767E+01   0.7689606E+02
  0.1020833333333E+02   0.5382294E+00   0.9799687E-01   0.9462535E+01  -0.7437224E-01  -0.1892762E-01  -0.1790613E+01   0.7692055E+02
  0.1025000000000E+02   0.5423438E+00   0.9874735E-01   0.9474672E+01  -0.7515082E-01  -0.1868615E-01  -0.1751472E+01   0.7695999E+02
  0.1029166666667E+02   0.5467465E+00   0.1056635E+00   0.9487555E+01  -0.7596469E-01  -0.1953278E-01  -0.1709683E+01   0.7700307E+02
  0.1033333333333E+02   0.5515419E+00   0.1150894E+00   0.9499518E+01  -0.7682883E-01  -0.2073942E-01  -0.1664741E+01   0.7703569E+02
  0.1037500000000E+02   0.5565463E+00   0.1201053E+00   0.9509905E+01  -0.7770583E-01  -0.2104783E-01  -0.1616395E+01   0.7705247E+02
  0.1041666666667E+02   0.5613767E+00   0.1159304E+00   0.9519146E+01  -0.7852685E-01  -0.1970464E-01  -0.1566034E+01   0.7705920E+02
  0.1045833333333E+02   0.5656998E+00   0.1037549E+00   0.9527791E+01  -0.7923807E-01  -0.1706915E-01  -0.1516719E+01   0.7706465E+02
  0.1050000000000E+02   0.5694285E+00   0.8948879E-01   0.9535551E+01  -0.7983163E-01  -0.1424563E-01  -0.1471955E+01   0.7707076E+02
  0.1054166666667E+02   0.5727043E+00   0.7861914E-01   0.9541348E+01  -0.8033730E-01  -0.1213604E-01  -0.1434176E+01   0.7707110E+02
  0.1058333333333E+02   0.5756996E+00   0.7188765E-01   0.9544280E+01  -0.8078753E-01  -0.1080555E-01  -0.1404161E+01   0.7705848E+02
  0.1062500000000E+02   0.5784326E+00   0.6559050E-01   0.9544485E+01  -0.8118961E-01  -0.9649721E-02  -0.1381656E+01   0.7703309E+02
  0.1066666666667E+02   0.5807630E+00   0.5592899E-01   0.9543020E+01  -0.8152695E-01  -0.8096261E-02  -0.1366262E+01   0.7700273E+02
  0.1070833333333E+02   0.5825630E+00   0.4320029E-01   0.9540886E+01  -0.8178466E-01  -0.6184930E-02  -0.1357856E+01   0.7697522E+02
  0.1075000000000E+02   0.5838987E+00   0.3205754E-01   0.9538025E+01  -0.8197476E-01  -0.4562421E-02  -0.1356697E+01   0.7695025E+02
  0.1079166666667E+02   0.5850539E+00   0.2772471E-01   0.9533652E+01  -0.8213907E-01  -0.3943587E-02  -0.1361080E+01   0.7691933E+02
  0.1083333333333E+02   0.5863603E+00   0.3135420E-01   0.9527210E+01  -0.8232559E-01  -0.4476309E-02  -0.1368788E+01   0.7687529E+02
  0.1087500000000E+02   0.5879883E+00   0.3907189E-01   0.9519042E+01  -0.8255948E-01  -0.5613514E-02  -0.1378414E+01   0.7681938E+02
  0.1091666666667E+02   0.5898715E+00   0.4519565E-01   0.9510423E+01  -0.8283217E-01  -0.6544598E-02  -0.1388974E+01   0.7676096E+02
  0.1095833333333E+02   0.5918221E+00   0.4681574E-01   0.9502646E+01  -0.8311706E-01  -0.6837327E-02  -0.1399225E+01   0.7670924E+02
  0.1100000000000E+02   0.5936937E+00   0.4491705E-01   0.9496387E+01  -0.8339264E-01  -0.6613847E-02  -0.1406540E+01   0.7666654E+02
  0.1104166666667E+02   0.5954426E+00   0.4197556E-01   0.9491905E+01  -0.8365169E-01  -0.6217133E-02  -0.1407503E+01   0.7663078E+02
  0.1108333333333E+02   0.5970658E+00   0.3895643E-01   0.9489128E+01  -0.8389238E-01  -0.5776636E-02  -0.1399890E+01   0.7659860E+02
  0.1112500000000E+02   0.5985027E+00   0.3448603E-01   0.9488146E+01  -0.8410436E-01  -0.5087574E-02  -0.1383513E+01   0.7657069E+02
  0.1116666666667E+02   0.5996175E+00   0.2675422E-01   0.9489126E+01  -0.8426691E-01  -0.3901163E-02  -0.1360379E+01   0.7655120E+02
  0.1120833333333E+02   0.6002827E+00   0.1596446E-01   0.9491873E+01  -0.8436227E-01  -0.2288696E-02  -0.1334903E+01   0.7654402E+02
  0.1125000000000E+02   0.6004915E+00   0.5011559E-02   0.9470681E+01  -0.8439164E-01  -0.7048077E-03  -0.1305262E+01   0.7654640E+02
  0.1129166666667E+02   0.6004915E+00  -0.1040834E-15   0.9442246E+01  -0.8439164E-01  -0.4362830E-15  -0.1273582E+01   0.7654785E+02
  0.1133333333333E+02   0.6004915E+00   0.7320533E-15   0.9419349E+01  -0.8439164E-01   0.2255141E-16  -0.1242582E+01   0.7654506E+02
  0.1137500000000E+02   0.6004915E+00  -0.2775558E-15   0.9388213E+01  -0.8439164E-01  -0.7372575E-16  -0.1210681E+01   0.7654726E+02
  0.1141666666667E+02   0.6004915E+00   0.7285839E-16   0.9357853E+01  -0.8439164E-01   0.1908196E-16  -0.1179170E+01   0.7655706E+02
  0.1145833333333E+02   0.6004915E+00   0.1040834E-16   0.9330974E+01  -0.8439164E-01  -0.7025630E-16  -0.1148962E+01   0.7657241E+02
  0.1150000000000E+02   0.6004915E+00  -0.6886852E-15   0.9308999E+01  -0.8439164E-01  -0.2038300E-15  -0.1121278E+01   0.7659026E+02
  0.1154166666667E+02   0.6004915E+00  -0.3018419E-15   0.9292732E+01  -0.8439164E-01  -0.6331741E-16  -0.1098059E+01   0.7660808E+02
  0.1158333333333E+02   0.6004915E+00   0.4943962E-15   0.9282334E+01  -0.8439164E-01   0.2498002E-15  -0.1080610E+01   0.7662490E+02
  0.1162500000000E+02   0.6004915E+00  -0.1370432E-15   0.9277577E+01  -0.8439164E-01  -0.2220446E-15  -0.1068627E+01   0.7664160E+02
  0.1166666666667E+02   0.6004915E+00   0.3885781E-15   0.9280845E+01  -0.8439164E-01  -0.1734723E-16  -0.1061182E+01   0.7666096E+02
  0.1170833333333E+02   0.6004915E+00   0.4011548E-15   0.9291607E+01  -0.8439164E-01   0.2359224E-15  -0.1056595E+01   0.7668333E+02
  0.1175000000000E+02   0.6004915E+00  -0.7008283E-15   0.9306203E+01  -0.8439164E-01  -0.4683753E-16  -0.1053520E+01   0.7670576E+02
  0.1179166666667E+02   0.6004915E+00  -0.4315125E-15   0.9319965E+01  -0.8439164E-01  -0.2584738E-15  -0.1051378E+01   0.7672425E+02
  0.1183333333333E+02   0.6004915E+00  -0.1414667E-14   0.9330980E+01  -0.8439164E-01  -0.2532696E-15  -0.1050573E+01   0.7673707E+02
  0.1187500000000E+02   0.6004915E+00  -0.4163336E-16   0.9339847E+01  -0.8439164E-01  -0.1075529E-15  -0.1052221E+01   0.7674521E+02
  0.1191666666667E+02   0.6004915E+00   0.3677614E-15   0.9343685E+01  -0.8439164E-01   0.2116363E-15  -0.1056414E+01   0.7674858E+02
  0.1195833333333E+02   0.6004915E+00   0.3209238E-15   0.9343651E+01  -0.8439164E-01   0.2116363E-15  -0.1064046E+01   0.7674766E+02
  0.1200000000000E+02   0.6004915E+00   0.4857226E-16   0.9341870E+01  -0.8439164E-01   0.1613293E-15  -0.1075241E+01   0.7674264E+02
  0.1204166666667E+02   0.6004915E+00  -0.9367507E-15   0.9339153E+01  -0.8439164E-01   0.4163336E-16  -0.1089090E+01   0.7673320E+02
  0.1208333333333E+02   0.6004915E+00  -0.8317999E-15   0.9335625E+01  -0.8439164E-01   0.1023487E-15  -0.1104157E+01   0.7671960E+02
  0.1212500000000E+02   0.6004915E+00  -0.1994932E-15   0.9330814E+01  -0.8439164E-01  -0.4406198E-15  -0.1118910E+01   0.7670309E+02
  0.1216666666667E+02   0.6004915E+00   0.3911801E-15   0.9325311E+01  -0.8439164E-01  -0.3642919E-16  -0.1132049E+01   0.7668604E+02
  0.1220833333333E+02   0.6004915E+00   0.2914335E-15   0.9319355E+01  -0.8439164E-01   0.3677614E-15  -0.1143007E+01   0.7667057E+02
  0.1225000000000E+02   0.6004915E+00   0.8066464E-16   0.9312053E+01  -0.8439164E-01   0.1474515E-15  -0.1151494E+01   0.7665759E+02
  0.1229166666667E+02   0.6004915E+00  -0.3931317E-15   0.9303064E+01  -0.8439164E-01  -0.2203099E-15  -0.1157478E+01   0.7664756E+02
  0.1233333333333E+02   0.6004915E+00   0.1344411E-16   0.9293145E+01  -0.8439164E-01  -0.3799044E-15  -0.1160779E+01   0.7664085E+02
  0.1237500000000E+02   0.6004915E+00  -0.1994932E-16   0.9283604E+01  -0.8439164E-01   0.1405126E-15  -0.1161146E+01   0.7663756E+02
  0.1241666666667E+02   0.6004915E+00   0.7112366E-16   0.9274800E+01  -0.8439164E-01   0.1647987E-15  -0.1158914E+01   0.7663718E+02
  0.1245833333333E+02   0.6004915E+00   0.1457168E-15   0.9266749E+01  -0.8439164E-01  -0.1457168E-15  -0.1154708E+01   0.7663907E+02
  0.1250000000000E+02   0.6004915E+00  -0.4952636E-15   0.9259115E+01  -0.8439164E-01  -0.1387779E-15  -0.1149340E+01   0.7664254E+02
  0.1254166666667E+02   0.6004915E+00   0.2194425E-15   0.9251286E+01  -0.8439164E-01  -0.2081668E-16  -0.1143575E+01   0.7664672E+02
  0.1258333333333E+02   0.6004915E+00   0.1283695E-15   0.9242598E+01  -0.8439164E-01   0.5204170E-17  -0.1137922E+01   0.7665069E+02
  0.1262500000000E+02   0.6004915E+00   0.6088879E-15   0.9232673E+01  -0.8439164E-01   0.1665335E-15  -0.1132559E+01   0.7665375E+02
  0.1266666666667E+02   0.6004915E+00  -0.3642919E-15   0.9221701E+01  -0.8439164E-01   0.2428613E-16  -0.1127408E+01   0.7665569E+02
  0.1270833333333E+02   0.6004915E+00  -0.2393918E-15   0.9210460E+01  -0.8439164E-01  -0.2844947E-15  -0.1122269E+01   0.7665670E+02
  0.1275000000000E+02   0.6004915E+00  -0.1325329E-14   0.9200108E+01  -0.8439164E-01  -0.5776629E-15  -0.1116935E+01   0.7665718E+02
  0.1279166666667E+02   0.6004915E+00   0.1110223E-15   0.9191862E+01  -0.8439164E-01  -0.1092876E-15  -0.1111230E+01   0.7665754E+02
  0.1283333333333E+02   0.6004915E+00   0.9714451E-16   0.9186687E+01  -0.8439164E-01  -0.1110223E-15  -0.1104990E+01   0.7665816E+02
  0.1287500000000E+02   0.6004915E+00   0.1283695E-15   0.9185072E+01  -0.8439164E-01  -0.5551115E-16  -0.1098047E+01   0.7665926E+02
  0.1291666666667E+02   0.6004915E+00   0.2151057E-15   0.9186917E+01  -0.8439164E-01   0.2255141E-16  -0.1090244E+01   0.7666079E+02
  0.1295833333333E+02   0.6004915E+00   0.3122502E-15   0.9191578E+01  -0.8439164E-01  -0.1387779E-16  -0.1081489E+01   0.7666248E+02
  0.1300000000000E+02   0.6004915E+00  -0.2428613E-15   0.9198049E+01  -0.8439164E-01  -0.5898060E-16  -0.1071834E+01   0.7666401E+02
  0.1304166666667E+02   0.6004915E+00  -0.1051242E-14   0.9205217E+01  -0.8439164E-01  -0.4336809E-15  -0.1061517E+01   0.7666516E+02
  0.1308333333333E+02   0.6004915E+00  -0.1734723E-16   0.9212098E+01  -0.8439164E-01  -0.4857226E-16  -0.1050965E+01   0.7666587E+02
  0.1312500000000E+02   0.6004915E+00   0.7632783E-16   0.9217983E+01  -0.8439164E-01  -0.2428613E-16  -0.1040713E+01   0.7666617E+02
  0.1316666666667E+02   0.6004915E+00  -0.1113692E-14   0.9222471E+01  -0.8439164E-01  -0.1266348E-15  -0.1031301E+01   0.7666607E+02
  0.1320833333333E+02   0.6004915E+00   0.3295975E-15   0.9225395E+01  -0.8439164E-01  -0.2775558E-16  -0.1023171E+01   0.7666550E+02
  0.1325000000000E+02   0.6004915E+00   0.2480655E-15   0.9226714E+01  -0.8439164E-01   0.3816392E-16  -0.1016631E+01   0.7666437E+02
  0.1329166666667E+02   0.6004915E+00  -0.4163336E-15   0.9226421E+01  -0.8439164E-01  -0.1110223E-15  -0.1011850E+01   0.7666259E+02
  0.1333333333333E+02   0.6004915E+00   0.1020017E-14   0.9224526E+01  -0.8439164E-01   0.2081668E-16  -0.1008885E+01   0.7666008E+02
  0.1337500000000E+02   0.6004915E+00   0.1457168E-15   0.9221097E+01  -0.8439164E-01  -0.1283695E-15  -0.1007692E+01   0.7665675E+02
  0.1341666666667E+02   0.6004915E+00  -0.6002143E-15   0.9216320E+01  -0.8439164E-01   0.2706169E-15  -0.1008123E+01   0.7665257E+02
  0.1345833333333E+02   0.6004915E+00  -0.4388850E-15   0.9210522E+01  -0.8439164E-01  -0.1491862E-15  -0.1009930E+01   0.7664753E+02
  0.1350000000000E+02   0.6004915E+00  -0.5793976E-15   0.9204139E+01  -0.8439164E-01   0.2428613E-15  -0.1012776E+01   0.7664173E+02
  0.1354166666667E+02   0.6004915E+00  -0.3590878E-15   0.9197642E+01  -0.8439164E-01  -0.1873501E-15  -0.1016269E+01   0.7663532E+02
  0.1358333333333E+02   0.6004915E+00  -0.1734723E-15   0.9191442E+01  -0.8439164E-01  -0.5204170E-16  -0.1020006E+01   0.7662853E+02
  0.1362500000000E+02   0.6004915E+00   0.6713380E-15   0.9185817E+01  -0.8439164E-01   0.5238865E-15  -0.1023616E+01   0.7662162E+02
  0.1366666666667E+02   0.6004915E+00   0.1257675E-15   0.9180864E+01  -0.8439164E-01   0.1387779E-16  -0.1026799E+01   0.7661483E+02
  0.1370833333333E+02   0.6004915E+00   0.1968911E-15   0.9176498E+01  -0.8439164E-01   0.1179612E-15  -0.1029362E+01   0.7660839E+02
  0.1375000000000E+02   0.6004915E+00  -0.1095478E-14   0.9172498E+01  -0.8439164E-01  -0.4579670E-15  -0.1031241E+01   0.7660236E+02
  0.1379166666667E+02   0.6004915E+00   0.6245005E-16   0.9168616E+01  -0.8439164E-01   0.6938894E-16  -0.1032495E+01   0.7659675E+02
  0.1383333333333E+02   0.6004915E+00  -0.5828671E-15   0.9164682E+01  -0.8439164E-01   0.1249001E-15  -0.1033270E+01   0.7659149E+02
  0.1387500000000E+02   0.6004915E+00  -0.4423545E-15   0.9160691E+01  -0.8439164E-01   0.2775558E-16  -0.1033739E+01   0.7658654E+02
  0.1391666666667E+02   0.6004915E+00   0.3226586E-15   0.9156814E+01  -0.8439164E-01  -0.4544976E-15  -0.1034054E+01   0.7658192E+02
  0.1395833333333E+02   0.6004915E+00   0.4475587E-15   0.9153343E+01  -0.8439164E-01   0.2879641E-15  -0.1034336E+01   0.7657773E+02
  0.1400000000000E+02   0.6004915E+00  -0.8049117E-15   0.9150596E+01  -0.8439164E-01  -0.1561251E-15  -0.1034687E+01   0.7657407E+02
  0.1404166666667E+02   0.6004915E+00   0.1068590E-14   0.9148807E+01  -0.8439164E-01   0.3122502E-15  -0.1035201E+01   0.7657099E+02
  0.1408333333333E+02   0.6004915E+00   0.7459311E-16   0.9148047E+01  -0.8439164E-01   0.8326673E-16  -0.1035958E+01   0.7656846E+02
  0.1412500000000E+02   0.6004915E+00  -0.4267420E-15   0.9148180E+01  -0.8439164E-01  -0.1075529E-15  -0.1037003E+01   0.7656635E+02
  0.1416666666667E+02   0.6004915E+00   0.2740863E-15   0.9148877E+01  -0.8439164E-01   0.1734723E-16  -0.1038319E+01   0.7656446E+02
  0.1420833333333E+02   0.6004915E+00  -0.8864437E-15   0.9149689E+01  -0.8439164E-01  -0.1491862E-15  -0.1039832E+01   0.7656257E+02
  0.1425000000000E+02   0.6004915E+00  -0.2567391E-15   0.9150170E+01  -0.8439164E-01  -0.5724587E-15  -0.1041429E+01   0.7656046E+02
  0.1429166666667E+02   0.6004915E+00  -0.6297046E-15   0.9149983E+01  -0.8439164E-01  -0.1040834E-15  -0.1042989E+01   0.7655802E+02
  0.1433333333333E+02   0.6004915E+00  -0.2359224E-15   0.9148977E+01  -0.8439164E-01  -0.8847090E-16  -0.1044414E+01   0.7655521E+02
  0.1437500000000E+02   0.6004915E+00   0.1934217E-15   0.9147197E+01  -0.8439164E-01   0.3816392E-16  -0.1045641E+01   0.7655210E+02
  0.1441666666667E+02   0.6004915E+00  -0.3460773E-15   0.9144832E+01  -0.8439164E-01  -0.6765422E-16  -0.1046641E+01   0.7654881E+02
  0.1445833333333E+02   0.6004915E+00   0.1240327E-15   0.9142139E+01  -0.8439164E-01   0.2758210E-15  -0.1047406E+01   0.7654550E+02
  0.1450000000000E+02   0.6004915E+00  -0.4562323E-15   0.9139356E+01  -0.8439164E-01   0.9020562E-16  -0.1047938E+01   0.7654231E+02
  0.1454166666667E+02   0.6004915E+00   0.3521489E-15   0.9136646E+01  -0.8439164E-01   0.6938894E-16  -0.1048247E+01   0.7653936E+02
  0.1458333333333E+02   0.6004915E+00   0.7372575E-16   0.9134072E+01  -0.8439164E-01   0.1387779E-16  -0.1048350E+01   0.7653675E+02
  0.1462500000000E+02   0.6004915E+00   0.1760744E-15   0.9131609E+01  -0.8439164E-01   0.1387779E-15  -0.1048270E+01   0.7653452E+02
  0.1466666666667E+02   0.6004915E+00  -0.8968520E-15   0.9129183E+01  -0.8439164E-01  -0.1665335E-15  -0.1048032E+01   0.7653268E+02
  0.1470833333333E+02   0.6004915E+00   0.3573530E-15   0.9126727E+01  -0.8439164E-01   0.8326673E-16  -0.1047657E+01   0.7653117E+02
  0.1475000000000E+02   0.6004915E+00   0.7268491E-15   0.9124228E+01  -0.8439164E-01  -0.6591949E-16  -0.1047144E+01   0.7652989E+02
  0.1479166666667E+02   0.6004915E+00   0.7563394E-15   0.9121751E+01  -0.8439164E-01  -0.1006140E-15  -0.1046473E+01   0.7652879E+02
  0.1483333333333E+02   0.6004915E+00  -0.4657733E-15   0.9119423E+01  -0.8439164E-01  -0.2844947E-15  -0.1045607E+01   0.7652783E+02
  0.1487500000000E+02   0.6004915E+00  -0.5715914E-15   0.9117388E+01  -0.8439164E-01  -0.2550044E-15  -0.1044519E+01   0.7652702E+02
  0.1491666666667E+02   0.6004915E+00  -0.5464379E-15   0.9115754E+01  -0.8439164E-01  -0.3747003E-15  -0.1043214E+01   0.7652638E+02
  0.1495833333333E+02   0.6004915E+00   0.1117162E-14   0.9114548E+01  -0.8439164E-01  -0.3469447E-16  -0.1041760E+01   0.7652591E+02
  0.1500000000000E+02   0.6004915E+00  -0.8638923E-15   0.9113706E+01  -0.8439164E-01  -0.2341877E-15  -0.1040286E+01   0.7652555E+02
  0.1504166666667E+02   0.6004915E+00   0.2862294E-15   0.9113094E+01  -0.8439164E-01  -0.1734723E-15  -0.1038962E+01   0.7652522E+02
  0.1508333333333E+02   0.6004915E+00   0.5585810E-15   0.9112542E+01  -0.8439164E-01   0.3642919E-16  -0.1037961E+01   0.7652479E+02
  0.1512500000000E+02   0.6004915E+00   0.2012279E-15   0.9111897E+01  -0.8439164E-01   0.2619432E-15  -0.1037407E+01   0.7652415E+02
  0.1516666666667E+02   0.6004915E+00   0.9714451E-16   0.9111055E+01  -0.8439164E-01  -0.1613293E-15  -0.1037349E+01   0.7652323E+02
  0.1520833333333E+02   0.6004915E+00  -0.5915407E-15   0.9109982E+01  -0.8439164E-01  -0.1942890E-15  -0.1037757E+01   0.7652201E+02
  0.1525000000000E+02   0.6004915E+00   0.6314393E-15   0.9108697E+01  -0.8439164E-01   0.1474515E-15  -0.1038540E+01   0.7652051E+02
  0.1529166666667E+02   0.6004915E+00   0.8239937E-16   0.9107234E+01  -0.8439164E-01  -0.5030698E-16  -0.1039575E+01   0.7651878E+02
  0.1533333333333E+02   0.6004915E+00  -0.4033232E-15   0.9105601E+01  -0.8439164E-01  -0.2237793E-15  -0.1040733E+01   0.7651688E+02
  0.1537500000000E+02   0.6004915E+00  -0.1352217E-14   0.9103744E+01  -0.8439164E-01  -0.3660267E-15  -0.1041899E+01   0.7651480E+02
  0.1541666666667E+02   0.6004915E+00   0.4813858E-15   0.9101557E+01  -0.8439164E-01   0.5898060E-16  -0.1042980E+01   0.7651252E+02
  0.1545833333333E+02   0.6004915E+00   0.4250073E-16   0.9098912E+01  -0.8439164E-01   0.1335737E-15  -0.1043924E+01   0.7651001E+02
  0.1550000000000E+02   0.6004915E+00  -0.3668940E-15   0.9095717E+01  -0.8439164E-01  -0.2480655E-15  -0.1044722E+01   0.7650725E+02
  0.1554166666667E+02   0.6004915E+00  -0.4250073E-15   0.9091953E+01  -0.8439164E-01  -0.7129713E-15  -0.1045412E+01   0.7650422E+02
  0.1558333333333E+02   0.6004915E+00  -0.6661338E-15   0.9087691E+01  -0.8439164E-01  -0.1613293E-15  -0.1046067E+01   0.7650099E+02
  0.1562500000000E+02   0.6004915E+00  -0.1043436E-14   0.9083067E+01  -0.8439164E-01  -0.6470519E-15  -0.1046766E+01   0.7649759E+02
  0.1566666666667E+02   0.6004915E+00  -0.6401130E-15   0.9078243E+01  -0.8439164E-01   0.5898060E-16  -0.1047571E+01   0.7649407E+02
  0.1570833333333E+02   0.6004915E+00  -0.7285839E-16   0.9073358E+01  -0.8439164E-01  -0.2515349E-15  -0.1048502E+01   0.7649046E+02
  0.1575000000000E+02   0.6004915E+00  -0.3044440E-15   0.9068501E+01  -0.8439164E-01  -0.9020562E-16  -0.1049543E+01   0.7648677E+02
  0.1579166666667E+02   0.6004915E+00  -0.9731799E-15   0.9063706E+01  -0.8439164E-01  -0.8239937E-16  -0.1050647E+01   0.7648297E+02
  0.1583333333333E+02   0.6004915E+00   0.5186823E-15   0.9058965E+01  -0.8439164E-01  -0.1847481E-15  -0.1051766E+01   0.7647907E+02
  0.1587500000000E+02   0.6004915E+00  -0.2732189E-15   0.9054261E+01  -0.8439164E-01   0.1023487E-15  -0.1052863E+01   0.7647513E+02
  0.1591666666667E+02   0.6004915E+00  -0.8716985E-16   0.9049584E+01  -0.8439164E-01  -0.5490400E-15  -0.1053922E+01   0.7647119E+02
  0.1595833333333E+02   0.6004915E+00  -0.2584738E-15   0.9044945E+01  -0.8439164E-01   0.2341877E-16  -0.1054945E+01   0.7646737E+02
  0.1600000000000E+02   0.6004915E+00   0.2623769E-15   0.9040381E+01  -0.8439164E-01  -0.5290907E-16  -0.1055942E+01   0.7646372E+02
  0.1604166666667E+02   0.6004915E+00   0.6080206E-15   0.9035938E+01  -0.8439164E-01   0.2350550E-15  -0.1056921E+01   0.7646029E+02
  0.1608333333333E+02   0.6004915E+00   0.5386316E-15   0.9031668E+01  -0.8439164E-01   0.1561251E-16  -0.1057889E+01   0.7645708E+02
  0.1612500000000E+02   0.6004915E+00  -0.6570265E-15   0.9027610E+01  -0.8439164E-01   0.6071532E-17  -0.1058846E+01   0.7645406E+02
  0.1616666666667E+02   0.6004915E+00  -0.8795048E-15   0.9023782E+01  -0.8439164E-01  -0.1006140E-15  -0.1059785E+01   0.7645120E+02
  0.1620833333333E+02   0.6004915E+00  -0.3378374E-15   0.9020176E+01  -0.8439164E-01  -0.1613293E-15  -0.1060699E+01   0.7644845E+02
  0.1625000000000E+02   0.6004915E+00  -0.1002236E-14   0.9016764E+01  -0.8439164E-01  -0.1743397E-15  -0.1061571E+01   0.7644579E+02
  0.1629166666667E+02   0.6004915E+00   0.4883247E-15   0.9013505E+01  -0.8439164E-01  -0.6071532E-17  -0.1062379E+01   0.7644322E+02
  0.1633333333333E+02   0.6004915E+00  -0.6093216E-15   0.9010357E+01  -0.8439164E-01  -0.2159731E-15  -0.1063100E+01   0.7644075E+02
  0.1637500000000E+02   0.6004915E+00   0.4579670E-15   0.9007294E+01  -0.8439164E-01  -0.1647987E-15  -0.1063717E+01   0.7643838E+02
  0.1641666666667E+02   0.6004915E+00  -0.1650373E-14   0.9004311E+01  -0.8439164E-01  -0.2012279E-15  -0.1064225E+01   0.7643611E+02
  0.1645833333333E+02   0.6004915E+00   0.6440161E-16   0.9001419E+01  -0.8439164E-01  -0.4041906E-15  -0.1064640E+01   0.7643393E+02
  0.1650000000000E+02   0.6004915E+00   0.3573530E-15   0.8998643E+01  -0.8439164E-01   0.3356690E-15  -0.1064990E+01   0.7643183E+02
  0.1654166666667E+02   0.6004915E+00  -0.2519686E-15   0.8996004E+01  -0.8439164E-01   0.2376571E-15  -0.1065315E+01   0.7642982E+02
  0.1658333333333E+02   0.6004915E+00   0.6093216E-16   0.8993516E+01  -0.8439164E-01   0.5898060E-16  -0.1065650E+01   0.7642790E+02
  0.1662500000000E+02   0.6004915E+00  -0.8543513E-16   0.8991179E+01  -0.8439164E-01  -0.4050579E-15  -0.1066017E+01   0.7642607E+02
  0.1666666666667E+02   0.6004915E+00  -0.3551846E-15   0.8988985E+01  -0.8439164E-01  -0.6938894E-17  -0.1066421E+01   0.7642431E+02
  0.1670833333333E+02   0.6004915E+00  -0.8072969E-15   0.8986919E+01  -0.8439164E-01  -0.1014813E-15  -0.1066852E+01   0.7642263E+02
  0.1675000000000E+02   0.6004915E+00  -0.3009745E-15   0.8984965E+01  -0.8439164E-01   0.2688821E-16  -0.1067285E+01   0.7642099E+02
  0.1679166666667E+02   0.6004915E+00   0.7053819E-15   0.8983103E+01  -0.8439164E-01  -0.2133710E-15  -0.1067697E+01   0.7641940E+02
  0.1683333333333E+02   0.6004915E+00  -0.8682291E-15   0.8981313E+01  -0.8439164E-01  -0.3243933E-15  -0.1068069E+01   0.7641784E+02
  0.1687500000000E+02   0.6004915E+00   0.1318390E-15   0.8979572E+01  -0.8439164E-01  -0.1014813E-15  -0.1068396E+01   0.7641633E+02
  0.1691666666667E+02   0.6004915E+00  -0.1324895E-15   0.8977861E+01  -0.8439164E-01  -0.2723516E-15  -0.1068687E+01   0.7641489E+02
  0.1695833333333E+02   0.6004915E+00  -0.6123574E-15   0.8976176E+01  -0.8439164E-01  -0.2870967E-15  -0.1068964E+01   0.7641354E+02
  0.1700000000000E+02   0.6004915E+00  -0.3172376E-15   0.8974533E+01  -0.8439164E-01  -0.2185752E-15  -0.1069253E+01   0.7641230E+02
  0.1704166666667E+02   0.6004915E+00  -0.1775923E-15   0.8972970E+01  -0.8439164E-01  -0.6158268E-16  -0.1069576E+01   0.7641118E+02
  0.1708333333333E+02   0.6004915E+00   0.9191866E-15   0.8971538E+01  -0.8439164E-01  -0.2428613E-16  -0.1069950E+01   0.7641017E+02
  0.1712500000000E+02   0.6004915E+00  -0.8695301E-16   0.8970279E+01  -0.8439164E-01  -0.1110223E-15  -0.1070374E+01   0.7640926E+02
  0.1716666666667E+02   0.6004915E+00  -0.2378740E-15   0.8969204E+01  -0.8439164E-01  -0.3079134E-15  -0.1070834E+01   0.7640842E+02
  0.1720833333333E+02   0.6004915E+00   0.1112391E-15   0.8968282E+01  -0.8439164E-01   0.5724587E-16  -0.1071304E+01   0.7640760E+02
  0.1725000000000E+02   0.6004915E+00  -0.1272853E-15   0.8967439E+01  -0.8439164E-01   0.1561251E-16  -0.1071755E+01   0.7640678E+02
  0.1729166666667E+02   0.6004915E+00  -0.1021318E-15   0.8966574E+01  -0.8439164E-01  -0.3035766E-16  -0.1072160E+01   0.7640590E+02
  0.1733333333333E+02   0.6004915E+00  -0.2287667E-15   0.8965593E+01  -0.8439164E-01  -0.2246467E-15  -0.1072500E+01   0.7640496E+02
  0.1737500000000E+02   0.6004915E+00   0.1457168E-15   0.8964436E+01  -0.8439164E-01  -0.2602085E-17  -0.1072773E+01   0.7640395E+02
  0.1741666666667E+02   0.6004915E+00   0.1405126E-15   0.8963101E+01  -0.8439164E-01  -0.1882175E-15  -0.1072992E+01   0.7640287E+02
  0.1745833333333E+02   0.6004915E+00  -0.3870602E-15   0.8961644E+01  -0.8439164E-01  -0.3348016E-15  -0.1073180E+01   0.7640177E+02
  0.1750000000000E+02   0.6004915E+00   0.3374037E-15   0.8960160E+01  -0.8439164E-01   0.2081668E-16  -0.1073368E+01   0.7640066E+02
  0.1754166666667E+02   0.6004915E+00  -0.3825065E-15   0.8958757E+01  -0.8439164E-01  -0.1214306E-16  -0.1073586E+01   0.7639959E+02
  0.1758333333333E+02   0.6004915E+00   0.1366095E-16   0.8957522E+01  -0.8439164E-01  -0.3495468E-15  -0.1073852E+01   0.7639855E+02
  0.1762500000000E+02   0.6004915E+00  -0.4783500E-15   0.8956497E+01  -0.8439164E-01  -0.7459311E-16  -0.1074173E+01   0.7639757E+02
  0.1766666666667E+02   0.6004915E+00  -0.3720982E-15   0.8955670E+01  -0.8439164E-01  -0.5022024E-15  -0.1074536E+01   0.7639665E+02
  0.1770833333333E+02   0.6004915E+00  -0.1567323E-14   0.8954982E+01  -0.8439164E-01  -0.1951564E-15  -0.1074920E+01   0.7639575E+02
  0.1775000000000E+02   0.6004915E+00  -0.4460408E-15   0.8954351E+01  -0.8439164E-01  -0.1231654E-15  -0.1075295E+01   0.7639488E+02
  0.1779166666667E+02   0.6004915E+00  -0.1513546E-15   0.8953694E+01  -0.8439164E-01   0.8673617E-18  -0.1075635E+01   0.7639401E+02
  0.1783333333333E+02   0.6004915E+00   0.7999244E-15   0.8952951E+01  -0.8439164E-01   0.1283695E-15  -0.1075923E+01   0.7639313E+02
  0.1787500000000E+02   0.6004915E+00  -0.2312603E-15   0.8952099E+01  -0.8439164E-01  -0.1049508E-15  -0.1076148E+01   0.7639223E+02
  0.1791666666667E+02   0.6004915E+00   0.5321264E-15   0.8951153E+01  -0.8439164E-01  -0.1804112E-15  -0.1076313E+01   0.7639131E+02
  0.1795833333333E+02   0.6004915E+00   0.2114194E-15   0.8950163E+01  -0.8439164E-01  -0.4683753E-16  -0.1076427E+01   0.7639040E+02
  0.1800000000000E+02   0.6004915E+00  -0.2834104E-15   0.8949195E+01  -0.8439164E-01  -0.6418477E-16  -0.1076503E+01   0.7638950E+02
  0.1804166666667E+02   0.6004915E+00   0.3429331E-15   0.8948320E+01  -0.8439164E-01   0.4510281E-16  -0.1076553E+01   0.7638865E+02
  0.1808333333333E+02   0.6004915E+00   0.2970714E-15   0.8947592E+01  -0.8439164E-01  -0.1656661E-15  -0.1076589E+01   0.7638786E+02
  0.1812500000000E+02   0.6004915E+00   0.2480655E-15   0.8947041E+01  -0.8439164E-01   0.3261280E-15  -0.1076619E+01   0.7638716E+02
  0.1816666666667E+02   0.6004915E+00   0.3692793E-15   0.8946659E+01  -0.8439164E-01   0.3374037E-15  -0.1076649E+01   0.7638655E+02
  0.1820833333333E+02   0.6004915E+00   0.1233822E-15   0.8946405E+01  -0.8439164E-01   0.2185752E-15  -0.1076682E+01   0.7638601E+02
  0.1825000000000E+02   0.6004915E+00  -0.4430050E-15   0.8946206E+01  -0.8439164E-01  -0.1552578E-15  -0.1076718E+01   0.7638552E+02
  0.1829166666667E+02   0.6004915E+00   0.3285133E-16   0.8945982E+01  -0.8439164E-01  -0.1188286E-15  -0.1076753E+01   0.7638507E+02
  0.1833333333333E+02   0.6004915E+00   0.6225489E-15   0.8945659E+01  -0.8439164E-01   0.9020562E-16  -0.1076776E+01   0.7638462E+02
  0.1837500000000E+02   0.6004915E+00  -0.5527263E-15   0.8945192E+01  -0.8439164E-01  -0.5117434E-16  -0.1076777E+01   0.7638415E+02
  0.1841666666667E+02   0.6004915E+00   0.5629178E-15   0.8944575E+01  -0.8439164E-01   0.1396452E-15  -0.1076743E+01   0.7638368E+02
  0.1845833333333E+02   0.6004915E+00  -0.4499439E-15   0.8943849E+01  -0.8439164E-01  -0.4232725E-15  -0.1076664E+01   0.7638320E+02
  0.1850000000000E+02   0.6004915E+00  -0.6125742E-16   0.8943090E+01  -0.8439164E-01  -0.1916869E-15  -0.1076537E+01   0.7638272E+02
  0.1854166666667E+02   0.6004915E+00  -0.3416321E-15   0.8942395E+01  -0.8439164E-01  -0.1986258E-15  -0.1076367E+01   0.7638229E+02
  0.1858333333333E+02   0.6004915E+00  -0.3866265E-15   0.8941854E+01  -0.8439164E-01  -0.2584738E-15  -0.1076170E+01   0.7638191E+02
  0.1862500000000E+02   0.6004915E+00  -0.8684459E-16   0.8941537E+01  -0.8439164E-01  -0.2983724E-15  -0.1075968E+01   0.7638160E+02
  0.1866666666667E+02   0.6004915E+00  -0.1818207E-15   0.8941473E+01  -0.8439164E-01   0.2515349E-15  -0.1075785E+01   0.7638139E+02
  0.1870833333333E+02   0.6004915E+00   0.8854679E-15   0.8941648E+01  -0.8439164E-01   0.1630640E-15  -0.1075642E+01   0.7638128E+02
  0.1875000000000E+02   0.6004915E+00  -0.8238852E-15   0.8942006E+01  -0.8439164E-01  -0.1413800E-15  -0.1075552E+01   0.7638126E+02
  0.1879166666667E+02   0.6004915E+00   0.4510281E-16   0.8942462E+01  -0.8439164E-01  -0.2393918E-15  -0.1075519E+01   0.7638131E+02
  0.1883333333333E+02   0.6004915E+00   0.9189698E-15   0.8942916E+01  -0.8439164E-01  -0.8673617E-18  -0.1075535E+01   0.7638139E+02
  0.1887500000000E+02   0.6004915E+00   0.4452818E-15   0.8943276E+01  -0.8439164E-01   0.2576064E-15  -0.1075588E+01   0.7638146E+02
  0.1891666666667E+02   0.6004915E+00   0.6191879E-15   0.8943473E+01  -0.8439164E-01   0.1422473E-15  -0.1075658E+01   0.7638147E+02
  0.1895833333333E+02   0.6004915E+00  -0.2574980E-15   0.8943471E+01  -0.8439164E-01  -0.2662801E-15  -0.1075730E+01   0.7638138E+02
  0.1900000000000E+02   0.6004915E+00   0.1494031E-15   0.8943272E+01  -0.8439164E-01  -0.1040834E-16  -0.1075791E+01   0.7638117E+02
  0.1904166666667E+02   0.6004915E+00   0.5487147E-15   0.8942915E+01  -0.8439164E-01   0.3009745E-15  -0.1075839E+01   0.7638084E+02
  0.1908333333333E+02   0.6004915E+00  -0.3545341E-15   0.8942465E+01  -0.8439164E-01  -0.2810252E-15  -0.1075876E+01   0.7638041E+02
  0.1912500000000E+02   0.6004915E+00  -0.1181780E-16   0.8941997E+01  -0.8439164E-01  -0.4857226E-16  -0.1075913E+01   0.7637994E+02
  0.1916666666667E+02   0.6004915E+00   0.1220812E-15   0.8941587E+01  -0.8439164E-01   0.1743397E-15  -0.1075962E+01   0.7637945E+02
  0.1920833333333E+02   0.6004915E+00   0.3632077E-16   0.8941291E+01  -0.8439164E-01   0.3252607E-15  -0.1076037E+01   0.7637900E+02
  0.1925000000000E+02   0.6004915E+00   0.1595946E-15   0.8941140E+01  -0.8439164E-01   0.1734723E-17  -0.1076141E+01   0.7637859E+02
  0.1929166666667E+02   0.6004915E+00  -0.6037922E-15   0.8941131E+01  -0.8439164E-01  -0.3139849E-15  -0.1076274E+01   0.7637822E+02
  0.1933333333333E+02   0.6004915E+00  -0.8205242E-15   0.8941233E+01  -0.8439164E-01  -0.9280771E-16  -0.1076426E+01   0.7637788E+02
  0.1937500000000E+02   0.6004915E+00   0.2499086E-15   0.8941394E+01  -0.8439164E-01   0.6938894E-17  -0.1076586E+01   0.7637752E+02
  0.1941666666667E+02   0.6004915E+00   0.7066830E-15   0.8941549E+01  -0.8439164E-01   0.3547510E-15  -0.1076741E+01   0.7637712E+02
  0.1945833333333E+02   0.6004915E+00  -0.1038666E-15   0.8941637E+01  -0.8439164E-01   0.8673617E-18  -0.1076883E+01   0.7637667E+02
  0.1950000000000E+02   0.6004915E+00  -0.6830474E-17   0.8941611E+01  -0.8439164E-01   0.1674008E-15  -0.1077011E+01   0.7637615E+02
  0.1954166666667E+02   0.6004915E+00  -0.3308985E-15   0.8941444E+01  -0.8439164E-01   0.2341877E-16  -0.1077128E+01   0.7637559E+02
  0.1958333333333E+02   0.6004915E+00  -0.7238134E-15   0.8941137E+01  -0.8439164E-01  -0.1838807E-15  -0.1077243E+01   0.7637500E+02
  0.1962500000000E+02   0.6004915E+00  -0.8308241E-15   0.8940713E+01  -0.8439164E-01  -0.2636780E-15  -0.1077362E+01   0.7637441E+02
  0.1966666666667E+02   0.6004915E+00  -0.1279359E-15   0.8940213E+01  -0.8439164E-01  -0.3651593E-15  -0.1077491E+01   0.7637385E+02
  0.1970833333333E+02   0.6004915E+00   0.1543904E-15   0.8939688E+01  -0.8439164E-01  -0.1578598E-15  -0.1077631E+01   0.7637331E+02
  0.1975000000000E+02   0.6004915E+00   0.4881078E-15   0.8939187E+01  -0.8439164E-01  -0.6678685E-16  -0.1077779E+01   0.7637281E+02
  0.1979166666667E+02   0.6004915E+00  -0.1255506E-15   0.8938753E+01  -0.8439164E-01  -0.1162265E-15  -0.1077929E+01   0.7637234E+02
  0.1983333333333E+02   0.6004915E+00   0.6344751E-15   0.8938416E+01  -0.8439164E-01  -0.7719519E-16  -0.1078075E+01   0.7637187E+02
  0.1987500000000E+02   0.6004915E+00  -0.3773024E-16   0.8938191E+01  -0.8439164E-01   0.1474515E-15  -0.1078212E+01   0.7637140E+02
  0.1991666666667E+02   0.6004915E+00  -0.1165517E-15   0.8938075E+01  -0.8439164E-01   0.7546047E-16  -0.1078339E+01   0.7637092E+02
  0.1995833333333E+02   0.6004915E+00  -0.1795439E-15   0.8938054E+01  -0.8439164E-01  -0.2428613E-15  -0.1078456E+01   0.7637042E+02
  0.2000000000000E+02   0.6004915E+00  -0.1626303E-15   0.8938104E+01  -0.8439164E-01  -0.1717376E-15  -0.1078567E+01   0.7636990E+02
