 # Project=San-Ti                        
 # Author=Sophon                        
 # date =  9/22/2026 13:57:33
 # code = EQdyna
 # element_size =   500.00000000000000     
 # time_step =  0.0417  s
 # num_time_steps =   480
 # Time series in 11 columns in format E15.7
 # Column #1 = Time (s)
 # Column #2 = horizontal slip (m)
 # Column #3 = horizontal slip rate (m/s)
 # Column #4 = horizontal shear stress (MPa)
 # Column #5 = down-dip slip (m)
 # Column #6 = down-dip slip rate (m/s)
 # Column #7 = down-dip shear stress (MPa)
 # Column #8 = normal stress (MPa)
 # The line below lists the names of the data fields:
 t h-slip h-slip-rate h-shear-stress v-slip v-slip-rate v-shear-stress n-stress
  0.4166666666667E-01   0.0000000E+00   0.0000000E+00   0.2731158E+02  -0.0000000E+00  -0.0000000E+00  -0.4046241E+01   0.2008621E+03
  0.8333333333333E-01   0.3303733E-16   0.7928959E-15   0.2742700E+02   0.3574185E-17   0.8578043E-16  -0.3967310E+01   0.2008694E+03
  0.1250000000000E+00   0.9237741E-16   0.1424167E-14   0.2757157E+02   0.8659747E-17   0.1220574E-15  -0.3842714E+01   0.2008643E+03
  0.1666666666667E+00   0.1157318E-15   0.5605325E-15   0.2767309E+02   0.3071765E-16   0.5293956E-15  -0.3706841E+01   0.2008385E+03
  0.2083333333333E+00   0.1396791E-15   0.5748982E-15   0.2780779E+02   0.4697899E-16   0.3902315E-15  -0.3591208E+01   0.2008269E+03
  0.2500000000000E+00   0.1786020E-15   0.9340402E-15   0.2798155E+02   0.3779122E-16  -0.2204725E-15  -0.3516089E+01   0.2008493E+03
  0.2916666666667E+00   0.1618036E-15  -0.4020222E-15   0.2817601E+02   0.5355281E-16   0.3781697E-15  -0.3481005E+01   0.2009001E+03
  0.3333333333333E+00   0.2613063E-15   0.2387847E-14   0.2834107E+02   0.5957691E-16   0.1437652E-15  -0.3478784E+01   0.2009492E+03
  0.3750000000000E+00   0.3455081E-15   0.2021387E-14   0.2845631E+02   0.6657001E-16   0.1680513E-15  -0.3510463E+01   0.2009743E+03
  0.4166666666667E+00   0.4039195E-15   0.1401657E-14   0.2854681E+02   0.7456600E-16   0.1925543E-15  -0.3563094E+01   0.2009789E+03
  0.4583333333333E+00   0.4511365E-15   0.1129305E-14   0.2859316E+02   0.8153200E-16   0.1663166E-15  -0.3614527E+01   0.2009723E+03
  0.5000000000000E+00   0.4939625E-15   0.1032594E-14   0.2860764E+02   0.8842346E-16   0.1660998E-15  -0.3643076E+01   0.2009687E+03
  0.5416666666667E+00   0.5066477E-15   0.3031429E-15   0.2860987E+02   0.9359375E-16   0.1240327E-15  -0.3637398E+01   0.2009706E+03
  0.5833333333333E+00   0.5631346E-15   0.1356066E-14   0.2861300E+02   0.9107298E-16  -0.6071532E-16  -0.3601226E+01   0.2009711E+03
  0.6250000000000E+00   0.5607494E-15  -0.6028164E-16   0.2862036E+02   0.1021318E-15   0.2654127E-15  -0.3550513E+01   0.2009644E+03
  0.6666666666667E+00   0.5926249E-15   0.7693499E-15   0.2862816E+02   0.1112391E-15   0.2211772E-15  -0.3505090E+01   0.2009521E+03
  0.7083333333333E+00   0.6080206E-15   0.3681951E-15   0.2862959E+02   0.1220812E-15   0.2558717E-15  -0.3479754E+01   0.2009396E+03
  0.7500000000000E+00   0.6461845E-15   0.9202708E-15   0.2861869E+02   0.1303211E-15   0.2007942E-15  -0.3479178E+01   0.2009291E+03
  0.7916666666667E+00   0.6934557E-15   0.1123667E-14   0.2859420E+02   0.1407294E-15   0.2526191E-15  -0.3498322E+01   0.2009193E+03
  0.8333333333333E+00   0.6906368E-15  -0.6228741E-16   0.2856162E+02   0.1465841E-15   0.1440363E-15  -0.3526964E+01   0.2009099E+03
  0.8750000000000E+00   0.7775898E-15   0.2083945E-14   0.2853130E+02   0.1522220E-15   0.1337905E-15  -0.3555302E+01   0.2009046E+03
  0.9166666666667E+00   0.8333178E-15   0.1337472E-14   0.2851295E+02   0.1624135E-15   0.2445960E-15  -0.3577682E+01   0.2009093E+03
  0.9583333333333E+00   0.8619407E-15   0.6871673E-15   0.2851047E+02   0.1621966E-15  -0.7372575E-17  -0.3593116E+01   0.2009261E+03
  0.1000000000000E+01   0.9029236E-15   0.9809861E-15   0.2852091E+02   0.1577514E-15  -0.1027824E-15  -0.3603260E+01   0.2009507E+03
  0.1041666666667E+01   0.9638557E-15   0.1462372E-14   0.2853822E+02   0.1591609E-15   0.3122502E-16  -0.3609854E+01   0.2009744E+03
  0.1083333333333E+01   0.9505200E-15  -0.3183218E-15   0.2855828E+02   0.1614377E-15   0.5464379E-16  -0.3613437E+01   0.2009901E+03
  0.1125000000000E+01   0.9950808E-15   0.1068156E-14   0.2858098E+02   0.1655577E-15   0.9801188E-16  -0.3613824E+01   0.2009967E+03
  0.1166666666667E+01   0.1008308E-14   0.3200565E-15   0.2860806E+02   0.1814683E-15   0.3833739E-15  -0.3611366E+01   0.2009978E+03
  0.1208333333333E+01   0.1061922E-14   0.1285213E-14   0.2863911E+02   0.1830540E-15   0.3816392E-16  -0.3607654E+01   0.2009980E+03
  0.1250000000000E+01   0.1097809E-14   0.8612902E-15   0.2866932E+02   0.2053208E-15   0.5342948E-15  -0.3605102E+01   0.2009987E+03
  0.1291666666667E+01   0.1139388E-14   0.9952976E-15   0.2869115E+02   0.2066489E-15   0.3209238E-16  -0.3605888E+01   0.2009983E+03
  0.1333333333333E+01   0.1204494E-14   0.1564937E-14   0.2869852E+02   0.2076247E-15   0.2471981E-16  -0.3610734E+01   0.2009942E+03
  0.1375000000000E+01   0.1247429E-14   0.1030426E-14   0.2869018E+02   0.2237793E-15   0.3894454E-15  -0.3619003E+01   0.2009854E+03
  0.1416666666667E+01   0.1231356E-14  -0.3855423E-15   0.2867005E+02   0.2327782E-15   0.2151057E-15  -0.3629732E+01   0.2009733E+03
  0.1458333333333E+01   0.1347636E-14   0.2791604E-14   0.2864484E+02   0.2294172E-15  -0.7892992E-16  -0.3642749E+01   0.2009595E+03
  0.1500000000000E+01   0.1362137E-14   0.3465110E-15   0.2862093E+02   0.2353803E-15   0.1417323E-15  -0.3658943E+01   0.2009453E+03
  0.1541666666667E+01   0.1357448E-14  -0.1110223E-15   0.2860382E+02   0.2520770E-15   0.4061963E-15  -0.3678653E+01   0.2009314E+03
  0.1583333333333E+01   0.1385665E-14   0.6739401E-15   0.2859684E+02   0.2525107E-15   0.8158621E-17  -0.3701328E+01   0.2009183E+03
  0.1625000000000E+01   0.1404259E-14   0.4466913E-15   0.2859955E+02   0.2623769E-15   0.2362477E-15  -0.3726428E+01   0.2009067E+03
  0.1666666666667E+01   0.1493380E-14   0.2141516E-14   0.2860751E+02   0.2604254E-15  -0.4889752E-16  -0.3753397E+01   0.2008952E+03
  0.1708333333333E+01   0.1552903E-14   0.1423341E-14   0.2861203E+02   0.2785315E-15   0.4364998E-15  -0.3782300E+01   0.2008794E+03
  0.1750000000000E+01   0.1570575E-14   0.4302114E-15   0.2860754E+02   0.2864462E-15   0.1843144E-15  -0.3811749E+01   0.2008557E+03
  0.1791666666667E+01   0.1653191E-14   0.1974983E-14   0.2859650E+02   0.2762547E-15  -0.2415602E-15  -0.3838530E+01   0.2008256E+03
  0.1833333333333E+01   0.1649939E-14  -0.7806256E-16   0.2863829E+02   0.2875304E-15   0.2636780E-15  -0.3871397E+01   0.2008031E+03
  0.1875000000000E+01   0.1659697E-14   0.2428613E-15   0.2888366E+02   0.2916504E-15   0.9887924E-16  -0.3950343E+01   0.2008139E+03
  0.1916666666667E+01   0.1672273E-14   0.3001072E-15   0.2964568E+02   0.2975051E-15   0.1491862E-15  -0.4053516E+01   0.2009094E+03
  0.1958333333333E+01   0.1730387E-14   0.1396452E-14   0.3110022E+02   0.3217912E-15   0.5863365E-15  -0.4120091E+01   0.2011121E+03
  0.2000000000000E+01   0.1732555E-14   0.4597017E-16   0.3367995E+02   0.3217912E-15  -0.0000000E+00  -0.4091020E+01   0.2015010E+03
  0.2041666666667E+01   0.1801510E-14   0.1656661E-14   0.3658121E+02   0.3226586E-15   0.2081668E-16  -0.3842075E+01   0.2021245E+03
  0.2083333333333E+01   0.5359283E-02   0.1286228E+00   0.3655942E+02  -0.5628783E-03  -0.1350908E-01  -0.3171285E+01   0.2028630E+03
  0.2125000000000E+01   0.3895192E-01   0.8062233E+00   0.3530338E+02  -0.3476815E-02  -0.6993448E-01  -0.2413291E+01   0.2031948E+03
  0.2166666666667E+01   0.1112549E+00   0.1735272E+01   0.3236400E+02  -0.8419351E-02  -0.1186209E+00  -0.1613813E+01   0.2029640E+03
  0.2208333333333E+01   0.2144682E+00   0.2477118E+01   0.2813682E+02  -0.1356602E-01  -0.1235201E+00  -0.8571834E+00   0.2025304E+03
  0.2250000000000E+01   0.3312553E+00   0.2802892E+01   0.2468273E+02  -0.1712392E-01  -0.8538965E-01  -0.2568070E+00   0.2023672E+03
  0.2291666666667E+01   0.4419412E+00   0.2656460E+01   0.2471362E+02  -0.1827554E-01  -0.2763867E-01   0.1989683E+00   0.2026202E+03
  0.2333333333333E+01   0.5219873E+00   0.1921106E+01   0.2479039E+02  -0.1763109E-01   0.1546674E-01   0.4935663E+00   0.2032942E+03
  0.2375000000000E+01   0.5711311E+00   0.1179451E+01   0.2487819E+02  -0.1665265E-01   0.2348239E-01   0.5207347E+00   0.2040303E+03
  0.2416666666667E+01   0.6056182E+00   0.8276911E+00   0.2494190E+02  -0.1593079E-01   0.1732471E-01   0.3523133E+00   0.2045366E+03
  0.2458333333333E+01   0.6437441E+00   0.9150211E+00   0.2497515E+02  -0.1539225E-01   0.1292500E-01   0.1394402E+00   0.2047962E+03
  0.2500000000000E+01   0.6953892E+00   0.1239481E+01   0.2499750E+02  -0.1510391E-01   0.6920219E-02   0.5881576E-02   0.2049792E+03
  0.2541666666667E+01   0.7595695E+00   0.1540329E+01   0.2502868E+02  -0.1508881E-01   0.3624187E-03  -0.1732164E-02   0.2052390E+03
  0.2583333333333E+01   0.8285482E+00   0.1655488E+01   0.2506647E+02  -0.1509358E-01  -0.1145716E-03   0.8151248E-01   0.2055550E+03
  0.2625000000000E+01   0.8934549E+00   0.1557761E+01   0.2509497E+02  -0.1488251E-01   0.5065612E-02   0.1569570E+00   0.2057955E+03
  0.2666666666667E+01   0.9483888E+00   0.1318412E+01   0.2510709E+02  -0.1453893E-01   0.8246038E-02   0.1198280E+00   0.2058948E+03
  0.2708333333333E+01   0.9924369E+00   0.1057155E+01   0.2510983E+02  -0.1432870E-01   0.5045456E-02  -0.5094201E-01   0.2059157E+03
  0.2750000000000E+01   0.1029049E+01   0.8787032E+00   0.2511531E+02  -0.1440298E-01  -0.1782684E-02  -0.2674853E+00   0.2059728E+03
  0.2791666666667E+01   0.1063063E+01   0.8163137E+00   0.2513081E+02  -0.1476523E-01  -0.8693979E-02  -0.4138068E+00   0.2061185E+03
  0.2833333333333E+01   0.1097335E+01   0.8225350E+00   0.2515396E+02  -0.1532956E-01  -0.1354395E-01  -0.4305894E+00   0.2063137E+03
  0.2875000000000E+01   0.1131638E+01   0.8232751E+00   0.2517655E+02  -0.1591677E-01  -0.1409295E-01  -0.3277866E+00   0.2064890E+03
  0.2916666666667E+01   0.1164551E+01   0.7899135E+00   0.2519316E+02  -0.1634528E-01  -0.1028429E-01  -0.1672204E+00   0.2066143E+03
  0.2958333333333E+01   0.1196140E+01   0.7581428E+00   0.2520557E+02  -0.1655495E-01  -0.5032198E-02  -0.2976210E-01   0.2067132E+03
  0.3000000000000E+01   0.1228472E+01   0.7759686E+00   0.2521956E+02  -0.1659313E-01  -0.9162442E-03   0.3932640E-01   0.2068299E+03
  0.3041666666667E+01   0.1263461E+01   0.8397326E+00   0.2523873E+02  -0.1653857E-01   0.1309446E-02   0.5507934E-01   0.2069899E+03
  0.3083333333333E+01   0.1300509E+01   0.8891414E+00   0.2526230E+02  -0.1645772E-01   0.1940404E-02   0.6578645E-01   0.2071866E+03
  0.3125000000000E+01   0.1336622E+01   0.8667059E+00   0.2528708E+02  -0.1636368E-01   0.2257019E-02   0.1156955E+00   0.2073946E+03
  0.3166666666667E+01   0.1368994E+01   0.7769497E+00   0.2530968E+02  -0.1621556E-01   0.3554763E-02   0.2183032E+00   0.2075885E+03
  0.3208333333333E+01   0.1397432E+01   0.6824963E+00   0.2532829E+02  -0.1597028E-01   0.5886725E-02   0.3479097E+00   0.2077557E+03
  0.3250000000000E+01   0.1424223E+01   0.6430017E+00   0.2534374E+02  -0.1560227E-01   0.8832279E-02   0.4628655E+00   0.2078998E+03
  0.3291666666667E+01   0.1451803E+01   0.6619083E+00   0.2535884E+02  -0.1509857E-01   0.1208876E-01   0.5372067E+00   0.2080378E+03
  0.3333333333333E+01   0.1480683E+01   0.6931157E+00   0.2537625E+02  -0.1448678E-01   0.1468310E-01   0.5652974E+00   0.2081879E+03
  0.3375000000000E+01   0.1509584E+01   0.6936208E+00   0.2539636E+02  -0.1384296E-01   0.1545154E-01   0.5509445E+00   0.2083528E+03
  0.3416666666667E+01   0.1537204E+01   0.6628877E+00   0.2541650E+02  -0.1324377E-01   0.1438058E-01   0.5018918E+00   0.2085122E+03
  0.3458333333333E+01   0.1563490E+01   0.6308622E+00   0.2543238E+02  -0.1272471E-01   0.1245744E-01   0.4308749E+00   0.2086336E+03
  0.3500000000000E+01   0.1589124E+01   0.6152247E+00   0.2544123E+02  -0.1229041E-01   0.1042313E-01   0.3559780E+00   0.2086976E+03
  0.3541666666667E+01   0.1614077E+01   0.5988683E+00   0.2544435E+02  -0.1194127E-01   0.8379469E-02   0.2957529E+00   0.2087172E+03
  0.3583333333333E+01   0.1637044E+01   0.5511951E+00   0.2544630E+02  -0.1167432E-01   0.6406828E-02   0.2614180E+00   0.2087304E+03
  0.3625000000000E+01   0.1656486E+01   0.4666220E+00   0.2545133E+02  -0.1147458E-01   0.4793757E-02   0.2505019E+00   0.2087714E+03
  0.3666666666667E+01   0.1672179E+01   0.3766302E+00   0.2546021E+02  -0.1132012E-01   0.3706941E-02   0.2482225E+00   0.2088452E+03
  0.3708333333333E+01   0.1685635E+01   0.3229291E+00   0.2547042E+02  -0.1118894E-01   0.3148373E-02   0.2401882E+00   0.2089296E+03
  0.3750000000000E+01   0.1699013E+01   0.3210942E+00   0.2547923E+02  -0.1106278E-01   0.3027946E-02   0.2242598E+00   0.2090018E+03
  0.3791666666667E+01   0.1713649E+01   0.3512548E+00   0.2548651E+02  -0.1093396E-01   0.3091629E-02   0.2079687E+00   0.2090614E+03
  0.3833333333333E+01   0.1729531E+01   0.3811710E+00   0.2549442E+02  -0.1080436E-01   0.3110336E-02   0.1979891E+00   0.2091265E+03
  0.3875000000000E+01   0.1745962E+01   0.3943313E+00   0.2550469E+02  -0.1067676E-01   0.3062369E-02   0.1936264E+00   0.2092119E+03
  0.3916666666667E+01   0.1762442E+01   0.3955378E+00   0.2551668E+02  -0.1055164E-01   0.3002842E-02   0.1887676E+00   0.2093115E+03
  0.3958333333333E+01   0.1778876E+01   0.3943949E+00   0.2552810E+02  -0.1043008E-01   0.2917659E-02   0.1793320E+00   0.2094061E+03
  0.4000000000000E+01   0.1795119E+01   0.3898508E+00   0.2553759E+02  -0.1031596E-01   0.2738658E-02   0.1677731E+00   0.2094845E+03
  0.4041666666667E+01   0.1810671E+01   0.3732485E+00   0.2554608E+02  -0.1021379E-01   0.2452113E-02   0.1601634E+00   0.2095548E+03
  0.4083333333333E+01   0.1824984E+01   0.3434942E+00   0.2555562E+02  -0.1012406E-01   0.2153568E-02   0.1600477E+00   0.2096343E+03
  0.4125000000000E+01   0.1838081E+01   0.3143453E+00   0.2556709E+02  -0.1004203E-01   0.1968656E-02   0.1655780E+00   0.2097302E+03
  0.4166666666667E+01   0.1850754E+01   0.3041487E+00   0.2557924E+02  -0.9959962E-02   0.1969733E-02   0.1726183E+00   0.2098319E+03
  0.4208333333333E+01   0.1864035E+01   0.3187358E+00   0.2558994E+02  -0.9870339E-02   0.2150949E-02   0.1799183E+00   0.2099215E+03
  0.4250000000000E+01   0.1878429E+01   0.3454519E+00   0.2559820E+02  -0.9769138E-02   0.2428810E-02   0.1902158E+00   0.2099909E+03
  0.4291666666667E+01   0.1893593E+01   0.3639544E+00   0.2560486E+02  -0.9656452E-02   0.2704482E-02   0.2067150E+00   0.2100475E+03
  0.4333333333333E+01   0.1908693E+01   0.3623929E+00   0.2561163E+02  -0.9534548E-02   0.2925696E-02   0.2291381E+00   0.2101054E+03
  0.4375000000000E+01   0.1923021E+01   0.3438686E+00   0.2561962E+02  -0.9406361E-02   0.3076470E-02   0.2530333E+00   0.2101739E+03
  0.4416666666667E+01   0.1936336E+01   0.3195515E+00   0.2562879E+02  -0.9274859E-02   0.3156064E-02   0.2729004E+00   0.2102520E+03
  0.4458333333333E+01   0.1948742E+01   0.2977547E+00   0.2563838E+02  -0.9142752E-02   0.3170550E-02   0.2861478E+00   0.2103331E+03
  0.4500000000000E+01   0.1960396E+01   0.2796997E+00   0.2564775E+02  -0.9012681E-02   0.3121705E-02   0.2942749E+00   0.2104120E+03
  0.4541666666667E+01   0.1971376E+01   0.2635257E+00   0.2565662E+02  -0.8886697E-02   0.3023617E-02   0.3008622E+00   0.2104866E+03
  0.4583333333333E+01   0.1981775E+01   0.2495653E+00   0.2566492E+02  -0.8764759E-02   0.2926525E-02   0.3086963E+00   0.2105565E+03
  0.4625000000000E+01   0.1991793E+01   0.2404255E+00   0.2567245E+02  -0.8644266E-02   0.2891825E-02   0.3183173E+00   0.2106202E+03
  0.4666666666667E+01   0.2001648E+01   0.2365384E+00   0.2567898E+02  -0.8522063E-02   0.2932881E-02   0.3286327E+00   0.2106757E+03
  0.4708333333333E+01   0.2011355E+01   0.2329620E+00   0.2568435E+02  -0.8397838E-02   0.2981386E-02   0.3384715E+00   0.2107215E+03
  0.4750000000000E+01   0.2020580E+01   0.2214049E+00   0.2568858E+02  -0.8276267E-02   0.2917700E-02   0.3474693E+00   0.2107577E+03
  0.4791666666667E+01   0.2028737E+01   0.1957534E+00   0.2569168E+02  -0.8165942E-02   0.2647803E-02   0.3557113E+00   0.2107845E+03
  0.4833333333333E+01   0.2035242E+01   0.1561305E+00   0.2569359E+02  -0.8075872E-02   0.2161687E-02   0.3627438E+00   0.2108013E+03
  0.4875000000000E+01   0.2039760E+01   0.1084189E+00   0.2569420E+02  -0.8012094E-02   0.1530665E-02   0.3669612E+00   0.2108068E+03
  0.4916666666667E+01   0.2042279E+01   0.6047310E-01   0.2569351E+02  -0.7976108E-02   0.8636689E-03   0.3661527E+00   0.2108010E+03
  0.4958333333333E+01   0.2043053E+01   0.1856402E-01   0.2560355E+02  -0.7965085E-02   0.2645518E-03   0.3567374E+00   0.2107899E+03
  0.5000000000000E+01   0.2043053E+01   0.2645453E-14   0.2550729E+02  -0.7965085E-02  -0.3469447E-17   0.3385662E+00   0.2107699E+03
  0.5041666666667E+01   0.2043053E+01   0.1117162E-14   0.2546243E+02  -0.7965085E-02   0.3469447E-17   0.3131695E+00   0.2107410E+03
  0.5083333333333E+01   0.2043053E+01   0.1578598E-14   0.2540694E+02  -0.7965085E-02  -0.4024558E-15   0.2826473E+00   0.2107191E+03
  0.5125000000000E+01   0.2043053E+01   0.1403391E-14   0.2538262E+02  -0.7965085E-02  -0.4857226E-16   0.2481955E+00   0.2107105E+03
  0.5166666666667E+01   0.2043053E+01   0.1252470E-14   0.2539632E+02  -0.7965085E-02  -0.1682682E-15   0.2161593E+00   0.2107125E+03
  0.5208333333333E+01   0.2043053E+01   0.8118506E-15   0.2543229E+02  -0.7965085E-02   0.1682682E-15   0.1880982E+00   0.2107185E+03
  0.5250000000000E+01   0.2043053E+01   0.8396062E-15   0.2547076E+02  -0.7965085E-02   0.1665335E-15   0.1660120E+00   0.2107226E+03
  0.5291666666667E+01   0.2043053E+01   0.3694961E-15   0.2551857E+02  -0.7965085E-02   0.8326673E-16   0.1530058E+00   0.2107256E+03
  0.5333333333333E+01   0.2043053E+01   0.2099015E-15   0.2556003E+02  -0.7965085E-02   0.6938894E-17   0.1448849E+00   0.2107255E+03
  0.5375000000000E+01   0.2043053E+01   0.4579670E-15   0.2558627E+02  -0.7965085E-02   0.3989864E-16   0.1407518E+00   0.2107220E+03
  0.5416666666667E+01   0.2043053E+01   0.1190020E-14   0.2559025E+02  -0.7965085E-02   0.6938894E-17   0.1400168E+00   0.2107164E+03
  0.5458333333333E+01   0.2043053E+01   0.2298509E-14   0.2556411E+02  -0.7965085E-02  -0.1804112E-15   0.1425507E+00   0.2107103E+03
  0.5500000000000E+01   0.2043053E+01  -0.2159731E-15   0.2550783E+02  -0.7965085E-02  -0.0000000E+00   0.1483264E+00   0.2107039E+03
  0.5541666666667E+01   0.2043053E+01   0.1889114E-14   0.2545329E+02  -0.7965085E-02  -0.4024558E-15   0.1573352E+00   0.2106996E+03
  0.5583333333333E+01   0.2043053E+01   0.7788908E-15   0.2540892E+02  -0.7965085E-02   0.1769418E-15   0.1689871E+00   0.2106941E+03
  0.5625000000000E+01   0.2043053E+01   0.1420739E-14   0.2538013E+02  -0.7965085E-02  -0.1908196E-16   0.1827159E+00   0.2106862E+03
  0.5666666666667E+01   0.2043053E+01   0.1330533E-14   0.2536795E+02  -0.7965085E-02  -0.1032160E-15   0.1983129E+00   0.2106777E+03
  0.5708333333333E+01   0.2043053E+01   0.9679757E-15   0.2536966E+02  -0.7965085E-02  -0.2671474E-15   0.2158116E+00   0.2106722E+03
  0.5750000000000E+01   0.2043053E+01   0.1599415E-14   0.2537942E+02  -0.7965085E-02  -0.9887924E-16   0.2348467E+00   0.2106720E+03
  0.5791666666667E+01   0.2043053E+01   0.2534431E-14   0.2539063E+02  -0.7965085E-02  -0.3295975E-16   0.2539923E+00   0.2106772E+03
  0.5833333333333E+01   0.2043053E+01   0.8014422E-15   0.2539837E+02  -0.7965085E-02   0.3304648E-15   0.2709023E+00   0.2106859E+03
  0.5875000000000E+01   0.2043053E+01   0.5793976E-15   0.2540068E+02  -0.7965085E-02   0.7632783E-16   0.2833556E+00   0.2106964E+03
  0.5916666666667E+01   0.2043053E+01   0.4857226E-16   0.2539842E+02  -0.7965085E-02   0.1214306E-15   0.2904377E+00   0.2107076E+03
  0.5958333333333E+01   0.2043053E+01   0.1872200E-14   0.2539403E+02  -0.7965085E-02  -0.6071532E-16   0.2929316E+00   0.2107191E+03
  0.6000000000000E+01   0.2043053E+01   0.8743006E-15   0.2539044E+02  -0.7965085E-02  -0.8326673E-16   0.2926956E+00   0.2107302E+03
  0.6041666666667E+01   0.2043053E+01   0.1053845E-14   0.2539020E+02  -0.7965085E-02   0.1023487E-15   0.2915549E+00   0.2107398E+03
  0.6083333333333E+01   0.2043053E+01   0.9137656E-15   0.2539475E+02  -0.7965085E-02   0.9194034E-16   0.2905358E+00   0.2107472E+03
  0.6125000000000E+01   0.2043053E+01   0.1713039E-14   0.2540391E+02  -0.7965085E-02  -0.1726050E-15   0.2899307E+00   0.2107522E+03
  0.6166666666667E+01   0.2043053E+01   0.1631291E-14   0.2541597E+02  -0.7965085E-02  -0.3131176E-15   0.2898413E+00   0.2107557E+03
  0.6208333333333E+01   0.2043053E+01   0.4332472E-15   0.2542839E+02  -0.7965085E-02   0.4458239E-15   0.2905169E+00   0.2107590E+03
  0.6250000000000E+01   0.2043053E+01   0.1174408E-14   0.2543889E+02  -0.7965085E-02   0.1136244E-15   0.2921947E+00   0.2107633E+03
  0.6291666666667E+01   0.2043053E+01   0.2055647E-15   0.2544613E+02  -0.7965085E-02  -0.8847090E-16   0.2947666E+00   0.2107690E+03
  0.6333333333333E+01   0.2043053E+01   0.9237403E-15   0.2544993E+02  -0.7965085E-02   0.9887924E-16   0.2977370E+00   0.2107757E+03
  0.6375000000000E+01   0.2043053E+01   0.1059699E-14   0.2545096E+02  -0.7965085E-02  -0.1569925E-15   0.3005505E+00   0.2107824E+03
  0.6416666666667E+01   0.2043053E+01   0.1435917E-14   0.2545028E+02  -0.7965085E-02   0.1266348E-15   0.3029628E+00   0.2107879E+03
  0.6458333333333E+01   0.2043053E+01   0.4618701E-15   0.2544915E+02  -0.7965085E-02   0.1387779E-16   0.3051048E+00   0.2107915E+03
  0.6500000000000E+01   0.2043053E+01   0.8463282E-15   0.2544872E+02  -0.7965085E-02   0.8847090E-16   0.3072412E+00   0.2107933E+03
  0.6541666666667E+01   0.2043053E+01   0.3341511E-15   0.2544983E+02  -0.7965085E-02  -0.1457168E-15   0.3095201E+00   0.2107937E+03
  0.6583333333333E+01   0.2043053E+01   0.1227317E-14   0.2545275E+02  -0.7965085E-02   0.1318390E-15   0.3119493E+00   0.2107938E+03
  0.6625000000000E+01   0.2043053E+01   0.1070758E-14   0.2545711E+02  -0.7965085E-02   0.7459311E-16   0.3145559E+00   0.2107946E+03
  0.6666666666667E+01   0.2043053E+01  -0.1778092E-15   0.2546198E+02  -0.7965085E-02   0.9020562E-16   0.3174875E+00   0.2107963E+03
  0.6708333333333E+01   0.2043053E+01   0.1589007E-14   0.2546621E+02  -0.7965085E-02   0.2255141E-16   0.3209204E+00   0.2107988E+03
  0.6750000000000E+01   0.2043053E+01   0.7871308E-15   0.2546887E+02  -0.7965085E-02   0.1387779E-16   0.3248825E+00   0.2108007E+03
  0.6791666666667E+01   0.2043053E+01   0.6583276E-15   0.2546955E+02  -0.7965085E-02   0.3001072E-15   0.3291963E+00   0.2108008E+03
  0.6833333333333E+01   0.2043053E+01   0.9176687E-15   0.2546848E+02  -0.7965085E-02  -0.5030698E-16   0.3336181E+00   0.2107987E+03
  0.6875000000000E+01   0.2043053E+01   0.1715642E-14   0.2546641E+02  -0.7965085E-02  -0.3382711E-15   0.3380101E+00   0.2107943E+03
  0.6916666666667E+01   0.2043053E+01   0.1124968E-14   0.2546426E+02  -0.7965085E-02  -0.1318390E-15   0.3424072E+00   0.2107884E+03
  0.6958333333333E+01   0.2043053E+01   0.8448103E-15   0.2546283E+02  -0.7965085E-02   0.6418477E-16   0.3469636E+00   0.2107817E+03
  0.7000000000000E+01   0.2043053E+01   0.8187895E-15   0.2546270E+02  -0.7965085E-02   0.1682682E-15   0.3518645E+00   0.2107748E+03
  0.7041666666667E+01   0.2043053E+01   0.8135853E-15   0.2546424E+02  -0.7965085E-02   0.1509209E-15   0.3572658E+00   0.2107683E+03
  0.7083333333333E+01   0.2043053E+01  -0.1457168E-15   0.2546776E+02  -0.7965085E-02  -0.4336809E-16   0.3632523E+00   0.2107627E+03
  0.7125000000000E+01   0.2043053E+01   0.2433817E-14   0.2547446E+02  -0.7965085E-02   0.6938894E-16   0.3692194E+00   0.2107583E+03
  0.7166666666667E+01   0.2043053E+01   0.7988402E-15   0.2548530E+02  -0.7965085E-02  -0.7285839E-16   0.3744068E+00   0.2107556E+03
  0.7208333333333E+01   0.2043053E+01   0.1624569E-14   0.2550017E+02  -0.7965085E-02   0.2272488E-15   0.3785337E+00   0.2107542E+03
  0.7250000000000E+01   0.2043053E+01   0.5880713E-15   0.2551822E+02  -0.7965085E-02  -0.1353084E-15   0.3819479E+00   0.2107539E+03
  0.7291666666667E+01   0.2043053E+01   0.2766884E-15   0.2554582E+02  -0.7965085E-02  -0.1439820E-15   0.3854770E+00   0.2107559E+03
  0.7333333333333E+01   0.2043053E+01   0.8465451E-15   0.2558475E+02  -0.7965085E-02  -0.4163336E-16   0.3896309E+00   0.2107605E+03
  0.7375000000000E+01   0.2043053E+01   0.1224715E-14   0.2562844E+02  -0.7965085E-02   0.1179612E-15   0.3941551E+00   0.2107663E+03
  0.7416666666667E+01   0.2043053E+01   0.1425943E-14   0.2566633E+02  -0.7965085E-02   0.3122502E-16   0.3982256E+00   0.2107707E+03
  0.7458333333333E+01   0.2043053E+01  -0.1361758E-14   0.2568948E+02  -0.7965085E-02   0.2567391E-15   0.4009943E+00   0.2107717E+03
  0.7500000000000E+01   0.2043060E+01   0.1753895E-03   0.2568931E+02  -0.7964971E-02   0.2737704E-05   0.4019469E+00   0.2107704E+03
  0.7541666666667E+01   0.2043158E+01   0.2339438E-02   0.2568880E+02  -0.7963446E-02   0.3660394E-04   0.4012859E+00   0.2107661E+03
  0.7583333333333E+01   0.2043321E+01   0.3923510E-02   0.2568819E+02  -0.7960892E-02   0.6128932E-04   0.3990612E+00   0.2107608E+03
  0.7625000000000E+01   0.2043460E+01   0.3321681E-02   0.2568773E+02  -0.7958742E-02   0.5160169E-04   0.3955974E+00   0.2107565E+03
  0.7666666666667E+01   0.2043493E+01   0.8081410E-03   0.2567103E+02  -0.7958223E-02   0.1244557E-04   0.3909420E+00   0.2107539E+03
  0.7708333333333E+01   0.2043493E+01   0.3859760E-15   0.2565975E+02  -0.7958223E-02   0.2792905E-15   0.3853864E+00   0.2107505E+03
  0.7750000000000E+01   0.2043493E+01  -0.3035766E-16   0.2565309E+02  -0.7958223E-02  -0.2081668E-16   0.3787257E+00   0.2107465E+03
  0.7791666666667E+01   0.2043493E+01   0.4388850E-15   0.2564468E+02  -0.7958223E-02   0.2775558E-16   0.3707741E+00   0.2107420E+03
  0.7833333333333E+01   0.2043493E+01   0.1700029E-15   0.2563400E+02  -0.7958223E-02   0.3417405E-15   0.3619730E+00   0.2107371E+03
  0.7875000000000E+01   0.2043493E+01   0.2409531E-14   0.2562038E+02  -0.7958223E-02  -0.2602085E-16   0.3531512E+00   0.2107315E+03
  0.7916666666667E+01   0.2043493E+01   0.1819725E-14   0.2560356E+02  -0.7958223E-02  -0.1734723E-15   0.3451573E+00   0.2107251E+03
  0.7958333333333E+01   0.2043493E+01   0.3486794E-15   0.2558426E+02  -0.7958223E-02   0.1561251E-15   0.3385191E+00   0.2107182E+03
  0.8000000000000E+01   0.2043493E+01   0.2440756E-14   0.2556416E+02  -0.7958223E-02  -0.2185752E-15   0.3333625E+00   0.2107113E+03
  0.8041666666667E+01   0.2043493E+01   0.1363493E-14   0.2554529E+02  -0.7958223E-02  -0.3226586E-15   0.3295723E+00   0.2107047E+03
  0.8083333333333E+01   0.2043493E+01  -0.4683753E-16   0.2552921E+02  -0.7958223E-02  -0.1283695E-15   0.3269847E+00   0.2106986E+03
  0.8125000000000E+01   0.2043493E+01   0.4302114E-15   0.2551654E+02  -0.7958223E-02  -0.5377643E-16   0.3254483E+00   0.2106929E+03
  0.8166666666667E+01   0.2043493E+01   0.7840950E-15   0.2550700E+02  -0.7958223E-02   0.2619432E-15   0.3248197E+00   0.2106876E+03
  0.8208333333333E+01   0.2043493E+01   0.5898060E-15   0.2549988E+02  -0.7958223E-02  -0.7112366E-16   0.3249891E+00   0.2106825E+03
  0.8250000000000E+01   0.2043493E+01   0.3556183E-15   0.2549438E+02  -0.7958223E-02   0.2532696E-15   0.3259504E+00   0.2106778E+03
  0.8291666666667E+01   0.2043493E+01   0.2168404E-14   0.2548983E+02  -0.7958223E-02  -0.2255141E-16   0.3278380E+00   0.2106735E+03
  0.8333333333333E+01   0.2043493E+01   0.5793976E-15   0.2548578E+02  -0.7958223E-02  -0.8326673E-16   0.3308607E+00   0.2106694E+03
  0.8375000000000E+01   0.2043493E+01   0.9107298E-15   0.2548211E+02  -0.7958223E-02  -0.1283695E-15   0.3351679E+00   0.2106655E+03
  0.8416666666667E+01   0.2043493E+01  -0.4579670E-15   0.2547916E+02  -0.7958223E-02   0.3816392E-16   0.3407643E+00   0.2106618E+03
  0.8458333333333E+01   0.2043493E+01   0.2428613E-16   0.2547771E+02  -0.7958223E-02  -0.2498002E-15   0.3475199E+00   0.2106587E+03
  0.8500000000000E+01   0.2043493E+01   0.9645063E-15   0.2547881E+02  -0.7958223E-02   0.1387779E-15   0.3552847E+00   0.2106564E+03
  0.8541666666667E+01   0.2043493E+01  -0.2671474E-15   0.2548342E+02  -0.7958223E-02   0.5204170E-17   0.3639545E+00   0.2106552E+03
  0.8583333333333E+01   0.2043493E+01   0.6800116E-15   0.2549207E+02  -0.7958223E-02  -0.7806256E-16   0.3732911E+00   0.2106549E+03
  0.8625000000000E+01   0.2043493E+01   0.1273287E-14   0.2550536E+02  -0.7958223E-02  -0.2428613E-15   0.3821927E+00   0.2106551E+03
  0.8666666666667E+01   0.2043493E+01   0.1601150E-14   0.2552536E+02  -0.7958223E-02  -0.5030698E-16   0.3876442E+00   0.2106555E+03
  0.8708333333333E+01   0.2043493E+01   0.3053113E-15   0.2555887E+02  -0.7958223E-02   0.4250073E-16   0.3883144E+00   0.2106565E+03
  0.8750000000000E+01   0.2043493E+01   0.6834810E-15   0.2561416E+02  -0.7958223E-02  -0.1344411E-15   0.3858319E+00   0.2106590E+03
  0.8791666666667E+01   0.2043493E+01   0.1700029E-14   0.2567682E+02  -0.7958223E-02  -0.6071532E-16   0.3854482E+00   0.2106643E+03
  0.8833333333333E+01   0.2043620E+01   0.3042146E-02   0.2567786E+02  -0.7956321E-02   0.4566725E-04   0.3895607E+00   0.2106735E+03
  0.8875000000000E+01   0.2044478E+01   0.2058958E-01   0.2567811E+02  -0.7943305E-02   0.3123660E-03   0.3980363E+00   0.2106766E+03
  0.8916666666667E+01   0.2046343E+01   0.4474959E-01   0.2567760E+02  -0.7914403E-02   0.6936633E-03   0.4072324E+00   0.2106736E+03
  0.8958333333333E+01   0.2049047E+01   0.6490525E-01   0.2567735E+02  -0.7871513E-02   0.1029361E-02   0.4135438E+00   0.2106723E+03
  0.9000000000000E+01   0.2052238E+01   0.7658091E-01   0.2567807E+02  -0.7820122E-02   0.1233366E-02   0.4153654E+00   0.2106786E+03
  0.9041666666667E+01   0.2055656E+01   0.8204847E-01   0.2567963E+02  -0.7764822E-02   0.1327206E-02   0.4167546E+00   0.2106918E+03
  0.9083333333333E+01   0.2059263E+01   0.8655641E-01   0.2568138E+02  -0.7706292E-02   0.1404724E-02   0.4213354E+00   0.2107070E+03
  0.9125000000000E+01   0.2063141E+01   0.9306309E-01   0.2568322E+02  -0.7642675E-02   0.1526817E-02   0.4288392E+00   0.2107233E+03
  0.9166666666667E+01   0.2067396E+01   0.1021219E+00   0.2568546E+02  -0.7571627E-02   0.1705155E-02   0.4331570E+00   0.2107426E+03
  0.9208333333333E+01   0.2072087E+01   0.1125880E+00   0.2568818E+02  -0.7492515E-02   0.1898673E-02   0.4291706E+00   0.2107647E+03
  0.9250000000000E+01   0.2077164E+01   0.1218569E+00   0.2569111E+02  -0.7407688E-02   0.2035854E-02   0.4161577E+00   0.2107873E+03
  0.9291666666667E+01   0.2082470E+01   0.1273451E+00   0.2569399E+02  -0.7321738E-02   0.2062800E-02   0.3976790E+00   0.2108089E+03
  0.9333333333333E+01   0.2087826E+01   0.1285423E+00   0.2569684E+02  -0.7238841E-02   0.1989515E-02   0.3788045E+00   0.2108303E+03
  0.9375000000000E+01   0.2093137E+01   0.1274530E+00   0.2569987E+02  -0.7160557E-02   0.1878822E-02   0.3632156E+00   0.2108536E+03
  0.9416666666667E+01   0.2098415E+01   0.1266734E+00   0.2570314E+02  -0.7085963E-02   0.1790272E-02   0.3516405E+00   0.2108796E+03
  0.9458333333333E+01   0.2103697E+01   0.1267723E+00   0.2570646E+02  -0.7013698E-02   0.1734351E-02   0.3425512E+00   0.2109062E+03
  0.9500000000000E+01   0.2108930E+01   0.1255816E+00   0.2570952E+02  -0.6943971E-02   0.1673437E-02   0.3339545E+00   0.2109308E+03
  0.9541666666667E+01   0.2113943E+01   0.1203277E+00   0.2571224E+02  -0.6878846E-02   0.1563000E-02   0.3248127E+00   0.2109525E+03
  0.9583333333333E+01   0.2118548E+01   0.1105042E+00   0.2571475E+02  -0.6820681E-02   0.1395956E-02   0.3154321E+00   0.2109724E+03
  0.9625000000000E+01   0.2122651E+01   0.9848429E-01   0.2571715E+02  -0.6770345E-02   0.1208066E-02   0.3071065E+00   0.2109915E+03
  0.9666666666667E+01   0.2126285E+01   0.8722352E-01   0.2571936E+02  -0.6726946E-02   0.1041597E-02   0.3015177E+00   0.2110094E+03
  0.9708333333333E+01   0.2129515E+01   0.7750358E-01   0.2572114E+02  -0.6689087E-02   0.9086037E-03   0.3001402E+00   0.2110241E+03
  0.9750000000000E+01   0.2132331E+01   0.6759815E-01   0.2572244E+02  -0.6656220E-02   0.7888032E-03   0.3037052E+00   0.2110353E+03
  0.9791666666667E+01   0.2134647E+01   0.5558516E-01   0.2572341E+02  -0.6628875E-02   0.6562948E-03   0.3118162E+00   0.2110442E+03
  0.9833333333333E+01   0.2136386E+01   0.4172170E-01   0.2572430E+02  -0.6607802E-02   0.5057456E-03   0.3229440E+00   0.2110527E+03
  0.9875000000000E+01   0.2137569E+01   0.2838678E-01   0.2572517E+02  -0.6592953E-02   0.3563690E-03   0.3350617E+00   0.2110613E+03
  0.9916666666667E+01   0.2138312E+01   0.1784133E-01   0.2572602E+02  -0.6583271E-02   0.2323773E-03   0.3461732E+00   0.2110696E+03
  0.9958333333333E+01   0.2138767E+01   0.1091286E-01   0.2572658E+02  -0.6577152E-02   0.1468451E-03   0.3561316E+00   0.2110754E+03
  0.1000000000000E+02   0.2139019E+01   0.6051650E-02   0.2572682E+02  -0.6573662E-02   0.8377266E-04   0.3648982E+00   0.2110784E+03
  0.1004166666667E+02   0.2139071E+01   0.1247256E-02   0.2570184E+02  -0.6572925E-02   0.1769054E-04   0.3721719E+00   0.2110817E+03
  0.1008333333333E+02   0.2139071E+01   0.4996004E-15   0.2568269E+02  -0.6572925E-02  -0.1674008E-15   0.3777462E+00   0.2110840E+03
  0.1012500000000E+02   0.2139071E+01   0.3998538E-15   0.2566711E+02  -0.6572925E-02   0.2723516E-15   0.3809225E+00   0.2110871E+03
  0.1016666666667E+02   0.2139071E+01   0.3044440E-15   0.2565347E+02  -0.6572925E-02  -0.2029626E-15   0.3809371E+00   0.2110920E+03
  0.1020833333333E+02   0.2139071E+01   0.1526557E-14   0.2564387E+02  -0.6572925E-02  -0.1778092E-15   0.3779742E+00   0.2110982E+03
  0.1025000000000E+02   0.2139071E+01   0.4432218E-15   0.2563934E+02  -0.6572925E-02  -0.2246467E-15   0.3726867E+00   0.2111051E+03
  0.1029166666667E+02   0.2139071E+01   0.1071192E-14   0.2563825E+02  -0.6572925E-02  -0.2732189E-15   0.3653762E+00   0.2111119E+03
  0.1033333333333E+02   0.2139071E+01   0.9939966E-15   0.2563931E+02  -0.6572925E-02   0.2862294E-16   0.3562236E+00   0.2111188E+03
  0.1037500000000E+02   0.2139071E+01   0.1100682E-14   0.2564336E+02  -0.6572925E-02   0.7025630E-16   0.3456125E+00   0.2111262E+03
  0.1041666666667E+02   0.2139071E+01   0.1118897E-14   0.2565300E+02  -0.6572925E-02   0.4770490E-16   0.3342449E+00   0.2111347E+03
  0.1045833333333E+02   0.2139071E+01   0.1739928E-14   0.2566888E+02  -0.6572925E-02  -0.8326673E-16   0.3229146E+00   0.2111441E+03
  0.1050000000000E+02   0.2139071E+01   0.8638923E-15   0.2569004E+02  -0.6572925E-02   0.8933826E-16   0.3117420E+00   0.2111541E+03
  0.1054166666667E+02   0.2139071E+01   0.1629339E-14   0.2571419E+02  -0.6572925E-02  -0.1994932E-15   0.3007811E+00   0.2111642E+03
  0.1058333333333E+02   0.2139071E+01   0.2432950E-15   0.2573928E+02  -0.6572925E-02  -0.1821460E-16   0.2903812E+00   0.2111743E+03
  0.1062500000000E+02   0.2139076E+01   0.1187344E-03   0.2574059E+02  -0.6572869E-02   0.1339518E-05   0.2809354E+00   0.2111844E+03
  0.1066666666667E+02   0.2139215E+01   0.3340254E-02   0.2574154E+02  -0.6571350E-02   0.3645587E-04   0.2732328E+00   0.2111916E+03
  0.1070833333333E+02   0.2139499E+01   0.6818769E-02   0.2574214E+02  -0.6568334E-02   0.7237762E-04   0.2676181E+00   0.2111961E+03
  0.1075000000000E+02   0.2139822E+01   0.7756078E-02   0.2574266E+02  -0.6564974E-02   0.8063303E-04   0.2640922E+00   0.2112002E+03
  0.1079166666667E+02   0.2140057E+01   0.5646556E-02   0.2574333E+02  -0.6562561E-02   0.5792763E-04   0.2621239E+00   0.2112056E+03
  0.1083333333333E+02   0.2140155E+01   0.2347184E-02   0.2574412E+02  -0.6561565E-02   0.2389951E-04   0.2605091E+00   0.2112120E+03
  0.1087500000000E+02   0.2140161E+01   0.1436354E-03   0.2574352E+02  -0.6561504E-02   0.1453470E-05   0.2584391E+00   0.2112176E+03
  0.1091666666667E+02   0.2140161E+01   0.1350699E-14   0.2574533E+02  -0.6561504E-02  -0.1804112E-15   0.2557674E+00   0.2112217E+03
  0.1095833333333E+02   0.2140198E+01   0.8777551E-03   0.2574575E+02  -0.6561141E-02   0.8720072E-05   0.2528107E+00   0.2112250E+03
  0.1100000000000E+02   0.2140271E+01   0.1767273E-02   0.2574612E+02  -0.6560418E-02   0.1735376E-04   0.2500234E+00   0.2112278E+03
  0.1104166666667E+02   0.2140336E+01   0.1558998E-02   0.2574647E+02  -0.6559787E-02   0.1513960E-04   0.2476098E+00   0.2112305E+03
  0.1108333333333E+02   0.2140339E+01   0.7280690E-04   0.2573342E+02  -0.6559758E-02   0.7002009E-06   0.2452442E+00   0.2112331E+03
  0.1112500000000E+02   0.2140339E+01   0.2237793E-15   0.2573007E+02  -0.6559758E-02   0.2914335E-15   0.2429290E+00   0.2112341E+03
  0.1116666666667E+02   0.2140339E+01   0.7259818E-15   0.2572595E+02  -0.6559758E-02  -0.0000000E+00   0.2403324E+00   0.2112339E+03
  0.1120833333333E+02   0.2140339E+01   0.6526897E-15   0.2572080E+02  -0.6559758E-02  -0.1786765E-15   0.2374499E+00   0.2112333E+03
  0.1125000000000E+02   0.2140339E+01   0.1869381E-14   0.2571615E+02  -0.6559758E-02   0.1422473E-15   0.2341653E+00   0.2112334E+03
  0.1129166666667E+02   0.2140339E+01   0.1516148E-14   0.2571270E+02  -0.6559758E-02  -0.1734723E-17   0.2307570E+00   0.2112339E+03
  0.1133333333333E+02   0.2140339E+01  -0.4163336E-15   0.2571026E+02  -0.6559758E-02   0.1379105E-15   0.2274043E+00   0.2112344E+03
  0.1137500000000E+02   0.2140339E+01  -0.2957704E-15   0.2570808E+02  -0.6559758E-02  -0.2636780E-15   0.2241510E+00   0.2112344E+03
  0.1141666666667E+02   0.2140339E+01   0.3441258E-15   0.2570541E+02  -0.6559758E-02  -0.1353084E-15   0.2210505E+00   0.2112340E+03
  0.1145833333333E+02   0.2140339E+01   0.1943974E-15   0.2570181E+02  -0.6559758E-02   0.1526557E-15   0.2182997E+00   0.2112334E+03
  0.1150000000000E+02   0.2140339E+01   0.1335303E-14   0.2569719E+02  -0.6559758E-02  -0.3521489E-15   0.2162052E+00   0.2112327E+03
  0.1154166666667E+02   0.2140339E+01  -0.3924812E-15   0.2569162E+02  -0.6559758E-02   0.8933826E-16   0.2149983E+00   0.2112316E+03
  0.1158333333333E+02   0.2140339E+01   0.1822110E-14   0.2568523E+02  -0.6559758E-02  -0.9974660E-16   0.2146848E+00   0.2112299E+03
  0.1162500000000E+02   0.2140339E+01   0.9274265E-15   0.2567824E+02  -0.6559758E-02  -0.2142383E-15   0.2150769E+00   0.2112279E+03
  0.1166666666667E+02   0.2140339E+01   0.6240668E-15   0.2567091E+02  -0.6559758E-02  -0.1838807E-15   0.2159649E+00   0.2112259E+03
  0.1170833333333E+02   0.2140339E+01  -0.2798326E-15   0.2566360E+02  -0.6559758E-02   0.9280771E-16   0.2172610E+00   0.2112242E+03
  0.1175000000000E+02   0.2140339E+01   0.1307548E-15   0.2565654E+02  -0.6559758E-02   0.2151057E-15   0.2190026E+00   0.2112229E+03
  0.1179166666667E+02   0.2140339E+01  -0.4322714E-15   0.2564984E+02  -0.6559758E-02   0.3833739E-15   0.2212535E+00   0.2112220E+03
  0.1183333333333E+02   0.2140339E+01   0.9061762E-15   0.2564331E+02  -0.6559758E-02  -0.2428613E-15   0.2240192E+00   0.2112211E+03
  0.1187500000000E+02   0.2140339E+01   0.7186092E-15   0.2563660E+02  -0.6559758E-02   0.6852158E-16   0.2272404E+00   0.2112204E+03
  0.1191666666667E+02   0.2140339E+01   0.2015749E-14   0.2562923E+02  -0.6559758E-02  -0.5204170E-16   0.2308321E+00   0.2112198E+03
  0.1195833333333E+02   0.2140339E+01   0.2255141E-16   0.2562080E+02  -0.6559758E-02   0.1526557E-15   0.2347026E+00   0.2112191E+03
  0.1200000000000E+02   0.2140339E+01   0.7787452E-15   0.2561104E+02  -0.6559758E-02  -0.4336809E-17   0.2387298E+00   0.2112183E+03
  0.1204166666667E+02   0.2140339E+01  -0.1863744E-15   0.2559993E+02  -0.6559758E-02   0.3937822E-15   0.2427291E+00   0.2112171E+03
  0.1208333333333E+02   0.2140339E+01   0.9987670E-15   0.2558766E+02  -0.6559758E-02   0.4163336E-16   0.2464525E+00   0.2112153E+03
  0.1212500000000E+02   0.2140339E+01   0.1798041E-14   0.2557459E+02  -0.6559758E-02  -0.2428613E-15   0.2496227E+00   0.2112132E+03
  0.1216666666667E+02   0.2140339E+01   0.5828671E-15   0.2556123E+02  -0.6559758E-02   0.1595946E-15   0.2519783E+00   0.2112108E+03
  0.1220833333333E+02   0.2140339E+01   0.4683753E-15   0.2554809E+02  -0.6559758E-02  -0.7979728E-16   0.2533106E+00   0.2112084E+03
  0.1225000000000E+02   0.2140339E+01   0.8534840E-15   0.2553567E+02  -0.6559758E-02  -0.7112366E-16   0.2534901E+00   0.2112060E+03
  0.1229166666667E+02   0.2140339E+01   0.5594483E-15   0.2552429E+02  -0.6559758E-02   0.7979728E-16   0.2524883E+00   0.2112038E+03
  0.1233333333333E+02   0.2140339E+01   0.1343543E-14   0.2551404E+02  -0.6559758E-02  -0.1353084E-15   0.2503908E+00   0.2112017E+03
  0.1237500000000E+02   0.2140339E+01   0.2645887E-14   0.2550478E+02  -0.6559758E-02  -0.2480655E-15   0.2473884E+00   0.2111996E+03
  0.1241666666667E+02   0.2140339E+01   0.5538105E-15   0.2549613E+02  -0.6559758E-02   0.1040834E-15   0.2437454E+00   0.2111976E+03
  0.1245833333333E+02   0.2140339E+01   0.1831868E-14   0.2548766E+02  -0.6559758E-02  -0.2046974E-15   0.2397576E+00   0.2111955E+03
  0.1250000000000E+02   0.2140339E+01   0.6982262E-15   0.2547897E+02  -0.6559758E-02  -0.1301043E-15   0.2357166E+00   0.2111933E+03
  0.1254166666667E+02   0.2140339E+01   0.2238661E-14   0.2546979E+02  -0.6559758E-02   0.4683753E-16   0.2318863E+00   0.2111912E+03
  0.1258333333333E+02   0.2140339E+01   0.5735429E-15   0.2546003E+02  -0.6559758E-02   0.2983724E-15   0.2284871E+00   0.2111890E+03
  0.1262500000000E+02   0.2140339E+01   0.2409097E-15   0.2544979E+02  -0.6559758E-02   0.7806256E-16   0.2256835E+00   0.2111869E+03
  0.1266666666667E+02   0.2140339E+01   0.1382575E-14   0.2543934E+02  -0.6559758E-02   0.1023487E-15   0.2235765E+00   0.2111851E+03
  0.1270833333333E+02   0.2140339E+01   0.1750987E-14   0.2542909E+02  -0.6559758E-02   0.2844947E-15   0.2222067E+00   0.2111835E+03
  0.1275000000000E+02   0.2140339E+01  -0.3577867E-15   0.2541954E+02  -0.6559758E-02   0.1994932E-15   0.2215710E+00   0.2111824E+03
  0.1279166666667E+02   0.2140339E+01   0.1807582E-14   0.2541115E+02  -0.6559758E-02   0.2498002E-15   0.2216428E+00   0.2111819E+03
  0.1283333333333E+02   0.2140339E+01   0.1493163E-14   0.2540428E+02  -0.6559758E-02  -0.1647987E-15   0.2223884E+00   0.2111820E+03
  0.1287500000000E+02   0.2140339E+01   0.2071260E-14   0.2539911E+02  -0.6559758E-02  -0.1301043E-15   0.2237716E+00   0.2111827E+03
  0.1291666666667E+02   0.2140339E+01   0.8127179E-15   0.2539564E+02  -0.6559758E-02   0.3469447E-16   0.2257458E+00   0.2111837E+03
  0.1295833333333E+02   0.2140339E+01   0.1240327E-15   0.2539378E+02  -0.6559758E-02   0.8847090E-16   0.2282388E+00   0.2111850E+03
  0.1300000000000E+02   0.2140339E+01   0.2550044E-15   0.2539335E+02  -0.6559758E-02   0.1977585E-15   0.2311418E+00   0.2111865E+03
  0.1304166666667E+02   0.2140339E+01   0.1311885E-14   0.2539420E+02  -0.6559758E-02   0.3677614E-15   0.2343149E+00   0.2111883E+03
  0.1308333333333E+02   0.2140339E+01   0.2398255E-15   0.2539615E+02  -0.6559758E-02  -0.2341877E-16   0.2376036E+00   0.2111906E+03
  0.1312500000000E+02   0.2140339E+01   0.3313322E-15   0.2539901E+02  -0.6559758E-02  -0.1543904E-15   0.2408509E+00   0.2111934E+03
  0.1316666666667E+02   0.2140339E+01  -0.8326673E-16   0.2540249E+02  -0.6559758E-02  -0.1431147E-15   0.2438864E+00   0.2111968E+03
  0.1320833333333E+02   0.2140339E+01   0.2333203E-14   0.2540621E+02  -0.6559758E-02   0.6071532E-17   0.2464983E+00   0.2112006E+03
  0.1325000000000E+02   0.2140339E+01   0.1118897E-15   0.2540978E+02  -0.6559758E-02   0.5334275E-15   0.2484212E+00   0.2112045E+03
  0.1329166666667E+02   0.2140339E+01   0.6132247E-15   0.2541280E+02  -0.6559758E-02  -0.7632783E-16   0.2493692E+00   0.2112084E+03
  0.1333333333333E+02   0.2140339E+01   0.1007874E-14   0.2541490E+02  -0.6559758E-02  -0.8847090E-16   0.2491197E+00   0.2112119E+03
  0.1337500000000E+02   0.2140339E+01   0.3287301E-15   0.2541573E+02  -0.6559758E-02   0.3122502E-16   0.2476089E+00   0.2112146E+03
  0.1341666666667E+02   0.2140339E+01   0.1750336E-14   0.2541493E+02  -0.6559758E-02  -0.2515349E-16   0.2449863E+00   0.2112163E+03
  0.1345833333333E+02   0.2140339E+01   0.9194034E-15   0.2541216E+02  -0.6559758E-02  -0.2784231E-15   0.2415928E+00   0.2112167E+03
  0.1350000000000E+02   0.2140339E+01   0.8157537E-15   0.2540718E+02  -0.6559758E-02  -0.1587272E-15   0.2378769E+00   0.2112157E+03
  0.1354166666667E+02   0.2140339E+01   0.1569925E-14   0.2539994E+02  -0.6559758E-02  -0.1734723E-17   0.2342971E+00   0.2112132E+03
  0.1358333333333E+02   0.2140339E+01   0.1785464E-14   0.2539072E+02  -0.6559758E-02   0.1543904E-15   0.2312591E+00   0.2112095E+03
  0.1362500000000E+02   0.2140339E+01   0.3747003E-15   0.2538016E+02  -0.6559758E-02  -0.2853620E-15   0.2290996E+00   0.2112048E+03
  0.1366666666667E+02   0.2140339E+01   0.5308254E-15   0.2536914E+02  -0.6559758E-02  -0.1170938E-15   0.2280908E+00   0.2111997E+03
  0.1370833333333E+02   0.2140339E+01   0.8634586E-15   0.2535864E+02  -0.6559758E-02  -0.2515349E-15   0.2284283E+00   0.2111946E+03
  0.1375000000000E+02   0.2140339E+01   0.8925152E-15   0.2534960E+02  -0.6559758E-02   0.3816392E-16   0.2301967E+00   0.2111900E+03
  0.1379166666667E+02   0.2140339E+01   0.7827940E-15   0.2534274E+02  -0.6559758E-02   0.1561251E-16   0.2333366E+00   0.2111861E+03
  0.1383333333333E+02   0.2140339E+01   0.1198694E-14   0.2533850E+02  -0.6559758E-02  -0.3122502E-16   0.2376452E+00   0.2111834E+03
  0.1387500000000E+02   0.2140339E+01  -0.5165139E-15   0.2533701E+02  -0.6559758E-02   0.3877107E-15   0.2428203E+00   0.2111819E+03
  0.1391666666667E+02   0.2140339E+01   0.8951173E-15   0.2533807E+02  -0.6559758E-02  -0.5204170E-17   0.2485213E+00   0.2111816E+03
  0.1395833333333E+02   0.2140339E+01   0.1787633E-14   0.2534123E+02  -0.6559758E-02  -0.2367898E-15   0.2544225E+00   0.2111825E+03
  0.1400000000000E+02   0.2140339E+01   0.1204765E-14   0.2534580E+02  -0.6559758E-02   0.1621966E-15   0.2602423E+00   0.2111842E+03
  0.1404166666667E+02   0.2140339E+01   0.1509209E-14   0.2535100E+02  -0.6559758E-02  -0.2853620E-15   0.2657558E+00   0.2111865E+03
  0.1408333333333E+02   0.2140339E+01  -0.1040834E-16   0.2535611E+02  -0.6559758E-02  -0.1366095E-15   0.2707949E+00   0.2111892E+03
  0.1412500000000E+02   0.2140339E+01   0.6071532E-16   0.2536053E+02  -0.6559758E-02   0.2168404E-16   0.2752358E+00   0.2111919E+03
  0.1416666666667E+02   0.2140339E+01   0.7389922E-15   0.2536393E+02  -0.6559758E-02  -0.1630640E-15   0.2789746E+00   0.2111946E+03
  0.1420833333333E+02   0.2140339E+01   0.1665335E-15   0.2536624E+02  -0.6559758E-02  -0.8239937E-16   0.2819031E+00   0.2111972E+03
  0.1425000000000E+02   0.2140339E+01   0.4770490E-15   0.2536767E+02  -0.6559758E-02   0.3556183E-16   0.2839026E+00   0.2111996E+03
  0.1429166666667E+02   0.2140339E+01   0.1634977E-14   0.2536860E+02  -0.6559758E-02   0.1188286E-15   0.2848618E+00   0.2112021E+03
  0.1433333333333E+02   0.2140339E+01  -0.2072995E-15   0.2536952E+02  -0.6559758E-02   0.8673617E-16   0.2847013E+00   0.2112045E+03
  0.1437500000000E+02   0.2140339E+01   0.1385177E-14   0.2537095E+02  -0.6559758E-02   0.2298509E-15   0.2833840E+00   0.2112072E+03
  0.1441666666667E+02   0.2140339E+01   0.1279359E-14   0.2537332E+02  -0.6559758E-02   0.1543904E-15   0.2809091E+00   0.2112099E+03
  0.1445833333333E+02   0.2140339E+01   0.1350482E-14   0.2537694E+02  -0.6559758E-02  -0.2949030E-15   0.2773058E+00   0.2112127E+03
  0.1450000000000E+02   0.2140339E+01   0.1351350E-14   0.2538197E+02  -0.6559758E-02   0.4943962E-16   0.2726451E+00   0.2112155E+03
  0.1454166666667E+02   0.2140339E+01   0.4597017E-15   0.2538834E+02  -0.6559758E-02  -0.1587272E-15   0.2670660E+00   0.2112182E+03
  0.1458333333333E+02   0.2140339E+01  -0.4579670E-15   0.2539580E+02  -0.6559758E-02   0.1032160E-15   0.2607947E+00   0.2112206E+03
  0.1462500000000E+02   0.2140339E+01   0.5412337E-15   0.2540392E+02  -0.6559758E-02  -0.7285839E-16   0.2541377E+00   0.2112227E+03
  0.1466666666667E+02   0.2140339E+01  -0.7892992E-16   0.2541214E+02  -0.6559758E-02   0.4544976E-15   0.2474490E+00   0.2112244E+03
  0.1470833333333E+02   0.2140339E+01  -0.3417405E-15   0.2541987E+02  -0.6559758E-02   0.2081668E-15   0.2410898E+00   0.2112258E+03
  0.1475000000000E+02   0.2140339E+01   0.1042569E-14   0.2542648E+02  -0.6559758E-02   0.1370432E-15   0.2353929E+00   0.2112267E+03
  0.1479166666667E+02   0.2140339E+01   0.1390381E-14   0.2543144E+02  -0.6559758E-02  -0.6938894E-17   0.2306351E+00   0.2112272E+03
  0.1483333333333E+02   0.2140339E+01   0.1383442E-14   0.2543432E+02  -0.6559758E-02  -0.3989864E-16   0.2270115E+00   0.2112273E+03
  0.1487500000000E+02   0.2140339E+01   0.1766816E-14   0.2543485E+02  -0.6559758E-02  -0.9887924E-16   0.2246132E+00   0.2112269E+03
  0.1491666666667E+02   0.2140339E+01   0.1332268E-14   0.2543299E+02  -0.6559758E-02   0.2307182E-15   0.2234182E+00   0.2112260E+03
  0.1495833333333E+02   0.2140339E+01   0.1480586E-14   0.2542892E+02  -0.6559758E-02  -0.1734723E-16   0.2233049E+00   0.2112245E+03
  0.1500000000000E+02   0.2140339E+01   0.1327931E-14   0.2542304E+02  -0.6559758E-02  -0.6678685E-16   0.2240833E+00   0.2112226E+03
  0.1504166666667E+02   0.2140339E+01   0.8951173E-15   0.2541589E+02  -0.6559758E-02   0.1006140E-15   0.2255335E+00   0.2112203E+03
  0.1508333333333E+02   0.2140339E+01   0.2007942E-14   0.2540810E+02  -0.6559758E-02  -0.3313322E-15   0.2274375E+00   0.2112179E+03
  0.1512500000000E+02   0.2140339E+01   0.5273559E-15   0.2540028E+02  -0.6559758E-02  -0.5204170E-17   0.2295994E+00   0.2112155E+03
  0.1516666666667E+02   0.2140339E+01   0.4510281E-15   0.2539299E+02  -0.6559758E-02   0.3295975E-16   0.2318582E+00   0.2112134E+03
  0.1520833333333E+02   0.2140339E+01   0.3209238E-15   0.2538669E+02  -0.6559758E-02  -0.4510281E-16   0.2340963E+00   0.2112117E+03
  0.1525000000000E+02   0.2140339E+01  -0.1136244E-15   0.2538170E+02  -0.6559758E-02   0.3291638E-15   0.2362420E+00   0.2112106E+03
  0.1529166666667E+02   0.2140339E+01   0.1150989E-14   0.2537821E+02  -0.6559758E-02  -0.2307182E-15   0.2382672E+00   0.2112101E+03
  0.1533333333333E+02   0.2140339E+01   0.3807718E-15   0.2537635E+02  -0.6559758E-02   0.3040103E-15   0.2401742E+00   0.2112103E+03
  0.1537500000000E+02   0.2140339E+01   0.4779163E-15   0.2537611E+02  -0.6559758E-02   0.1691355E-16   0.2419775E+00   0.2112109E+03
  0.1541666666667E+02   0.2140339E+01   0.1550843E-14   0.2537747E+02  -0.6559758E-02  -0.1400789E-15   0.2436843E+00   0.2112121E+03
  0.1545833333333E+02   0.2140339E+01   0.2197895E-14   0.2538034E+02  -0.6559758E-02  -0.2255141E-16   0.2452806E+00   0.2112137E+03
  0.1550000000000E+02   0.2140339E+01  -0.6019490E-15   0.2538456E+02  -0.6559758E-02   0.7199102E-16   0.2467270E+00   0.2112156E+03
  0.1554166666667E+02   0.2140339E+01   0.1754673E-14   0.2538998E+02  -0.6559758E-02   0.2654127E-15   0.2479666E+00   0.2112177E+03
  0.1558333333333E+02   0.2140339E+01   0.2125904E-14   0.2539637E+02  -0.6559758E-02  -0.2151057E-15   0.2489416E+00   0.2112200E+03
  0.1562500000000E+02   0.2140339E+01   0.8179221E-15   0.2540352E+02  -0.6559758E-02  -0.4336809E-17   0.2496153E+00   0.2112224E+03
  0.1566666666667E+02   0.2140339E+01   0.3061787E-15   0.2541117E+02  -0.6559758E-02   0.1457168E-15   0.2499937E+00   0.2112248E+03
  0.1570833333333E+02   0.2140339E+01  -0.2740863E-15   0.2541909E+02  -0.6559758E-02   0.8847090E-16   0.2501409E+00   0.2112271E+03
  0.1575000000000E+02   0.2140339E+01   0.2287233E-14   0.2542705E+02  -0.6559758E-02  -0.1491862E-15   0.2501846E+00   0.2112293E+03
  0.1579166666667E+02   0.2140339E+01   0.1363493E-14   0.2543482E+02  -0.6559758E-02   0.3729655E-16   0.2503088E+00   0.2112313E+03
  0.1583333333333E+02   0.2140339E+01   0.4336809E-17   0.2544220E+02  -0.6559758E-02   0.8760354E-16   0.2507368E+00   0.2112331E+03
  0.1587500000000E+02   0.2140339E+01  -0.9948639E-15   0.2544899E+02  -0.6559758E-02   0.4510281E-16   0.2517056E+00   0.2112345E+03
  0.1591666666667E+02   0.2140339E+01   0.3044440E-15   0.2545504E+02  -0.6559758E-02  -0.1032160E-15   0.2534394E+00   0.2112357E+03
  0.1595833333333E+02   0.2140339E+01   0.1268083E-14   0.2546020E+02  -0.6559758E-02  -0.1344411E-15   0.2561235E+00   0.2112365E+03
  0.1600000000000E+02   0.2140339E+01   0.1399922E-14   0.2546436E+02  -0.6559758E-02  -0.2333203E-15   0.2598820E+00   0.2112370E+03
  0.1604166666667E+02   0.2140339E+01   0.1372166E-14   0.2546744E+02  -0.6559758E-02  -0.2428613E-15   0.2647596E+00   0.2112370E+03
  0.1608333333333E+02   0.2140339E+01   0.1510944E-14   0.2546934E+02  -0.6559758E-02  -0.3191891E-15   0.2707081E+00   0.2112367E+03
  0.1612500000000E+02   0.2140339E+01   0.1561251E-14   0.2546999E+02  -0.6559758E-02  -0.1188286E-15   0.2775819E+00   0.2112358E+03
  0.1616666666667E+02   0.2140339E+01   0.1764214E-14   0.2546932E+02  -0.6559758E-02   0.5290907E-16   0.2851446E+00   0.2112344E+03
  0.1620833333333E+02   0.2140339E+01  -0.1127570E-15   0.2546727E+02  -0.6559758E-02   0.1552578E-15   0.2930888E+00   0.2112324E+03
  0.1625000000000E+02   0.2140339E+01   0.3018419E-15   0.2546383E+02  -0.6559758E-02  -0.3131176E-15   0.3010678E+00   0.2112298E+03
  0.1629166666667E+02   0.2140339E+01   0.1840542E-14   0.2545904E+02  -0.6559758E-02  -0.1795439E-15   0.3087328E+00   0.2112265E+03
  0.1633333333333E+02   0.2140339E+01   0.2003606E-14   0.2545300E+02  -0.6559758E-02   0.2723516E-15   0.3157692E+00   0.2112228E+03
  0.1637500000000E+02   0.2140339E+01   0.1222113E-14   0.2544590E+02  -0.6559758E-02  -0.4458239E-15   0.3219236E+00   0.2112186E+03
  0.1641666666667E+02   0.2140339E+01   0.1856154E-14   0.2543799E+02  -0.6559758E-02  -0.8847090E-16   0.3270195E+00   0.2112140E+03
  0.1645833333333E+02   0.2140339E+01   0.5295243E-15   0.2542956E+02  -0.6559758E-02  -0.1127570E-15   0.3309599E+00   0.2112092E+03
  0.1650000000000E+02   0.2140339E+01   0.3979022E-15   0.2542092E+02  -0.6559758E-02  -0.1058181E-15   0.3337200E+00   0.2112042E+03
  0.1654166666667E+02   0.2140339E+01   0.1669888E-14   0.2541236E+02  -0.6559758E-02  -0.1266348E-15   0.3353354E+00   0.2111992E+03
  0.1658333333333E+02   0.2140339E+01   0.1620449E-14   0.2540417E+02  -0.6559758E-02   0.1214306E-15   0.3358900E+00   0.2111942E+03
  0.1662500000000E+02   0.2140339E+01   0.6758916E-15   0.2539659E+02  -0.6559758E-02   0.7112366E-16   0.3355044E+00   0.2111895E+03
  0.1666666666667E+02   0.2140339E+01  -0.6230910E-15   0.2538983E+02  -0.6559758E-02   0.2428613E-15   0.3343278E+00   0.2111851E+03
  0.1670833333333E+02   0.2140339E+01   0.1798691E-15   0.2538405E+02  -0.6559758E-02  -0.1838807E-15   0.3325290E+00   0.2111811E+03
  0.1675000000000E+02   0.2140339E+01   0.1054387E-14   0.2537939E+02  -0.6559758E-02   0.7285839E-16   0.3302871E+00   0.2111778E+03
  0.1679166666667E+02   0.2140339E+01   0.1157061E-14   0.2537592E+02  -0.6559758E-02   0.8673617E-17   0.3277792E+00   0.2111749E+03
  0.1683333333333E+02   0.2140339E+01   0.9213550E-15   0.2537365E+02  -0.6559758E-02   0.1006140E-15   0.3251672E+00   0.2111727E+03
  0.1687500000000E+02   0.2140339E+01   0.5902397E-15   0.2537254E+02  -0.6559758E-02  -0.2081668E-16   0.3225847E+00   0.2111710E+03
  0.1691666666667E+02   0.2140339E+01   0.9172350E-15   0.2537246E+02  -0.6559758E-02  -0.1439820E-15   0.3201272E+00   0.2111697E+03
  0.1695833333333E+02   0.2140339E+01  -0.7502679E-16   0.2537325E+02  -0.6559758E-02   0.4683753E-16   0.3178473E+00   0.2111688E+03
  0.1700000000000E+02   0.2140339E+01   0.1132774E-14   0.2537472E+02  -0.6559758E-02  -0.2949030E-16   0.3157568E+00   0.2111682E+03
  0.1704166666667E+02   0.2140339E+01   0.4518955E-15   0.2537667E+02  -0.6559758E-02   0.1040834E-16   0.3138329E+00   0.2111678E+03
  0.1708333333333E+02   0.2140339E+01   0.7034304E-15   0.2537891E+02  -0.6559758E-02   0.1387779E-16   0.3120287E+00   0.2111675E+03
  0.1712500000000E+02   0.2140339E+01  -0.1604619E-15   0.2538134E+02  -0.6559758E-02   0.5898060E-16   0.3102832E+00   0.2111673E+03
  0.1716666666667E+02   0.2140339E+01   0.6088879E-15   0.2538388E+02  -0.6559758E-02  -0.8673617E-16   0.3085295E+00   0.2111671E+03
  0.1720833333333E+02   0.2140339E+01   0.5394990E-15   0.2538651E+02  -0.6559758E-02   0.1214306E-15   0.3067000E+00   0.2111668E+03
  0.1725000000000E+02   0.2140339E+01   0.4163336E-15   0.2538925E+02  -0.6559758E-02  -0.1266348E-15   0.3047294E+00   0.2111664E+03
  0.1729166666667E+02   0.2140339E+01   0.1755540E-14   0.2539218E+02  -0.6559758E-02  -0.3642919E-15   0.3025578E+00   0.2111659E+03
  0.1733333333333E+02   0.2140339E+01   0.2949030E-16   0.2539535E+02  -0.6559758E-02  -0.1249001E-15   0.3001339E+00   0.2111654E+03
  0.1737500000000E+02   0.2140339E+01  -0.4961309E-15   0.2539885E+02  -0.6559758E-02   0.5360296E-15   0.2974201E+00   0.2111648E+03
  0.1741666666667E+02   0.2140339E+01  -0.1457168E-15   0.2540275E+02  -0.6559758E-02  -0.8500145E-16   0.2943974E+00   0.2111643E+03
  0.1745833333333E+02   0.2140339E+01   0.2966377E-15   0.2540715E+02  -0.6559758E-02  -0.2775558E-15   0.2910713E+00   0.2111640E+03
  0.1750000000000E+02   0.2140339E+01   0.7962381E-15   0.2541209E+02  -0.6559758E-02   0.8326673E-16   0.2874757E+00   0.2111638E+03
  0.1754166666667E+02   0.2140339E+01  -0.8552187E-15   0.2541763E+02  -0.6559758E-02  -0.2949030E-16   0.2836754E+00   0.2111640E+03
  0.1758333333333E+02   0.2140339E+01   0.3139849E-15   0.2542376E+02  -0.6559758E-02   0.5204170E-17   0.2797655E+00   0.2111645E+03
  0.1762500000000E+02   0.2140339E+01   0.1428545E-14   0.2543046E+02  -0.6559758E-02   0.1630640E-15   0.2758673E+00   0.2111653E+03
  0.1766666666667E+02   0.2140339E+01   0.7489669E-15   0.2543762E+02  -0.6559758E-02   0.9540979E-16   0.2721192E+00   0.2111664E+03
  0.1770833333333E+02   0.2140339E+01   0.9337149E-15   0.2544507E+02  -0.6559758E-02  -0.1552578E-15   0.2686659E+00   0.2111677E+03
  0.1775000000000E+02   0.2140339E+01   0.1215174E-14   0.2545256E+02  -0.6559758E-02  -0.9627715E-16   0.2656451E+00   0.2111692E+03
  0.1779166666667E+02   0.2140339E+01   0.1055579E-14   0.2545981E+02  -0.6559758E-02   0.4943962E-16   0.2631750E+00   0.2111706E+03
  0.1783333333333E+02   0.2140339E+01   0.1234039E-14   0.2546648E+02  -0.6559758E-02  -0.2862294E-15   0.2613442E+00   0.2111718E+03
  0.1787500000000E+02   0.2140339E+01  -0.4505944E-15   0.2547224E+02  -0.6559758E-02   0.1769418E-15   0.2602046E+00   0.2111728E+03
  0.1791666666667E+02   0.2140339E+01   0.7689162E-15   0.2547683E+02  -0.6559758E-02  -0.3460773E-15   0.2597678E+00   0.2111733E+03
  0.1795833333333E+02   0.2140339E+01   0.9105130E-15   0.2548003E+02  -0.6559758E-02  -0.1379105E-15   0.2600054E+00   0.2111733E+03
  0.1800000000000E+02   0.2140339E+01   0.2443358E-14   0.2548175E+02  -0.6559758E-02   0.4492934E-15   0.2608530E+00   0.2111728E+03
  0.1804166666667E+02   0.2140339E+01   0.1348964E-14   0.2548201E+02  -0.6559758E-02   0.6418477E-16   0.2622170E+00   0.2111719E+03
  0.1808333333333E+02   0.2140339E+01   0.8452440E-15   0.2548093E+02  -0.6559758E-02  -0.1899522E-15   0.2639847E+00   0.2111704E+03
  0.1812500000000E+02   0.2140339E+01   0.7593752E-15   0.2547871E+02  -0.6559758E-02  -0.9540979E-16   0.2660361E+00   0.2111686E+03
  0.1816666666667E+02   0.2140339E+01   0.6617970E-15   0.2547562E+02  -0.6559758E-02  -0.1075529E-15   0.2682563E+00   0.2111664E+03
  0.1820833333333E+02   0.2140339E+01   0.9059593E-15   0.2547192E+02  -0.6559758E-02   0.3816392E-16   0.2705464E+00   0.2111640E+03
  0.1825000000000E+02   0.2140339E+01   0.7446301E-15   0.2546786E+02  -0.6559758E-02  -0.5030698E-16   0.2728315E+00   0.2111615E+03
  0.1829166666667E+02   0.2140339E+01   0.1604619E-16   0.2546363E+02  -0.6559758E-02  -0.1561251E-16   0.2750637E+00   0.2111588E+03
  0.1833333333333E+02   0.2140339E+01   0.8968520E-15   0.2545937E+02  -0.6559758E-02  -0.3538836E-15   0.2772187E+00   0.2111561E+03
  0.1837500000000E+02   0.2140339E+01   0.8795048E-15   0.2545517E+02  -0.6559758E-02  -0.3989864E-15   0.2792875E+00   0.2111535E+03
  0.1841666666667E+02   0.2140339E+01   0.1826664E-14   0.2545107E+02  -0.6559758E-02  -0.2602085E-15   0.2812636E+00   0.2111509E+03
  0.1845833333333E+02   0.2140339E+01   0.1203464E-14   0.2544711E+02  -0.6559758E-02  -0.1578598E-15   0.2831305E+00   0.2111485E+03
  0.1850000000000E+02   0.2140339E+01   0.1007874E-14   0.2544329E+02  -0.6559758E-02  -0.7632783E-16   0.2848510E+00   0.2111461E+03
  0.1854166666667E+02   0.2140339E+01   0.5525094E-15   0.2543966E+02  -0.6559758E-02  -0.5551115E-16   0.2863634E+00   0.2111437E+03
  0.1858333333333E+02   0.2140339E+01   0.2116363E-15   0.2543626E+02  -0.6559758E-02  -0.8847090E-16   0.2875855E+00   0.2111414E+03
  0.1862500000000E+02   0.2140339E+01   0.1861358E-14   0.2543313E+02  -0.6559758E-02  -0.8326673E-16   0.2884249E+00   0.2111391E+03
  0.1866666666667E+02   0.2140339E+01   0.1272420E-14   0.2543033E+02  -0.6559758E-02   0.1110223E-15   0.2887947E+00   0.2111369E+03
  0.1870833333333E+02   0.2140339E+01   0.2334070E-14   0.2542789E+02  -0.6559758E-02  -0.6591949E-16   0.2886288E+00   0.2111348E+03
  0.1875000000000E+02   0.2140339E+01   0.2099015E-15   0.2542583E+02  -0.6559758E-02  -0.2671474E-15   0.2878952E+00   0.2111329E+03
  0.1879166666667E+02   0.2140339E+01  -0.4276093E-15   0.2542413E+02  -0.6559758E-02   0.2046974E-15   0.2866016E+00   0.2111312E+03
  0.1883333333333E+02   0.2140339E+01   0.1556047E-14   0.2542275E+02  -0.6559758E-02  -0.5377643E-16   0.2847955E+00   0.2111297E+03
  0.1887500000000E+02   0.2140339E+01   0.9992007E-15   0.2542161E+02  -0.6559758E-02  -0.3642919E-16   0.2825570E+00   0.2111286E+03
  0.1891666666667E+02   0.2140339E+01   0.2147588E-14   0.2542065E+02  -0.6559758E-02   0.1595946E-15   0.2799882E+00   0.2111278E+03
  0.1895833333333E+02   0.2140339E+01  -0.3747003E-15   0.2541976E+02  -0.6559758E-02  -0.9020562E-16   0.2772009E+00   0.2111272E+03
  0.1900000000000E+02   0.2140339E+01   0.2232589E-14   0.2541886E+02  -0.6559758E-02  -0.2272488E-15   0.2743055E+00   0.2111267E+03
  0.1904166666667E+02   0.2140339E+01   0.1925543E-15   0.2541788E+02  -0.6559758E-02  -0.5377643E-16   0.2714025E+00   0.2111263E+03
  0.1908333333333E+02   0.2140339E+01   0.1013946E-14   0.2541675E+02  -0.6559758E-02  -0.2740863E-15   0.2685766E+00   0.2111259E+03
  0.1912500000000E+02   0.2140339E+01   0.8014422E-15   0.2541542E+02  -0.6559758E-02   0.1890849E-15   0.2658936E+00   0.2111255E+03
  0.1916666666667E+02   0.2140339E+01   0.1334002E-14   0.2541386E+02  -0.6559758E-02   0.6765422E-16   0.2633989E+00   0.2111249E+03
  0.1920833333333E+02   0.2140339E+01   0.9558326E-15   0.2541206E+02  -0.6559758E-02   0.1214306E-16   0.2611171E+00   0.2111242E+03
  0.1925000000000E+02   0.2140339E+01   0.6990936E-15   0.2541006E+02  -0.6559758E-02  -0.4336809E-16   0.2590521E+00   0.2111234E+03
  0.1929166666667E+02   0.2140339E+01   0.9141993E-15   0.2540793E+02  -0.6559758E-02   0.1474515E-15   0.2571886E+00   0.2111225E+03
  0.1933333333333E+02   0.2140339E+01   0.2471981E-15   0.2540577E+02  -0.6559758E-02   0.6158268E-16   0.2554935E+00   0.2111216E+03
  0.1937500000000E+02   0.2140339E+01   0.1793704E-14   0.2540373E+02  -0.6559758E-02  -0.1118897E-15   0.2539191E+00   0.2111207E+03
  0.1941666666667E+02   0.2140339E+01   0.1600282E-15   0.2540198E+02  -0.6559758E-02   0.1318390E-15   0.2524077E+00   0.2111198E+03
  0.1945833333333E+02   0.2140339E+01   0.7051651E-15   0.2540073E+02  -0.6559758E-02  -0.9194034E-16   0.2508954E+00   0.2111192E+03
  0.1950000000000E+02   0.2140339E+01   0.1147086E-14   0.2540013E+02  -0.6559758E-02   0.4562323E-15   0.2493178E+00   0.2111188E+03
  0.1954166666667E+02   0.2140339E+01   0.1216041E-14   0.2540033E+02  -0.6559758E-02   0.2428613E-16   0.2476142E+00   0.2111187E+03
  0.1958333333333E+02   0.2140339E+01   0.6045511E-15   0.2540143E+02  -0.6559758E-02  -0.5637851E-16   0.2457320E+00   0.2111190E+03
  0.1962500000000E+02   0.2140339E+01   0.1535664E-14   0.2540342E+02  -0.6559758E-02  -0.1743397E-15   0.2436299E+00   0.2111196E+03
  0.1966666666667E+02   0.2140339E+01   0.1514847E-14   0.2540625E+02  -0.6559758E-02  -0.1448494E-15   0.2412811E+00   0.2111206E+03
  0.1970833333333E+02   0.2140339E+01   0.1549542E-14   0.2540980E+02  -0.6559758E-02   0.7719519E-16   0.2386753E+00   0.2111218E+03
  0.1975000000000E+02   0.2140339E+01   0.1066855E-14   0.2541388E+02  -0.6559758E-02   0.1023487E-15   0.2358211E+00   0.2111232E+03
  0.1979166666667E+02   0.2140339E+01   0.3122502E-15   0.2541828E+02  -0.6559758E-02  -0.8673617E-17   0.2327467E+00   0.2111248E+03
  0.1983333333333E+02   0.2140339E+01   0.5757114E-15   0.2542278E+02  -0.6559758E-02  -0.9714451E-16   0.2295008E+00   0.2111264E+03
  0.1987500000000E+02   0.2140339E+01   0.6904199E-15   0.2542718E+02  -0.6559758E-02   0.2090342E-15   0.2261516E+00   0.2111281E+03
  0.1991666666667E+02   0.2140339E+01   0.9371844E-15   0.2543127E+02  -0.6559758E-02   0.8500145E-16   0.2227852E+00   0.2111297E+03
  0.1995833333333E+02   0.2140339E+01   0.1633893E-14   0.2543493E+02  -0.6559758E-02  -0.8673617E-18   0.2195009E+00   0.2111312E+03
  0.2000000000000E+02   0.2140339E+01   0.1554095E-14   0.2543803E+02  -0.6559758E-02  -0.3001072E-15   0.2164060E+00   0.2111326E+03
