 # Project=San-Ti                        
 # Author=Sophon                        
 # date =  9/22/2026 13:57:33
 # code = EQdyna
 # element_size =   500.00000000000000     
 # time_step =  0.0417  s
 # num_time_steps =   480
 # Time series in 11 columns in format E15.7
 # Column #1 = Time (s)
 # Column #2 = horizontal slip (m)
 # Column #3 = horizontal slip rate (m/s)
 # Column #4 = horizontal shear stress (MPa)
 # Column #5 = down-dip slip (m)
 # Column #6 = down-dip slip rate (m/s)
 # Column #7 = down-dip shear stress (MPa)
 # Column #8 = normal stress (MPa)
 # The line below lists the names of the data fields:
 t h-slip h-slip-rate h-shear-stress v-slip v-slip-rate v-shear-stress n-stress
  0.4166666666667E-01   0.0000000E+00   0.0000000E+00   0.2693211E+02  -0.0000000E+00  -0.0000000E+00  -0.1786855E+01   0.1608198E+03
  0.8333333333333E-01  -0.6376601E-17  -0.1530384E-15   0.2710077E+02  -0.4919111E-17  -0.1180587E-15  -0.1793856E+01   0.1607618E+03
  0.1250000000000E+00   0.4895528E-16   0.1327963E-14   0.2732467E+02  -0.1031339E-16  -0.1294622E-15  -0.1801073E+01   0.1606836E+03
  0.1666666666667E+00   0.1278808E-15   0.1894210E-14   0.2749800E+02  -0.1718365E-16  -0.1648868E-15  -0.1795590E+01   0.1606252E+03
  0.2083333333333E+00   0.1448765E-15   0.4080937E-15   0.2755200E+02  -0.2339865E-16  -0.1491557E-15  -0.1776157E+01   0.1606163E+03
  0.2500000000000E+00   0.1314595E-15  -0.3222249E-15   0.2759123E+02  -0.2663326E-16  -0.7764243E-16  -0.1757916E+01   0.1606217E+03
  0.2916666666667E+00   0.2052937E-15   0.1772887E-14   0.2760382E+02  -0.3257689E-16  -0.1426810E-15  -0.1748543E+01   0.1606355E+03
  0.3333333333333E+00   0.2125036E-15   0.1726050E-15   0.2760177E+02  -0.3909904E-16  -0.1565588E-15  -0.1746789E+01   0.1606432E+03
  0.3750000000000E+00   0.2226951E-15   0.2445960E-15   0.2760183E+02  -0.4336809E-16  -0.1024571E-15  -0.1747937E+01   0.1606381E+03
  0.4166666666667E+00   0.2652501E-15   0.1021806E-14   0.2760468E+02  -0.5186552E-16  -0.2037758E-15  -0.1751402E+01   0.1606284E+03
  0.4583333333333E+00   0.2848199E-15   0.4678332E-15   0.2760702E+02  -0.5773377E-16  -0.1406210E-15  -0.1754692E+01   0.1606237E+03
  0.5000000000000E+00   0.2739779E-15  -0.2601001E-15   0.2760635E+02  -0.6201298E-16  -0.1027824E-15  -0.1755869E+01   0.1606251E+03
  0.5416666666667E+00   0.3005408E-15   0.6393540E-15   0.2760327E+02  -0.6896034E-16  -0.1666419E-15  -0.1754843E+01   0.1606275E+03
  0.5833333333333E+00   0.3683577E-15   0.1628363E-14   0.2759997E+02  -0.7800157E-16  -0.2168946E-15  -0.1753132E+01   0.1606267E+03
  0.6250000000000E+00   0.3383795E-15  -0.7192597E-15   0.2759830E+02  -0.8268397E-16  -0.1124860E-15  -0.1752508E+01   0.1606234E+03
  0.6666666666667E+00   0.3670566E-15   0.6877094E-15   0.2759899E+02  -0.8783393E-16  -0.1237617E-15  -0.1753723E+01   0.1606205E+03
  0.7083333333333E+00   0.4008838E-15   0.8116337E-15   0.2760152E+02  -0.9422395E-16  -0.1532520E-15  -0.1756144E+01   0.1606199E+03
  0.7500000000000E+00   0.4482092E-15   0.1137762E-14   0.2760421E+02  -0.9797800E-16  -0.9001589E-16  -0.1758253E+01   0.1606213E+03
  0.7916666666667E+00   0.4351988E-15  -0.3138765E-15   0.2760496E+02  -0.1028976E-15  -0.1179612E-15  -0.1758486E+01   0.1606237E+03
  0.8333333333333E+00   0.4990583E-15   0.1531002E-14   0.2760272E+02  -0.1073394E-15  -0.1066313E-15  -0.1755933E+01   0.1606261E+03
  0.8750000000000E+00   0.4922820E-15  -0.1613293E-15   0.2759873E+02  -0.1122929E-15  -0.1188760E-15  -0.1750708E+01   0.1606273E+03
  0.9166666666667E+00   0.4941522E-15   0.4434387E-16   0.2759595E+02  -0.1189099E-15  -0.1588356E-15  -0.1743861E+01   0.1606262E+03
  0.9583333333333E+00   0.4845028E-15  -0.2306640E-15   0.2759700E+02  -0.1220947E-15  -0.7676151E-16  -0.1736888E+01   0.1606227E+03
  0.1000000000000E+01   0.5022024E-15   0.4251157E-15   0.2760238E+02  -0.1269736E-15  -0.1167686E-15  -0.1731055E+01   0.1606180E+03
  0.1041666666667E+01   0.5023109E-15   0.2602085E-17   0.2761029E+02  -0.1326928E-15  -0.1371109E-15  -0.1726948E+01   0.1606138E+03
  0.1083333333333E+01   0.5730551E-15   0.1699270E-14   0.2761805E+02  -0.1392929E-15  -0.1581851E-15  -0.1724509E+01   0.1606109E+03
  0.1125000000000E+01   0.6434740E-15   0.1688211E-14   0.2762384E+02  -0.1456558E-15  -0.1528725E-15  -0.1723404E+01   0.1606087E+03
  0.1166666666667E+01   0.6679227E-15   0.5871700E-15   0.2762735E+02  -0.1521881E-15  -0.1568298E-15  -0.1723385E+01   0.1606061E+03
  0.1208333333333E+01   0.6985515E-15   0.7347638E-15   0.2762940E+02  -0.1582529E-15  -0.1456287E-15  -0.1724377E+01   0.1606028E+03
  0.1250000000000E+01   0.7169829E-15   0.4419208E-15   0.2763078E+02  -0.1643447E-15  -0.1463978E-15  -0.1726348E+01   0.1605999E+03
  0.1291666666667E+01   0.7060867E-15  -0.2605338E-15   0.2763149E+02  -0.1712362E-15  -0.1652189E-15  -0.1729206E+01   0.1605991E+03
  0.1333333333333E+01   0.6997983E-15  -0.1504873E-15   0.2763069E+02  -0.1771519E-15  -0.1423015E-15  -0.1732838E+01   0.1606015E+03
  0.1375000000000E+01   0.7174437E-15   0.4233809E-15   0.2762733E+02  -0.1831827E-15  -0.1445648E-15  -0.1737227E+01   0.1606070E+03
  0.1416666666667E+01   0.7358751E-15   0.4421919E-15   0.2762105E+02  -0.1894576E-15  -0.1504398E-15  -0.1742484E+01   0.1606142E+03
  0.1458333333333E+01   0.7674525E-15   0.7576947E-15   0.2761270E+02  -0.1947939E-15  -0.1281154E-15  -0.1748715E+01   0.1606212E+03
  0.1500000000000E+01   0.7383146E-15  -0.6997441E-15   0.2760407E+02  -0.2008417E-15  -0.1451747E-15  -0.1755808E+01   0.1606263E+03
  0.1541666666667E+01   0.7426785E-15   0.1049508E-15   0.2759707E+02  -0.2070064E-15  -0.1479394E-15  -0.1763301E+01   0.1606290E+03
  0.1583333333333E+01   0.7447927E-15   0.5052382E-16   0.2759292E+02  -0.2129322E-15  -0.1422473E-15  -0.1770411E+01   0.1606295E+03
  0.1625000000000E+01   0.7729277E-15   0.6743738E-15   0.2759176E+02  -0.2189699E-15  -0.1447681E-15  -0.1776212E+01   0.1606289E+03
  0.1666666666667E+01   0.8232347E-15   0.1208018E-14   0.2759296E+02  -0.2246196E-15  -0.1355795E-15  -0.1779865E+01   0.1606276E+03
  0.1708333333333E+01   0.8531587E-15   0.7173082E-15   0.2759574E+02  -0.2309046E-15  -0.1509209E-15  -0.1780803E+01   0.1606259E+03
  0.1750000000000E+01   0.7808424E-15  -0.1729519E-14   0.2759973E+02  -0.2345875E-15  -0.8841669E-16  -0.1778881E+01   0.1606229E+03
  0.1791666666667E+01   0.8628081E-15   0.1966526E-14   0.2760491E+02  -0.2424005E-15  -0.1874586E-15  -0.1774467E+01   0.1606176E+03
  0.1833333333333E+01   0.8663860E-15   0.8315831E-16   0.2761122E+02  -0.2482010E-15  -0.1389947E-15  -0.1768422E+01   0.1606095E+03
  0.1875000000000E+01   0.8892626E-15   0.5491213E-15   0.2761808E+02  -0.2532696E-15  -0.1209970E-15  -0.1761935E+01   0.1605991E+03
  0.1916666666667E+01   0.8770111E-15  -0.2946862E-15   0.2762440E+02  -0.2571185E-15  -0.9367507E-16  -0.1756205E+01   0.1605878E+03
  0.1958333333333E+01   0.8384135E-15  -0.9234150E-15   0.2762897E+02  -0.2587991E-15  -0.3989864E-16  -0.1752116E+01   0.1605777E+03
  0.2000000000000E+01   0.8115253E-15  -0.6461845E-15   0.2763104E+02  -0.2637864E-15  -0.1231654E-15  -0.1750045E+01   0.1605701E+03
  0.2041666666667E+01   0.8308241E-15   0.4620870E-15   0.2763067E+02  -0.2725684E-15  -0.1994932E-15  -0.1749868E+01   0.1605656E+03
  0.2083333333333E+01   0.7621941E-15  -0.1645277E-14   0.2762864E+02  -0.2751705E-15  -0.6591949E-16  -0.1751124E+01   0.1605641E+03
  0.2125000000000E+01   0.7465816E-15  -0.3742666E-15   0.2762611E+02  -0.2812420E-15  -0.1509209E-15  -0.1753209E+01   0.1605649E+03
  0.2166666666667E+01   0.7303186E-15  -0.3920746E-15   0.2762414E+02  -0.2883978E-15  -0.1682682E-15  -0.1755515E+01   0.1605671E+03
  0.2208333333333E+01   0.7511353E-15   0.5005490E-15   0.2762347E+02  -0.2949030E-15  -0.1613293E-15  -0.1757500E+01   0.1605696E+03
  0.2250000000000E+01   0.8199821E-15   0.1649722E-14   0.2762440E+02  -0.3014082E-15  -0.1405126E-15  -0.1758728E+01   0.1605715E+03
  0.2291666666667E+01   0.8729996E-15   0.1271878E-14   0.2762682E+02  -0.3092145E-15  -0.1734723E-15  -0.1758917E+01   0.1605719E+03
  0.2333333333333E+01   0.8979362E-15   0.6033585E-15   0.2763018E+02  -0.3148523E-15  -0.1344411E-15  -0.1758000E+01   0.1605705E+03
  0.2375000000000E+01   0.9114888E-15   0.3201107E-15   0.2763359E+02  -0.3187554E-15  -0.9801188E-16  -0.1756142E+01   0.1605681E+03
  0.2416666666667E+01   0.9225476E-15   0.2660090E-15   0.2763601E+02  -0.3243933E-15  -0.1604619E-15  -0.1753690E+01   0.1605655E+03
  0.2458333333333E+01   0.8757101E-15  -0.1122041E-14   0.2763646E+02  -0.3278627E-15  -0.5551115E-16  -0.1751057E+01   0.1605642E+03
  0.2500000000000E+01   0.9376180E-15   0.1488284E-14   0.2763439E+02  -0.3365364E-15  -0.1821460E-15  -0.1748585E+01   0.1605647E+03
  0.2541666666667E+01   0.9415212E-15   0.9204876E-16   0.2762982E+02  -0.3382711E-15  -0.6938894E-16  -0.1746463E+01   0.1605669E+03
  0.2583333333333E+01   0.9413585E-15  -0.1843144E-17   0.2762328E+02  -0.3426079E-15  -0.9194034E-16  -0.1744720E+01   0.1605702E+03
  0.2625000000000E+01   0.9690599E-15   0.6660254E-15   0.2761566E+02  -0.3478121E-15  -0.1205633E-15  -0.1743287E+01   0.1605736E+03
  0.2666666666667E+01   0.9625005E-15  -0.1582935E-15   0.2760787E+02  -0.3547510E-15  -0.1639314E-15  -0.1742072E+01   0.1605765E+03
  0.2708333333333E+01   0.9572421E-15  -0.1270685E-15   0.2760072E+02  -0.3590878E-15  -0.1110223E-15  -0.1741015E+01   0.1605788E+03
  0.2750000000000E+01   0.9354496E-15  -0.5206339E-15   0.2759483E+02  -0.3642919E-15  -0.1301043E-15  -0.1740119E+01   0.1605807E+03
  0.2791666666667E+01   0.9450719E-15   0.2298509E-15   0.2759063E+02  -0.3694961E-15  -0.1231654E-15  -0.1739446E+01   0.1605821E+03
  0.2833333333333E+01   0.9601694E-15   0.3636414E-15   0.2758845E+02  -0.3720982E-15  -0.7459311E-16  -0.1739083E+01   0.1605830E+03
  0.2875000000000E+01   0.9576080E-15  -0.6158268E-16   0.2758845E+02  -0.3781697E-15  -0.1318390E-15  -0.1739098E+01   0.1605830E+03
  0.2916666666667E+01   0.9832901E-15   0.6162605E-15   0.2759061E+02  -0.3851086E-15  -0.1474515E-15  -0.1739503E+01   0.1605819E+03
  0.2958333333333E+01   0.9789126E-15  -0.1047339E-15   0.2759471E+02  -0.3903128E-15  -0.1405126E-15  -0.1740250E+01   0.1605796E+03
  0.3000000000000E+01   0.1014305E-14   0.8493640E-15   0.2760034E+02  -0.3955170E-15  -0.1179612E-15  -0.1741254E+01   0.1605766E+03
  0.3041666666667E+01   0.1007739E-14  -0.1574262E-15   0.2760703E+02  -0.3972517E-15  -0.8847090E-16  -0.1742423E+01   0.1605731E+03
  0.3083333333333E+01   0.1006113E-14  -0.3859760E-16   0.2761430E+02  -0.4007211E-15  -0.1144917E-15  -0.1743679E+01   0.1605696E+03
  0.3125000000000E+01   0.9519837E-15  -0.1298983E-14   0.2762175E+02  -0.4041906E-15  -0.8326673E-16  -0.1744948E+01   0.1605663E+03
  0.3166666666667E+01   0.9141180E-15  -0.9088867E-15   0.2762908E+02  -0.4059253E-15  -0.5811324E-16  -0.1746154E+01   0.1605630E+03
  0.3208333333333E+01   0.8969876E-15  -0.4116716E-15   0.2763608E+02  -0.4076600E-15  -0.3556183E-16  -0.1747217E+01   0.1605599E+03
  0.3250000000000E+01   0.9177229E-15   0.4980825E-15   0.2764269E+02  -0.4111295E-15  -0.1058181E-15  -0.1748065E+01   0.1605568E+03
  0.3291666666667E+01   0.9321428E-15   0.3461858E-15   0.2764888E+02  -0.4163336E-15  -0.9887924E-16  -0.1748662E+01   0.1605538E+03
  0.3333333333333E+01   0.9642894E-15   0.7706509E-15   0.2765467E+02  -0.4215378E-15  -0.9194034E-16  -0.1749013E+01   0.1605511E+03
  0.3375000000000E+01   0.9533390E-15  -0.2634611E-15   0.2766015E+02  -0.4284767E-15  -0.1379105E-15  -0.1749162E+01   0.1605487E+03
  0.3416666666667E+01   0.9790346E-15   0.6151763E-15   0.2766544E+02  -0.4336809E-15  -0.1474515E-15  -0.1749166E+01   0.1605466E+03
  0.3458333333333E+01   0.9896055E-15   0.2554380E-15   0.2767074E+02  -0.4371503E-15  -0.1153591E-15  -0.1749079E+01   0.1605447E+03
  0.3500000000000E+01   0.1064253E-14   0.1793704E-14   0.2767639E+02  -0.4458239E-15  -0.1890849E-15  -0.1748937E+01   0.1605428E+03
  0.3541666666667E+01   0.1135810E-14   0.1714991E-14   0.2768280E+02  -0.4492934E-15  -0.1040834E-15  -0.1748765E+01   0.1605407E+03
  0.3583333333333E+01   0.1153808E-14   0.4293441E-15   0.2769047E+02  -0.4562323E-15  -0.1630640E-15  -0.1748588E+01   0.1605380E+03
  0.3625000000000E+01   0.1170830E-14   0.4085274E-15   0.2769996E+02  -0.4597017E-15  -0.1058181E-15  -0.1748443E+01   0.1605344E+03
  0.3666666666667E+01   0.1249651E-14   0.1890415E-14   0.2771195E+02  -0.4683753E-15  -0.1795439E-15  -0.1748382E+01   0.1605298E+03
  0.3708333333333E+01   0.1256807E-14   0.1713039E-15   0.2772714E+02  -0.4735795E-15  -0.1292369E-15  -0.1748473E+01   0.1605234E+03
  0.3750000000000E+01   0.1251820E-14  -0.1123233E-15   0.2774626E+02  -0.4787837E-15  -0.1127570E-15  -0.1748789E+01   0.1605151E+03
  0.3791666666667E+01   0.1260493E-14   0.2029626E-15   0.2776995E+02  -0.4822531E-15  -0.9280771E-16  -0.1749405E+01   0.1605044E+03
  0.3833333333333E+01   0.1323594E-14   0.1523087E-14   0.2779862E+02  -0.4874573E-15  -0.1535230E-15  -0.1750383E+01   0.1604915E+03
  0.3875000000000E+01   0.1341809E-14   0.4423545E-15   0.2783229E+02  -0.4943962E-15  -0.1448494E-15  -0.1751768E+01   0.1604769E+03
  0.3916666666667E+01   0.1438086E-14   0.2319325E-14   0.2787056E+02  -0.5013351E-15  -0.1752071E-15  -0.1753566E+01   0.1604617E+03
  0.3958333333333E+01   0.1511378E-14   0.1731254E-14   0.2791248E+02  -0.5065393E-15  -0.1257675E-15  -0.1755738E+01   0.1604470E+03
  0.4000000000000E+01   0.1496199E-14  -0.3729655E-15   0.2795668E+02  -0.5134781E-15  -0.1457168E-15  -0.1758187E+01   0.1604340E+03
  0.4041666666667E+01   0.1537832E-14   0.1016548E-14   0.2800153E+02  -0.5169476E-15  -0.1275022E-15  -0.1760765E+01   0.1604234E+03
  0.4083333333333E+01   0.1539567E-14   0.5204170E-16   0.2804553E+02  -0.5238865E-15  -0.1439820E-15  -0.1763296E+01   0.1604153E+03
  0.4125000000000E+01   0.1550843E-14   0.2636780E-15   0.2809108E+02  -0.5273559E-15  -0.1283695E-15  -0.1766724E+01   0.1604075E+03
  0.4166666666667E+01   0.1569057E-14   0.4302114E-15   0.2813873E+02  -0.5342948E-15  -0.1734723E-15  -0.1771324E+01   0.1603983E+03
  0.4208333333333E+01   0.1600282E-14   0.8118506E-15   0.2818829E+02  -0.5412337E-15  -0.9540979E-16  -0.1776010E+01   0.1603867E+03
  0.4250000000000E+01   0.1595078E-14  -0.1318390E-15   0.2824811E+02  -0.5447032E-15  -0.7546047E-16  -0.1779503E+01   0.1603694E+03
  0.4291666666667E+01   0.1595946E-14  -0.1387779E-16   0.2832426E+02  -0.5481726E-15  -0.5117434E-16  -0.1781189E+01   0.1603449E+03
  0.4333333333333E+01   0.1641048E-14   0.1089406E-14   0.2841924E+02  -0.5516421E-15  -0.1136244E-15  -0.1781408E+01   0.1603138E+03
  0.4375000000000E+01   0.1694825E-14   0.1259409E-14   0.2853200E+02  -0.5551115E-15  -0.1509209E-15  -0.1781364E+01   0.1602790E+03
  0.4416666666667E+01   0.1712172E-14   0.3816392E-15   0.2865947E+02  -0.5620504E-15  -0.1548241E-15  -0.1782718E+01   0.1602445E+03
  0.4458333333333E+01   0.1765948E-14   0.1339207E-14   0.2879879E+02  -0.5724587E-15  -0.1708703E-15  -0.1787107E+01   0.1602139E+03
  0.4500000000000E+01   0.1755540E-14  -0.3261280E-15   0.2895132E+02  -0.5759282E-15  -0.1397537E-15  -0.1797464E+01   0.1601891E+03
  0.4541666666667E+01   0.1759010E-14   0.1249001E-15   0.2912236E+02  -0.5793976E-15  -0.7285839E-16  -0.1816796E+01   0.1601695E+03
  0.4583333333333E+01   0.1824929E-14   0.1582068E-14   0.2916977E+02  -0.5828671E-15  -0.9020562E-16  -0.1837808E+01   0.1601534E+03
  0.4625000000000E+01   0.8054652E-03   0.1933116E-01   0.2914437E+02  -0.5074742E-04  -0.1217938E-02  -0.1863831E+01   0.1601653E+03
  0.4666666666667E+01   0.3124678E-02   0.5566110E-01   0.2907743E+02  -0.1990649E-03  -0.3559619E-02  -0.1896372E+01   0.1602196E+03
  0.4708333333333E+01   0.6940741E-02   0.9158551E-01   0.2896684E+02  -0.4479409E-03  -0.5973024E-02  -0.1934815E+01   0.1603021E+03
  0.4750000000000E+01   0.1167863E-01   0.1137094E+00   0.2882589E+02  -0.7644043E-03  -0.7595122E-02  -0.1979347E+01   0.1603843E+03
  0.4791666666667E+01   0.1665959E-01   0.1195429E+00   0.2867158E+02  -0.1106424E-02  -0.8208484E-02  -0.2030215E+01   0.1604396E+03
  0.4833333333333E+01   0.2140959E-01   0.1140002E+00   0.2851760E+02  -0.1442769E-02  -0.8072277E-02  -0.2084034E+01   0.1604570E+03
  0.4875000000000E+01   0.2584191E-01   0.1063757E+00   0.2836857E+02  -0.1766678E-02  -0.7773817E-02  -0.2132542E+01   0.1604432E+03
  0.4916666666667E+01   0.3012674E-01   0.1028359E+00   0.2822361E+02  -0.2088781E-02  -0.7730451E-02  -0.2170397E+01   0.1604214E+03
  0.4958333333333E+01   0.3437978E-01   0.1020730E+00   0.2808360E+02  -0.2415840E-02  -0.7849419E-02  -0.2197137E+01   0.1604176E+03
  0.5000000000000E+01   0.3842263E-01   0.9702831E-01   0.2795546E+02  -0.2732134E-02  -0.7591066E-02  -0.2211673E+01   0.1604379E+03
  0.5041666666667E+01   0.4184658E-01   0.8217472E-01   0.2785096E+02  -0.3003017E-02  -0.6501184E-02  -0.2220800E+01   0.1604773E+03
  0.5083333333333E+01   0.4416239E-01   0.5557949E-01   0.2778451E+02  -0.3187677E-02  -0.4431838E-02  -0.2232914E+01   0.1605316E+03
  0.5125000000000E+01   0.4492890E-01   0.1839636E-01   0.2755238E+02  -0.3249278E-02  -0.1478431E-02  -0.2245653E+01   0.1606027E+03
  0.5166666666667E+01   0.4492890E-01   0.1353084E-14   0.2727699E+02  -0.3249278E-02  -0.2064321E-15  -0.2274874E+01   0.1607056E+03
  0.5208333333333E+01   0.4492890E-01  -0.2359224E-15   0.2718629E+02  -0.3249278E-02  -0.2532696E-15  -0.2381421E+01   0.1608038E+03
  0.5250000000000E+01   0.4492890E-01   0.6106227E-15   0.2763748E+02  -0.3249278E-02  -0.1422473E-15  -0.2518386E+01   0.1607471E+03
  0.5291666666667E+01   0.4492890E-01   0.1387779E-16   0.2769962E+02  -0.3249278E-02  -0.2046974E-15  -0.2414428E+01   0.1602699E+03
  0.5333333333333E+01   0.5423613E-01   0.2233734E+00   0.2731456E+02  -0.4060539E-02  -0.1947026E-01  -0.1985798E+01   0.1595690E+03
  0.5375000000000E+01   0.8567641E-01   0.7545667E+00   0.2625962E+02  -0.6346281E-02  -0.5485781E-01  -0.1324376E+01   0.1590308E+03
  0.5416666666667E+01   0.1465513E+00   0.1460998E+01   0.2433020E+02  -0.9416444E-02  -0.7368392E-01  -0.5837584E+00   0.1589171E+03
  0.5458333333333E+01   0.2336475E+00   0.2090308E+01   0.2159885E+02  -0.1150616E-01  -0.5015311E-01   0.5276965E-01   0.1591477E+03
  0.5500000000000E+01   0.3362660E+00   0.2462843E+01   0.1954370E+02  -0.1125544E-01   0.6017143E-02   0.4410467E+00   0.1595723E+03
  0.5541666666667E+01   0.4352265E+00   0.2375053E+01   0.1954539E+02  -0.9022180E-02   0.5359831E-01   0.6143301E+00   0.1596253E+03
  0.5583333333333E+01   0.5104875E+00   0.1806264E+01   0.1945709E+02  -0.6656655E-02   0.5677261E-01   0.5444041E+00   0.1588725E+03
  0.5625000000000E+01   0.5648450E+00   0.1304580E+01   0.1932282E+02  -0.5135746E-02   0.3650180E-01   0.3671086E+00   0.1577192E+03
  0.5666666666667E+01   0.6151389E+00   0.1207054E+01   0.1923974E+02  -0.4180227E-02   0.2293247E-01   0.2376957E+00   0.1570101E+03
  0.5708333333333E+01   0.6721065E+00   0.1367222E+01   0.1923733E+02  -0.3476426E-02   0.1689122E-01   0.1962733E+00   0.1569861E+03
  0.5750000000000E+01   0.7319996E+00   0.1437433E+01   0.1925792E+02  -0.2865354E-02   0.1466574E-01   0.2163195E+00   0.1571594E+03
  0.5791666666667E+01   0.7848700E+00   0.1268892E+01   0.1923327E+02  -0.2271472E-02   0.1425315E-01   0.2658837E+00   0.1569592E+03
  0.5833333333333E+01   0.8270725E+00   0.1012858E+01   0.1916075E+02  -0.1688059E-02   0.1400191E-01   0.3020945E+00   0.1563595E+03
  0.5875000000000E+01   0.8639190E+00   0.8843159E+00   0.1909254E+02  -0.1107126E-02   0.1394240E-01   0.3050380E+00   0.1557915E+03
  0.5916666666667E+01   0.9021253E+00   0.9169510E+00   0.1906722E+02  -0.4967109E-03   0.1464995E-01   0.2959245E+00   0.1555793E+03
  0.5958333333333E+01   0.9425446E+00   0.9700643E+00   0.1907047E+02   0.1306000E-03   0.1505546E-01   0.2992163E+00   0.1556068E+03
  0.6000000000000E+01   0.9810281E+00   0.9236050E+00   0.1906144E+02   0.7344080E-03   0.1449139E-01   0.3236387E+00   0.1555349E+03
  0.6041666666667E+01   0.1014713E+01   0.8084249E+00   0.1902324E+02   0.1306325E-02   0.1372601E-01   0.3628572E+00   0.1552225E+03
  0.6083333333333E+01   0.1045580E+01   0.7408127E+00   0.1897716E+02   0.1895099E-02   0.1413057E-01   0.4026575E+00   0.1548453E+03
  0.6125000000000E+01   0.1077650E+01   0.7696950E+00   0.1895132E+02   0.2575574E-02   0.1633139E-01   0.4358342E+00   0.1546361E+03
  0.6166666666667E+01   0.1111970E+01   0.8236835E+00   0.1894678E+02   0.3364854E-02   0.1894272E-01   0.4652937E+00   0.1546041E+03
  0.6208333333333E+01   0.1145485E+01   0.8043376E+00   0.1893968E+02   0.4187890E-02   0.1975287E-01   0.4951822E+00   0.1545513E+03
  0.6250000000000E+01   0.1174753E+01   0.7024428E+00   0.1891064E+02   0.4953120E-02   0.1836552E-01   0.5290574E+00   0.1543170E+03
  0.6291666666667E+01   0.1199976E+01   0.6053478E+00   0.1886422E+02   0.5658772E-02   0.1693564E-01   0.5754876E+00   0.1539417E+03
  0.6333333333333E+01   0.1224951E+01   0.5994055E+00   0.1881958E+02   0.6420687E-02   0.1828596E-01   0.6467274E+00   0.1535891E+03
  0.6375000000000E+01   0.1253390E+01   0.6825400E+00   0.1878773E+02   0.7397987E-02   0.2345521E-01   0.7501322E+00   0.1533559E+03
  0.6416666666667E+01   0.1285671E+01   0.7747304E+00   0.1876244E+02   0.8686838E-02   0.3093243E-01   0.8818528E+00   0.1531929E+03
  0.6458333333333E+01   0.1319064E+01   0.8014425E+00   0.1873158E+02   0.1025636E-01   0.3766857E-01   0.1021403E+01   0.1529951E+03
  0.6500000000000E+01   0.1350635E+01   0.7576913E+00   0.1869266E+02   0.1197785E-01   0.4131567E-01   0.1134573E+01   0.1527255E+03
  0.6541666666667E+01   0.1379676E+01   0.6969870E+00   0.1865432E+02   0.1374053E-01   0.4230445E-01   0.1194493E+01   0.1524377E+03
  0.6583333333333E+01   0.1407663E+01   0.6717053E+00   0.1862499E+02   0.1553267E-01   0.4301133E-01   0.1201965E+01   0.1521978E+03
  0.6625000000000E+01   0.1436380E+01   0.6892084E+00   0.1860440E+02   0.1738593E-01   0.4447810E-01   0.1175456E+01   0.1520125E+03
  0.6666666666667E+01   0.1466250E+01   0.7168677E+00   0.1858621E+02   0.1927313E-01   0.4529287E-01   0.1125666E+01   0.1518355E+03
  0.6708333333333E+01   0.1496146E+01   0.7175123E+00   0.1856542E+02   0.2108379E-01   0.4345584E-01   0.1045426E+01   0.1516236E+03
  0.6750000000000E+01   0.1524384E+01   0.6777036E+00   0.1854191E+02   0.2267386E-01   0.3816174E-01   0.9200518E+00   0.1513727E+03
  0.6791666666667E+01   0.1549815E+01   0.6103583E+00   0.1851744E+02   0.2393578E-01   0.3028605E-01   0.7490015E+00   0.1511049E+03
  0.6833333333333E+01   0.1572312E+01   0.5399048E+00   0.1849187E+02   0.2484571E-01   0.2183830E-01   0.5600496E+00   0.1508362E+03
  0.6875000000000E+01   0.1592591E+01   0.4867090E+00   0.1846356E+02   0.2545990E-01   0.1474059E-01   0.3987992E+00   0.1505655E+03
  0.6916666666667E+01   0.1611738E+01   0.4595350E+00   0.1843210E+02   0.2587347E-01   0.9925615E-02   0.3013860E+00   0.1502880E+03
  0.6958333333333E+01   0.1630727E+01   0.4557288E+00   0.1839909E+02   0.2618396E-01   0.7451691E-02   0.2745883E+00   0.1500095E+03
  0.7000000000000E+01   0.1650141E+01   0.4659280E+00   0.1836684E+02   0.2647369E-01   0.6953516E-02   0.2963409E+00   0.1497436E+03
  0.7041666666667E+01   0.1670148E+01   0.4801812E+00   0.1833685E+02   0.2679650E-01   0.7747515E-02   0.3325613E+00   0.1494989E+03
  0.7083333333333E+01   0.1690654E+01   0.4921463E+00   0.1830947E+02   0.2716840E-01   0.8925679E-02   0.3577266E+00   0.1492747E+03
  0.7125000000000E+01   0.1711444E+01   0.4989569E+00   0.1828460E+02   0.2757459E-01   0.9748513E-02   0.3657842E+00   0.1490688E+03
  0.7166666666667E+01   0.1732196E+01   0.4980342E+00   0.1826235E+02   0.2798972E-01   0.9963194E-02   0.3655048E+00   0.1488834E+03
  0.7208333333333E+01   0.1752432E+01   0.4856667E+00   0.1824269E+02   0.2839473E-01   0.9720191E-02   0.3669804E+00   0.1487199E+03
  0.7250000000000E+01   0.1771622E+01   0.4605658E+00   0.1822453E+02   0.2878077E-01   0.9265003E-02   0.3712851E+00   0.1485693E+03
  0.7291666666667E+01   0.1789501E+01   0.4290905E+00   0.1820582E+02   0.2914501E-01   0.8741781E-02   0.3698897E+00   0.1484131E+03
  0.7333333333333E+01   0.1806364E+01   0.4047230E+00   0.1818530E+02   0.2948763E-01   0.8222804E-02   0.3522693E+00   0.1482393E+03
  0.7375000000000E+01   0.1822987E+01   0.3989377E+00   0.1816401E+02   0.2980962E-01   0.7727860E-02   0.3143029E+00   0.1480561E+03
  0.7416666666667E+01   0.1840083E+01   0.4103038E+00   0.1814456E+02   0.3010545E-01   0.7099736E-02   0.2602079E+00   0.1478869E+03
  0.7458333333333E+01   0.1857698E+01   0.4227580E+00   0.1812870E+02   0.3035806E-01   0.6062699E-02   0.1984336E+00   0.1477482E+03
  0.7500000000000E+01   0.1875056E+01   0.4166131E+00   0.1811544E+02   0.3054807E-01   0.4560175E-02   0.1372434E+00   0.1476330E+03
  0.7541666666667E+01   0.1891041E+01   0.3836280E+00   0.1810179E+02   0.3066917E-01   0.2906384E-02   0.8297267E-01   0.1475165E+03
  0.7583333333333E+01   0.1904915E+01   0.3329659E+00   0.1808556E+02   0.3073276E-01   0.1526206E-02   0.4032261E-01   0.1473801E+03
  0.7625000000000E+01   0.1916712E+01   0.2831398E+00   0.1806743E+02   0.3075906E-01   0.6312735E-03   0.1330125E-01   0.1472286E+03
  0.7666666666667E+01   0.1927039E+01   0.2478532E+00   0.1805029E+02   0.3076666E-01   0.1824697E-03   0.5640963E-02   0.1470858E+03
  0.7708333333333E+01   0.1936549E+01   0.2282406E+00   0.1803674E+02   0.3076964E-01   0.7132831E-04   0.1994699E-01   0.1469730E+03
  0.7750000000000E+01   0.1945574E+01   0.2165889E+00   0.1802700E+02   0.3077962E-01   0.2395276E-03   0.5589059E-01   0.1468924E+03
  0.7791666666667E+01   0.1954142E+01   0.2056299E+00   0.1801915E+02   0.3080618E-01   0.6375312E-03   0.1088232E+00   0.1468290E+03
  0.7833333333333E+01   0.1962223E+01   0.1939425E+00   0.1801092E+02   0.3085498E-01   0.1171278E-02   0.1703281E+00   0.1467644E+03
  0.7875000000000E+01   0.1969889E+01   0.1839870E+00   0.1800129E+02   0.3092748E-01   0.1739953E-02   0.2309274E+00   0.1466897E+03
  0.7916666666667E+01   0.1977269E+01   0.1771292E+00   0.1799063E+02   0.3102216E-01   0.2272281E-02   0.2831338E+00   0.1466071E+03
  0.7958333333333E+01   0.1984419E+01   0.1715870E+00   0.1797997E+02   0.3113468E-01   0.2700411E-02   0.3228233E+00   0.1465239E+03
  0.8000000000000E+01   0.1991271E+01   0.1644474E+00   0.1797026E+02   0.3125770E-01   0.2952589E-02   0.3489099E+00   0.1464470E+03
  0.8041666666667E+01   0.1997698E+01   0.1542554E+00   0.1796212E+02   0.3138249E-01   0.2995017E-02   0.3626075E+00   0.1463815E+03
  0.8083333333333E+01   0.2003579E+01   0.1411410E+00   0.1795577E+02   0.3150121E-01   0.2849262E-02   0.3668974E+00   0.1463293E+03
  0.8125000000000E+01   0.2008800E+01   0.1252996E+00   0.1795082E+02   0.3160789E-01   0.2560297E-02   0.3657762E+00   0.1462879E+03
  0.8166666666667E+01   0.2013242E+01   0.1066299E+00   0.1794635E+02   0.3169842E-01   0.2172752E-02   0.3628628E+00   0.1462501E+03
  0.8208333333333E+01   0.2016838E+01   0.8628893E-01   0.1794130E+02   0.3177112E-01   0.1744703E-02   0.3598190E+00   0.1462076E+03
  0.8250000000000E+01   0.2019665E+01   0.6785330E-01   0.1793528E+02   0.3182782E-01   0.1360822E-02   0.3557484E+00   0.1461568E+03
  0.8291666666667E+01   0.2021988E+01   0.5575812E-01   0.1792889E+02   0.3187390E-01   0.1105969E-02   0.3484307E+00   0.1461023E+03
  0.8333333333333E+01   0.2024148E+01   0.5183671E-01   0.1792327E+02   0.3191588E-01   0.1007397E-02   0.3366964E+00   0.1460536E+03
  0.8375000000000E+01   0.2026372E+01   0.5337901E-01   0.1791930E+02   0.3195766E-01   0.1002748E-02   0.3218645E+00   0.1460183E+03
  0.8416666666667E+01   0.2028666E+01   0.5504952E-01   0.1791697E+02   0.3199886E-01   0.9887933E-03   0.3068328E+00   0.1459967E+03
  0.8458333333333E+01   0.2030887E+01   0.5329453E-01   0.1791554E+02   0.3203689E-01   0.9126827E-03   0.2934706E+00   0.1459828E+03
  0.8500000000000E+01   0.2032944E+01   0.4938588E-01   0.1791414E+02   0.3207059E-01   0.8089797E-03   0.2804271E+00   0.1459695E+03
  0.8541666666667E+01   0.2034963E+01   0.4843890E-01   0.1791235E+02   0.3210219E-01   0.7582601E-03   0.2634148E+00   0.1459524E+03
  0.8583333333333E+01   0.2037266E+01   0.5528433E-01   0.1791014E+02   0.3213606E-01   0.8129984E-03   0.2381763E+00   0.1459310E+03
  0.8625000000000E+01   0.2040207E+01   0.7058049E-01   0.1790767E+02   0.3217517E-01   0.9386079E-03   0.2038801E+00   0.1459069E+03
  0.8666666666667E+01   0.2043958E+01   0.9003357E-01   0.1790497E+02   0.3221788E-01   0.1025039E-02   0.1643023E+00   0.1458810E+03
  0.8708333333333E+01   0.2048416E+01   0.1069918E+00   0.1790188E+02   0.3225879E-01   0.9817950E-03   0.1262007E+00   0.1458527E+03
  0.8750000000000E+01   0.2053266E+01   0.1163921E+00   0.1789812E+02   0.3229298E-01   0.8205153E-03   0.9624271E-01   0.1458198E+03
  0.8791666666667E+01   0.2058164E+01   0.1175442E+00   0.1789333E+02   0.3231931E-01   0.6320652E-03   0.7828987E-01   0.1457792E+03
  0.8833333333333E+01   0.2062926E+01   0.1142853E+00   0.1788724E+02   0.3234015E-01   0.5000403E-03   0.7224679E-01   0.1457282E+03
  0.8875000000000E+01   0.2067616E+01   0.1125783E+00   0.1787989E+02   0.3235910E-01   0.4547050E-03   0.7469038E-01   0.1456671E+03
  0.8916666666667E+01   0.2072488E+01   0.1169084E+00   0.1787178E+02   0.3237944E-01   0.4883662E-03   0.8060836E-01   0.1455997E+03
  0.8958333333333E+01   0.2077800E+01   0.1275016E+00   0.1786371E+02   0.3240341E-01   0.5750797E-03   0.8527318E-01   0.1455326E+03
  0.9000000000000E+01   0.2083638E+01   0.1401087E+00   0.1785639E+02   0.3243127E-01   0.6688149E-03   0.8558636E-01   0.1454716E+03
  0.9041666666667E+01   0.2089834E+01   0.1487102E+00   0.1784993E+02   0.3246097E-01   0.7127738E-03   0.8067894E-01   0.1454176E+03
  0.9083333333333E+01   0.2096066E+01   0.1495576E+00   0.1784381E+02   0.3248914E-01   0.6759772E-03   0.7174160E-01   0.1453663E+03
  0.9125000000000E+01   0.2102059E+01   0.1438377E+00   0.1783730E+02   0.3251323E-01   0.5783040E-03   0.6107667E-01   0.1453117E+03
  0.9166666666667E+01   0.2107768E+01   0.1370143E+00   0.1783005E+02   0.3253278E-01   0.4691504E-03   0.5061537E-01   0.1452510E+03
  0.9208333333333E+01   0.2113403E+01   0.1352342E+00   0.1782234E+02   0.3254878E-01   0.3838984E-03   0.4067951E-01   0.1451866E+03
  0.9250000000000E+01   0.2119292E+01   0.1413364E+00   0.1781483E+02   0.3256222E-01   0.3226004E-03   0.2988289E-01   0.1451238E+03
  0.9291666666667E+01   0.2125676E+01   0.1532258E+00   0.1780798E+02   0.3257293E-01   0.2570236E-03   0.1625867E-01   0.1450666E+03
  0.9333333333333E+01   0.2132572E+01   0.1655038E+00   0.1780174E+02   0.3257922E-01   0.1511048E-03  -0.1254698E-02   0.1450145E+03
  0.9375000000000E+01   0.2139775E+01   0.1728606E+00   0.1779559E+02   0.3257872E-01  -0.1218352E-04  -0.2196457E-01   0.1449634E+03
  0.9416666666667E+01   0.2146972E+01   0.1727427E+00   0.1778905E+02   0.3256983E-01  -0.2132112E-03  -0.4363502E-01   0.1449092E+03
  0.9458333333333E+01   0.2153881E+01   0.1658081E+00   0.1778202E+02   0.3255289E-01  -0.4067132E-03  -0.6346888E-01   0.1448511E+03
  0.9500000000000E+01   0.2160322E+01   0.1545802E+00   0.1777485E+02   0.3252990E-01  -0.5517389E-03  -0.7911882E-01   0.1447919E+03
  0.9541666666667E+01   0.2166232E+01   0.1418371E+00   0.1776799E+02   0.3250359E-01  -0.6313408E-03  -0.8911555E-01   0.1447351E+03
  0.9583333333333E+01   0.2171644E+01   0.1298836E+00   0.1776171E+02   0.3247645E-01  -0.6514329E-03  -0.9271827E-01   0.1446830E+03
  0.9625000000000E+01   0.2176670E+01   0.1206414E+00   0.1775601E+02   0.3245021E-01  -0.6297624E-03  -0.8973788E-01   0.1446353E+03
  0.9666666666667E+01   0.2181492E+01   0.1157212E+00   0.1775071E+02   0.3242584E-01  -0.5848485E-03  -0.8069565E-01   0.1445908E+03
  0.9708333333333E+01   0.2186323E+01   0.1159370E+00   0.1774565E+02   0.3240388E-01  -0.5270554E-03  -0.6705021E-01   0.1445482E+03
  0.9750000000000E+01   0.2191348E+01   0.1205984E+00   0.1774074E+02   0.3238489E-01  -0.4556694E-03  -0.5102781E-01   0.1445068E+03
  0.9791666666667E+01   0.2196656E+01   0.1274007E+00   0.1773587E+02   0.3236962E-01  -0.3664436E-03  -0.3491879E-01   0.1444659E+03
  0.9833333333333E+01   0.2202210E+01   0.1332965E+00   0.1773090E+02   0.3235869E-01  -0.2624373E-03  -0.2012291E-01   0.1444243E+03
  0.9875000000000E+01   0.2207871E+01   0.1358710E+00   0.1772564E+02   0.3235226E-01  -0.1542008E-03  -0.6360285E-02   0.1443803E+03
  0.9916666666667E+01   0.2213467E+01   0.1343047E+00   0.1771997E+02   0.3235026E-01  -0.4819101E-04   0.8191463E-02   0.1443331E+03
  0.9958333333333E+01   0.2218851E+01   0.1292118E+00   0.1771405E+02   0.3235275E-01   0.5973112E-04   0.2588387E-01   0.1442839E+03
  0.1000000000000E+02   0.2223915E+01   0.1215382E+00   0.1770830E+02   0.3236014E-01   0.1775923E-03   0.4832881E-01   0.1442364E+03
  0.1004166666667E+02   0.2228558E+01   0.1114347E+00   0.1770332E+02   0.3237282E-01   0.3041232E-03   0.7564704E-01   0.1441956E+03
  0.1008333333333E+02   0.2232642E+01   0.9801753E-01   0.1769957E+02   0.3239027E-01   0.4188332E-03   0.1065686E+00   0.1441658E+03
  0.1012500000000E+02   0.2235985E+01   0.8022320E-01   0.1769725E+02   0.3241039E-01   0.4830216E-03   0.1390843E+00   0.1441483E+03
  0.1016666666667E+02   0.2238408E+01   0.5814247E-01   0.1769617E+02   0.3242943E-01   0.4569469E-03   0.1710829E+00   0.1441416E+03
  0.1020833333333E+02   0.2239819E+01   0.3388067E-01   0.1769586E+02   0.3244308E-01   0.3275514E-03   0.2006145E+00   0.1441416E+03
  0.1025000000000E+02   0.2240291E+01   0.1131891E-01   0.1765597E+02   0.3244843E-01   0.1283203E-03   0.2253965E+00   0.1441434E+03
  0.1029166666667E+02   0.2240291E+01   0.3556183E-15   0.1761162E+02   0.3244843E-01  -0.1734723E-16   0.2441578E+00   0.1441485E+03
  0.1033333333333E+02   0.2240291E+01  -0.1080733E-14   0.1764275E+02   0.3244843E-01   0.4510281E-16   0.2571716E+00   0.1441482E+03
  0.1037500000000E+02   0.2240291E+01   0.1283695E-14   0.1769333E+02   0.3244843E-01  -0.1387779E-16   0.2662147E+00   0.1441277E+03
  0.1041666666667E+02   0.2240363E+01   0.1738086E-02   0.1768884E+02   0.3244952E-01   0.2615133E-04   0.2691399E+00   0.1440908E+03
  0.1045833333333E+02   0.2241037E+01   0.1615615E-01   0.1768567E+02   0.3245976E-01   0.2458195E-03   0.2665840E+00   0.1440640E+03
  0.1050000000000E+02   0.2242509E+01   0.3534816E-01   0.1768512E+02   0.3248196E-01   0.5328187E-03   0.2592691E+00   0.1440585E+03
  0.1054166666667E+02   0.2244465E+01   0.4692133E-01   0.1768603E+02   0.3251062E-01   0.6878806E-03   0.2480496E+00   0.1440648E+03
  0.1058333333333E+02   0.2246311E+01   0.4431216E-01   0.1768605E+02   0.3253652E-01   0.6214856E-03   0.2337589E+00   0.1440633E+03
  0.1062500000000E+02   0.2247653E+01   0.3221884E-01   0.1768378E+02   0.3255426E-01   0.4258407E-03   0.2175477E+00   0.1440426E+03
  0.1066666666667E+02   0.2248587E+01   0.2241365E-01   0.1768043E+02   0.3256575E-01   0.2757351E-03   0.2030119E+00   0.1440133E+03
  0.1070833333333E+02   0.2249504E+01   0.2199666E-01   0.1767810E+02   0.3257627E-01   0.2525722E-03   0.1917539E+00   0.1439928E+03
  0.1075000000000E+02   0.2250668E+01   0.2793653E-01   0.1767753E+02   0.3258890E-01   0.3030269E-03   0.1830544E+00   0.1439873E+03
  0.1079166666667E+02   0.2252013E+01   0.3228422E-01   0.1767750E+02   0.3260283E-01   0.3343097E-03   0.1750372E+00   0.1439864E+03
  0.1083333333333E+02   0.2253321E+01   0.3138666E-01   0.1767640E+02   0.3261578E-01   0.3107811E-03   0.1660331E+00   0.1439765E+03
  0.1087500000000E+02   0.2254533E+01   0.2910232E-01   0.1767390E+02   0.3262717E-01   0.2733558E-03   0.1553206E+00   0.1439549E+03
  0.1091666666667E+02   0.2255852E+01   0.3164989E-01   0.1767104E+02   0.3263876E-01   0.2781435E-03   0.1433083E+00   0.1439302E+03
  0.1095833333333E+02   0.2257545E+01   0.4062213E-01   0.1766886E+02   0.3265248E-01   0.3294367E-03   0.1312487E+00   0.1439112E+03
  0.1100000000000E+02   0.2259691E+01   0.5150623E-01   0.1766730E+02   0.3266843E-01   0.3826013E-03   0.1206674E+00   0.1438976E+03
  0.1104166666667E+02   0.2262120E+01   0.5829936E-01   0.1766552E+02   0.3268502E-01   0.3981839E-03   0.1127567E+00   0.1438823E+03
  0.1108333333333E+02   0.2264563E+01   0.5863597E-01   0.1766297E+02   0.3270061E-01   0.3742658E-03   0.1079436E+00   0.1438609E+03
  0.1112500000000E+02   0.2266831E+01   0.5444110E-01   0.1766004E+02   0.3271447E-01   0.3327054E-03   0.1057959E+00   0.1438363E+03
  0.1116666666667E+02   0.2268857E+01   0.4861026E-01   0.1765755E+02   0.3272661E-01   0.2912093E-03   0.1053941E+00   0.1438155E+03
  0.1120833333333E+02   0.2270609E+01   0.4204826E-01   0.1765591E+02   0.3273707E-01   0.2509770E-03   0.1058659E+00   0.1438019E+03
  0.1125000000000E+02   0.2272023E+01   0.3394404E-01   0.1765479E+02   0.3274555E-01   0.2035306E-03   0.1067067E+00   0.1437926E+03
  0.1129166666667E+02   0.2273027E+01   0.2408450E-01   0.1765365E+02   0.3275161E-01   0.1455683E-03   0.1074380E+00   0.1437832E+03
  0.1133333333333E+02   0.2273611E+01   0.1402983E-01   0.1765243E+02   0.3275517E-01   0.8538392E-04   0.1072100E+00   0.1437730E+03
  0.1137500000000E+02   0.2273851E+01   0.5764022E-02   0.1765129E+02   0.3275663E-01   0.3500713E-04   0.1053656E+00   0.1437634E+03
  0.1141666666667E+02   0.2273881E+01   0.7119290E-03   0.1764374E+02   0.3275680E-01   0.4249706E-05   0.9977625E-01   0.1437556E+03
  0.1145833333333E+02   0.2273881E+01   0.1141448E-14   0.1763955E+02   0.3275680E-01  -0.2949030E-16   0.8966496E-01   0.1437558E+03
  0.1150000000000E+02   0.2273881E+01   0.5195497E-15   0.1761858E+02   0.3275680E-01  -0.3122502E-16   0.7486313E-01   0.1437623E+03
  0.1154166666667E+02   0.2273881E+01  -0.1288900E-14   0.1758260E+02   0.3275680E-01   0.3642919E-16   0.5597431E-01   0.1437729E+03
  0.1158333333333E+02   0.2273881E+01  -0.4536302E-15   0.1754395E+02   0.3275680E-01   0.1734723E-16   0.3468816E-01   0.1437847E+03
  0.1162500000000E+02   0.2273881E+01  -0.5377643E-15   0.1750237E+02   0.3275680E-01   0.2602085E-16   0.1294815E-01   0.1438000E+03
  0.1166666666667E+02   0.2273881E+01  -0.4093947E-15   0.1745794E+02   0.3275680E-01  -0.2949030E-16  -0.7484440E-02   0.1438194E+03
  0.1170833333333E+02   0.2273881E+01  -0.1335737E-15   0.1741232E+02   0.3275680E-01  -0.5204170E-17  -0.2519750E-01   0.1438408E+03
  0.1175000000000E+02   0.2273881E+01   0.3894454E-15   0.1736874E+02   0.3275680E-01  -0.1734723E-17  -0.3943470E-01   0.1438607E+03
  0.1179166666667E+02   0.2273881E+01   0.1302777E-14   0.1733083E+02   0.3275680E-01  -0.4683753E-16  -0.5007964E-01   0.1438765E+03
  0.1183333333333E+02   0.2273881E+01   0.8482798E-15   0.1730123E+02   0.3275680E-01  -0.0000000E+00  -0.5732563E-01   0.1438870E+03
  0.1187500000000E+02   0.2273881E+01   0.1383442E-14   0.1728100E+02   0.3275680E-01  -0.3295975E-16  -0.6130338E-01   0.1438925E+03
  0.1191666666667E+02   0.2273881E+01   0.1187418E-14   0.1726971E+02   0.3275680E-01  -0.5204170E-16  -0.6188119E-01   0.1438935E+03
  0.1195833333333E+02   0.2273881E+01   0.1387779E-16   0.1726572E+02   0.3275680E-01  -0.2081668E-16  -0.5881763E-01   0.1438909E+03
  0.1200000000000E+02   0.2273881E+01   0.7988402E-15   0.1726668E+02   0.3275680E-01  -0.2081668E-16  -0.5209562E-01   0.1438859E+03
  0.1204166666667E+02   0.2273881E+01   0.7251144E-15   0.1727012E+02   0.3275680E-01  -0.6938894E-17  -0.4214435E-01   0.1438800E+03
  0.1208333333333E+02   0.2273881E+01   0.4414871E-15   0.1727406E+02   0.3275680E-01  -0.3122502E-16  -0.2971672E-01   0.1438747E+03
  0.1212500000000E+02   0.2273881E+01   0.8933826E-16   0.1727717E+02   0.3275680E-01   0.1561251E-16  -0.1555312E-01   0.1438707E+03
  0.1216666666667E+02   0.2273881E+01   0.2775558E-15   0.1727873E+02   0.3275680E-01   0.1387779E-16  -0.1166197E-03   0.1438682E+03
  0.1220833333333E+02   0.2273881E+01  -0.2740863E-15   0.1727846E+02   0.3275680E-01   0.3816392E-16   0.1642205E-01   0.1438672E+03
  0.1225000000000E+02   0.2273881E+01  -0.8907805E-15   0.1727649E+02   0.3275680E-01   0.4683753E-16   0.3399090E-01   0.1438672E+03
  0.1229166666667E+02   0.2273881E+01  -0.9115972E-15   0.1727328E+02   0.3275680E-01   0.3989864E-16   0.5241179E-01   0.1438679E+03
  0.1233333333333E+02   0.2273881E+01  -0.6505213E-16   0.1726955E+02   0.3275680E-01  -0.8673617E-17   0.7135646E-01   0.1438689E+03
  0.1237500000000E+02   0.2273881E+01  -0.4857226E-16   0.1726600E+02   0.3275680E-01   0.2949030E-16   0.9046949E-01   0.1438699E+03
  0.1241666666667E+02   0.2273881E+01  -0.7129713E-15   0.1726316E+02   0.3275680E-01  -0.2949030E-16   0.1095117E+00   0.1438704E+03
  0.1245833333333E+02   0.2273881E+01  -0.1752071E-15   0.1726130E+02   0.3275680E-01  -0.2775558E-16   0.1283757E+00   0.1438703E+03
  0.1250000000000E+02   0.2273881E+01   0.1058181E-15   0.1726044E+02   0.3275680E-01   0.3989864E-16   0.1469656E+00   0.1438693E+03
  0.1254166666667E+02   0.2273881E+01  -0.1169204E-14   0.1726048E+02   0.3275680E-01   0.7112366E-16   0.1650754E+00   0.1438674E+03
  0.1258333333333E+02   0.2273881E+01  -0.6765422E-15   0.1726127E+02   0.3275680E-01   0.3989864E-16   0.1823988E+00   0.1438648E+03
  0.1262500000000E+02   0.2273881E+01   0.8430756E-15   0.1726273E+02   0.3275680E-01  -0.0000000E+00   0.1986696E+00   0.1438616E+03
  0.1266666666667E+02   0.2273881E+01   0.1144917E-14   0.1726488E+02   0.3275680E-01  -0.2602085E-16   0.2138000E+00   0.1438576E+03
  0.1270833333333E+02   0.2273881E+01  -0.7285839E-16   0.1726780E+02   0.3275680E-01  -0.6938894E-17   0.2278870E+00   0.1438529E+03
  0.1275000000000E+02   0.2273881E+01   0.8777701E-15   0.1727154E+02   0.3275680E-01  -0.8673617E-17   0.2410852E+00   0.1438473E+03
  0.1279166666667E+02   0.2273881E+01   0.6696033E-15   0.1727601E+02   0.3275680E-01   0.6938894E-17   0.2534631E+00   0.1438410E+03
  0.1283333333333E+02   0.2273881E+01   0.1561251E-15   0.1728097E+02   0.3275680E-01   0.4163336E-16   0.2649614E+00   0.1438344E+03
  0.1287500000000E+02   0.2273881E+01  -0.9332812E-15   0.1728601E+02   0.3275680E-01   0.6938894E-16   0.2754600E+00   0.1438279E+03
  0.1291666666667E+02   0.2273881E+01  -0.1040834E-16   0.1729064E+02   0.3275680E-01   0.6938894E-17   0.2848668E+00   0.1438219E+03
  0.1295833333333E+02   0.2273881E+01   0.1207368E-14   0.1729442E+02   0.3275680E-01  -0.2081668E-16   0.2931387E+00   0.1438165E+03
  0.1300000000000E+02   0.2273881E+01  -0.6279699E-15   0.1729696E+02   0.3275680E-01   0.6418477E-16   0.3002335E+00   0.1438120E+03
  0.1304166666667E+02   0.2273881E+01   0.8222589E-15   0.1729804E+02   0.3275680E-01   0.1908196E-16   0.3060591E+00   0.1438083E+03
  0.1308333333333E+02   0.2273881E+01   0.5100087E-15   0.1729753E+02   0.3275680E-01  -0.1734723E-17   0.3104775E+00   0.1438056E+03
  0.1312500000000E+02   0.2273881E+01  -0.2740863E-15   0.1729542E+02   0.3275680E-01   0.4336809E-16   0.3133619E+00   0.1438040E+03
  0.1316666666667E+02   0.2273881E+01   0.3295975E-16   0.1729178E+02   0.3275680E-01  -0.1734723E-17   0.3146571E+00   0.1438037E+03
  0.1320833333333E+02   0.2273881E+01  -0.6071532E-16   0.1728675E+02   0.3275680E-01  -0.3295975E-16   0.3144033E+00   0.1438043E+03
  0.1325000000000E+02   0.2273881E+01   0.3920475E-15   0.1728060E+02   0.3275680E-01   0.2428613E-16   0.3127275E+00   0.1438057E+03
  0.1329166666667E+02   0.2273881E+01  -0.8309325E-15   0.1727368E+02   0.3275680E-01   0.1040834E-16   0.3098262E+00   0.1438076E+03
  0.1333333333333E+02   0.2273881E+01  -0.2272488E-15   0.1726644E+02   0.3275680E-01   0.5030698E-16   0.3059518E+00   0.1438097E+03
  0.1337500000000E+02   0.2273881E+01   0.4961309E-15   0.1725931E+02   0.3275680E-01   0.5204170E-16   0.3013931E+00   0.1438119E+03
  0.1341666666667E+02   0.2273881E+01   0.3989864E-15   0.1725267E+02   0.3275680E-01   0.2255141E-16   0.2964407E+00   0.1438142E+03
  0.1345833333333E+02   0.2273881E+01   0.4336809E-15   0.1724674E+02   0.3275680E-01  -0.0000000E+00   0.2913445E+00   0.1438166E+03
  0.1350000000000E+02   0.2273881E+01  -0.5178150E-15   0.1724166E+02   0.3275680E-01   0.5377643E-16   0.2862810E+00   0.1438189E+03
  0.1354166666667E+02   0.2273881E+01  -0.9150666E-15   0.1723748E+02   0.3275680E-01   0.3469447E-17   0.2813446E+00   0.1438210E+03
  0.1358333333333E+02   0.2273881E+01  -0.3703635E-15   0.1723420E+02   0.3275680E-01   0.5030698E-16   0.2765625E+00   0.1438226E+03
  0.1362500000000E+02   0.2273881E+01  -0.3903128E-16   0.1723177E+02   0.3275680E-01  -0.8673617E-17   0.2719271E+00   0.1438237E+03
  0.1366666666667E+02   0.2273881E+01  -0.1821460E-15   0.1723011E+02   0.3275680E-01   0.5724587E-16   0.2674355E+00   0.1438244E+03
  0.1370833333333E+02   0.2273881E+01   0.5724587E-16   0.1722911E+02   0.3275680E-01   0.3816392E-16   0.2631254E+00   0.1438252E+03
  0.1375000000000E+02   0.2273881E+01   0.9645063E-15   0.1722860E+02   0.3275680E-01   0.1214306E-16   0.2590928E+00   0.1438261E+03
  0.1379166666667E+02   0.2273881E+01   0.6262352E-15   0.1722835E+02   0.3275680E-01  -0.5204170E-17   0.2554805E+00   0.1438274E+03
  0.1383333333333E+02   0.2273881E+01   0.9098625E-15   0.1722811E+02   0.3275680E-01   0.5204170E-17   0.2524451E+00   0.1438293E+03
  0.1387500000000E+02   0.2273881E+01  -0.1084202E-14   0.1722766E+02   0.3275680E-01  -0.6938894E-17   0.2501207E+00   0.1438316E+03
  0.1391666666667E+02   0.2273881E+01  -0.1402524E-14   0.1722676E+02   0.3275680E-01   0.3469447E-16   0.2485958E+00   0.1438344E+03
  0.1395833333333E+02   0.2273881E+01  -0.4753142E-15   0.1722532E+02   0.3275680E-01   0.4423545E-16   0.2479063E+00   0.1438374E+03
  0.1400000000000E+02   0.2273881E+01   0.1164867E-14   0.1722332E+02   0.3275680E-01  -0.2949030E-16   0.2480349E+00   0.1438408E+03
  0.1404166666667E+02   0.2273881E+01   0.5169476E-15   0.1722087E+02   0.3275680E-01  -0.3989864E-16   0.2489041E+00   0.1438442E+03
  0.1408333333333E+02   0.2273881E+01   0.8586881E-15   0.1721814E+02   0.3275680E-01   0.8673617E-18   0.2503683E+00   0.1438476E+03
  0.1412500000000E+02   0.2273881E+01   0.2654127E-15   0.1721531E+02   0.3275680E-01   0.5204170E-17   0.2522107E+00   0.1438507E+03
  0.1416666666667E+02   0.2273881E+01   0.1474515E-16   0.1721252E+02   0.3275680E-01   0.3469447E-16   0.2541551E+00   0.1438537E+03
  0.1420833333333E+02   0.2273881E+01  -0.1741662E-14   0.1720981E+02   0.3275680E-01   0.3903128E-16   0.2558916E+00   0.1438564E+03
  0.1425000000000E+02   0.2273881E+01  -0.3833739E-15   0.1720715E+02   0.3275680E-01   0.1908196E-16   0.2571104E+00   0.1438591E+03
  0.1429166666667E+02   0.2273881E+01  -0.8101159E-15   0.1720438E+02   0.3275680E-01   0.3642919E-16   0.2575351E+00   0.1438619E+03
  0.1433333333333E+02   0.2273881E+01  -0.2576064E-15   0.1720132E+02   0.3275680E-01  -0.2602085E-17   0.2569498E+00   0.1438649E+03
  0.1437500000000E+02   0.2273881E+01  -0.3755676E-15   0.1719779E+02   0.3275680E-01  -0.1994932E-16   0.2552179E+00   0.1438680E+03
  0.1441666666667E+02   0.2273881E+01  -0.2359224E-15   0.1719367E+02   0.3275680E-01   0.3035766E-16   0.2522917E+00   0.1438713E+03
  0.1445833333333E+02   0.2273881E+01  -0.3174544E-15   0.1718896E+02   0.3275680E-01   0.1734723E-17   0.2482167E+00   0.1438747E+03
  0.1450000000000E+02   0.2273881E+01   0.7780235E-15   0.1718376E+02   0.3275680E-01  -0.6938894E-17   0.2431310E+00   0.1438782E+03
  0.1454166666667E+02   0.2273881E+01   0.8300652E-15   0.1717827E+02   0.3275680E-01   0.1994932E-16   0.2372609E+00   0.1438817E+03
  0.1458333333333E+02   0.2273881E+01  -0.3053113E-15   0.1717269E+02   0.3275680E-01   0.1474515E-16   0.2309065E+00   0.1438854E+03
  0.1462500000000E+02   0.2273881E+01   0.9992007E-15   0.1716720E+02   0.3275680E-01  -0.5204170E-17   0.2244169E+00   0.1438894E+03
  0.1466666666667E+02   0.2273881E+01  -0.2784231E-15   0.1716183E+02   0.3275680E-01  -0.1908196E-16   0.2181552E+00   0.1438937E+03
  0.1470833333333E+02   0.2273881E+01   0.1483189E-15   0.1715653E+02   0.3275680E-01   0.5204170E-16   0.2124564E+00   0.1438983E+03
  0.1475000000000E+02   0.2273881E+01  -0.9124645E-15   0.1715112E+02   0.3275680E-01   0.3295975E-16   0.2075860E+00   0.1439033E+03
  0.1479166666667E+02   0.2273881E+01   0.1886078E-14   0.1714543E+02   0.3275680E-01  -0.1474515E-16   0.2037036E+00   0.1439086E+03
  0.1483333333333E+02   0.2273881E+01  -0.1070324E-14   0.1713933E+02   0.3275680E-01   0.2688821E-16   0.2008364E+00   0.1439142E+03
  0.1487500000000E+02   0.2273881E+01   0.5100087E-15   0.1713282E+02   0.3275680E-01   0.3035766E-16   0.1988699E+00   0.1439200E+03
  0.1491666666667E+02   0.2273881E+01  -0.7502679E-16   0.1712604E+02   0.3275680E-01  -0.1127570E-16   0.1975599E+00   0.1439259E+03
  0.1495833333333E+02   0.2273881E+01   0.6678685E-16   0.1711924E+02   0.3275680E-01   0.4076600E-16   0.1965669E+00   0.1439316E+03
  0.1500000000000E+02   0.2273881E+01   0.7875645E-15   0.1711276E+02   0.3275680E-01  -0.2602085E-16   0.1955084E+00   0.1439369E+03
  0.1504166666667E+02   0.2273881E+01  -0.6652665E-15   0.1710690E+02   0.3275680E-01   0.3469447E-16   0.1940168E+00   0.1439415E+03
  0.1508333333333E+02   0.2273881E+01   0.8157537E-15   0.1710196E+02   0.3275680E-01  -0.1474515E-16   0.1917943E+00   0.1439453E+03
  0.1512500000000E+02   0.2273881E+01  -0.3946496E-16   0.1709810E+02   0.3275680E-01   0.3382711E-16   0.1886512E+00   0.1439482E+03
  0.1516666666667E+02   0.2273881E+01  -0.7762888E-15   0.1709535E+02   0.3275680E-01  -0.1908196E-16   0.1845261E+00   0.1439503E+03
  0.1520833333333E+02   0.2273881E+01  -0.1494031E-14   0.1709361E+02   0.3275680E-01   0.6331741E-16   0.1794854E+00   0.1439517E+03
  0.1525000000000E+02   0.2273881E+01  -0.2892651E-15   0.1709264E+02   0.3275680E-01   0.4943962E-16   0.1737044E+00   0.1439526E+03
  0.1529166666667E+02   0.2273881E+01  -0.6114900E-15   0.1709210E+02   0.3275680E-01   0.3295975E-16   0.1674354E+00   0.1439533E+03
  0.1533333333333E+02   0.2273881E+01   0.5937091E-15   0.1709164E+02   0.3275680E-01  -0.5117434E-16   0.1609672E+00   0.1439539E+03
  0.1537500000000E+02   0.2273881E+01  -0.1700463E-14   0.1709092E+02   0.3275680E-01   0.3989864E-16   0.1545849E+00   0.1439545E+03
  0.1541666666667E+02   0.2273881E+01   0.3337174E-15   0.1708974E+02   0.3275680E-01  -0.1561251E-16   0.1485347E+00   0.1439552E+03
  0.1545833333333E+02   0.2273881E+01  -0.1005164E-14   0.1708801E+02   0.3275680E-01   0.2949030E-16   0.1430019E+00   0.1439562E+03
  0.1550000000000E+02   0.2273881E+01   0.6852158E-16   0.1708580E+02   0.3275680E-01  -0.2255141E-16   0.1381048E+00   0.1439575E+03
  0.1554166666667E+02   0.2273881E+01  -0.7782403E-15   0.1708326E+02   0.3275680E-01  -0.6938894E-17   0.1339032E+00   0.1439591E+03
  0.1558333333333E+02   0.2273881E+01  -0.1755215E-14   0.1708060E+02   0.3275680E-01   0.2168404E-16   0.1304174E+00   0.1439609E+03
  0.1562500000000E+02   0.2273881E+01  -0.4930951E-15   0.1707802E+02   0.3275680E-01  -0.7806256E-17   0.1276492E+00   0.1439630E+03
  0.1566666666667E+02   0.2273881E+01   0.3942159E-15   0.1707564E+02   0.3275680E-01  -0.1734723E-17   0.1255947E+00   0.1439653E+03
  0.1570833333333E+02   0.2273881E+01   0.5954438E-15   0.1707354E+02   0.3275680E-01  -0.2341877E-16   0.1242438E+00   0.1439675E+03
  0.1575000000000E+02   0.2273881E+01  -0.6743738E-16   0.1707171E+02   0.3275680E-01   0.2949030E-16   0.1235677E+00   0.1439697E+03
  0.1579166666667E+02   0.2273881E+01   0.1155760E-14   0.1707008E+02   0.3275680E-01   0.3209238E-16   0.1235023E+00   0.1439718E+03
  0.1583333333333E+02   0.2273881E+01   0.1029450E-14   0.1706853E+02   0.3275680E-01  -0.1908196E-16   0.1239385E+00   0.1439737E+03
  0.1587500000000E+02   0.2273881E+01   0.1658287E-15   0.1706692E+02   0.3275680E-01  -0.1734723E-17   0.1247255E+00   0.1439754E+03
  0.1591666666667E+02   0.2273881E+01  -0.5211760E-15   0.1706512E+02   0.3275680E-01   0.2775558E-16   0.1256880E+00   0.1439771E+03
  0.1595833333333E+02   0.2273881E+01  -0.3672193E-15   0.1706303E+02   0.3275680E-01   0.5204170E-17   0.1266511E+00   0.1439788E+03
  0.1600000000000E+02   0.2273881E+01  -0.6332283E-15   0.1706062E+02   0.3275680E-01   0.1734723E-16   0.1274617E+00   0.1439806E+03
  0.1604166666667E+02   0.2273881E+01  -0.2191715E-15   0.1705791E+02   0.3275680E-01   0.1214306E-16   0.1280026E+00   0.1439826E+03
  0.1608333333333E+02   0.2273881E+01  -0.2419939E-15   0.1705500E+02   0.3275680E-01  -0.2602085E-17   0.1281959E+00   0.1439847E+03
  0.1612500000000E+02   0.2273881E+01  -0.3105155E-15   0.1705204E+02   0.3275680E-01   0.6071532E-16   0.1279986E+00   0.1439868E+03
  0.1616666666667E+02   0.2273881E+01   0.3654303E-15   0.1704918E+02   0.3275680E-01  -0.3209238E-16   0.1273980E+00   0.1439888E+03
  0.1620833333333E+02   0.2273881E+01   0.9701983E-15   0.1704657E+02   0.3275680E-01  -0.3469447E-16   0.1264088E+00   0.1439906E+03
  0.1625000000000E+02   0.2273881E+01   0.1507041E-15   0.1704429E+02   0.3275680E-01  -0.3556183E-16   0.1250742E+00   0.1439921E+03
  0.1629166666667E+02   0.2273881E+01  -0.8613986E-16   0.1704240E+02   0.3275680E-01   0.1474515E-16   0.1234687E+00   0.1439934E+03
  0.1633333333333E+02   0.2273881E+01  -0.5296870E-15   0.1704086E+02   0.3275680E-01   0.3469447E-17   0.1216984E+00   0.1439944E+03
  0.1637500000000E+02   0.2273881E+01  -0.6306262E-15   0.1703960E+02   0.3275680E-01  -0.7806256E-17   0.1198959E+00   0.1439954E+03
  0.1641666666667E+02   0.2273881E+01  -0.2714029E-15   0.1703853E+02   0.3275680E-01  -0.6938894E-17   0.1182083E+00   0.1439964E+03
  0.1645833333333E+02   0.2273881E+01  -0.1414992E-14   0.1703749E+02   0.3275680E-01   0.5030698E-16   0.1167777E+00   0.1439975E+03
  0.1650000000000E+02   0.2273881E+01   0.4588073E-15   0.1703636E+02   0.3275680E-01  -0.1908196E-16   0.1157214E+00   0.1439988E+03
  0.1654166666667E+02   0.2273881E+01   0.1250898E-14   0.1703502E+02   0.3275680E-01  -0.1647987E-16   0.1151141E+00   0.1440001E+03
  0.1658333333333E+02   0.2273881E+01  -0.5254857E-15   0.1703338E+02   0.3275680E-01  -0.8673617E-18   0.1149798E+00   0.1440016E+03
  0.1662500000000E+02   0.2273881E+01  -0.1000475E-14   0.1703142E+02   0.3275680E-01   0.2081668E-16   0.1152950E+00   0.1440032E+03
  0.1666666666667E+02   0.2273881E+01  -0.6029790E-15   0.1702920E+02   0.3275680E-01  -0.1127570E-16   0.1160029E+00   0.1440048E+03
  0.1670833333333E+02   0.2273881E+01  -0.4762358E-16   0.1702679E+02   0.3275680E-01   0.1387779E-16   0.1170317E+00   0.1440063E+03
  0.1675000000000E+02   0.2273881E+01   0.9312484E-15   0.1702436E+02   0.3275680E-01  -0.3642919E-16   0.1183118E+00   0.1440078E+03
  0.1679166666667E+02   0.2273881E+01  -0.7442235E-15   0.1702206E+02   0.3275680E-01  -0.1561251E-16   0.1197840E+00   0.1440092E+03
  0.1683333333333E+02   0.2273881E+01   0.7501595E-15   0.1702004E+02   0.3275680E-01   0.1474515E-16   0.1213975E+00   0.1440103E+03
  0.1687500000000E+02   0.2273881E+01  -0.5710493E-15   0.1701839E+02   0.3275680E-01   0.5204170E-16   0.1231018E+00   0.1440113E+03
  0.1691666666667E+02   0.2273881E+01   0.9596273E-15   0.1701719E+02   0.3275680E-01  -0.5377643E-16   0.1248373E+00   0.1440120E+03
  0.1695833333333E+02   0.2273881E+01  -0.1025981E-14   0.1701640E+02   0.3275680E-01   0.3729655E-16   0.1265314E+00   0.1440125E+03
  0.1700000000000E+02   0.2273881E+01  -0.8062127E-15   0.1701598E+02   0.3275680E-01   0.2168404E-16   0.1281033E+00   0.1440129E+03
  0.1704166666667E+02   0.2273881E+01  -0.7235965E-15   0.1701581E+02   0.3275680E-01   0.1734723E-16   0.1294748E+00   0.1440131E+03
  0.1708333333333E+02   0.2273881E+01   0.1356120E-14   0.1701573E+02   0.3275680E-01  -0.1734723E-17   0.1305843E+00   0.1440131E+03
  0.1712500000000E+02   0.2273881E+01  -0.1170722E-14   0.1701562E+02   0.3275680E-01   0.3729655E-16   0.1313969E+00   0.1440132E+03
  0.1716666666667E+02   0.2273881E+01   0.2877473E-15   0.1701537E+02   0.3275680E-01   0.2168404E-16   0.1319088E+00   0.1440131E+03
  0.1720833333333E+02   0.2273881E+01   0.7224039E-15   0.1701492E+02   0.3275680E-01  -0.8673617E-17   0.1321449E+00   0.1440131E+03
  0.1725000000000E+02   0.2273881E+01  -0.1147086E-14   0.1701429E+02   0.3275680E-01   0.3816392E-16   0.1321506E+00   0.1440130E+03
  0.1729166666667E+02   0.2273881E+01  -0.1400789E-15   0.1701358E+02   0.3275680E-01  -0.1994932E-16   0.1319820E+00   0.1440129E+03
  0.1733333333333E+02   0.2273881E+01   0.6142005E-15   0.1701291E+02   0.3275680E-01  -0.0000000E+00   0.1316972E+00   0.1440127E+03
  0.1737500000000E+02   0.2273881E+01   0.6951904E-15   0.1701239E+02   0.3275680E-01   0.1301043E-16   0.1313485E+00   0.1440125E+03
  0.1741666666667E+02   0.2273881E+01   0.2773389E-15   0.1701212E+02   0.3275680E-01  -0.2602085E-16   0.1309786E+00   0.1440122E+03
  0.1745833333333E+02   0.2273881E+01  -0.6192963E-15   0.1701213E+02   0.3275680E-01   0.3729655E-16   0.1306193E+00   0.1440119E+03
  0.1750000000000E+02   0.2273881E+01  -0.1090816E-14   0.1701237E+02   0.3275680E-01   0.1474515E-16   0.1302916E+00   0.1440115E+03
  0.1754166666667E+02   0.2273881E+01  -0.8486050E-15   0.1701276E+02   0.3275680E-01   0.3122502E-16   0.1300081E+00   0.1440111E+03
  0.1758333333333E+02   0.2273881E+01   0.8682291E-15   0.1701320E+02   0.3275680E-01   0.1127570E-16   0.1297754E+00   0.1440108E+03
  0.1762500000000E+02   0.2273881E+01  -0.4167673E-15   0.1701359E+02   0.3275680E-01  -0.2688821E-16   0.1295980E+00   0.1440105E+03
  0.1766666666667E+02   0.2273881E+01  -0.2951198E-15   0.1701383E+02   0.3275680E-01   0.1301043E-16   0.1294792E+00   0.1440102E+03
  0.1770833333333E+02   0.2273881E+01  -0.2921925E-15   0.1701387E+02   0.3275680E-01   0.6852158E-16   0.1294222E+00   0.1440100E+03
  0.1775000000000E+02   0.2273881E+01  -0.3101902E-15   0.1701369E+02   0.3275680E-01  -0.9540979E-17   0.1294276E+00   0.1440098E+03
  0.1779166666667E+02   0.2273881E+01  -0.1117812E-15   0.1701331E+02   0.3275680E-01   0.3469447E-16   0.1294904E+00   0.1440098E+03
  0.1783333333333E+02   0.2273881E+01   0.7824687E-15   0.1701278E+02   0.3275680E-01  -0.8673617E-18   0.1295965E+00   0.1440098E+03
  0.1787500000000E+02   0.2273881E+01  -0.7252228E-15   0.1701216E+02   0.3275680E-01   0.2515349E-16   0.1297225E+00   0.1440098E+03
  0.1791666666667E+02   0.2273881E+01   0.1544988E-15   0.1701154E+02   0.3275680E-01   0.3989864E-16   0.1298382E+00   0.1440097E+03
  0.1795833333333E+02   0.2273881E+01  -0.3133344E-16   0.1701101E+02   0.3275680E-01   0.2081668E-16   0.1299126E+00   0.1440097E+03
  0.1800000000000E+02   0.2273881E+01  -0.9070435E-15   0.1701062E+02   0.3275680E-01   0.2081668E-16   0.1299207E+00   0.1440096E+03
  0.1804166666667E+02   0.2273881E+01   0.3298143E-15   0.1701041E+02   0.3275680E-01   0.1908196E-16   0.1298497E+00   0.1440094E+03
  0.1808333333333E+02   0.2273881E+01   0.3773024E-15   0.1701036E+02   0.3275680E-01  -0.3035766E-16   0.1297010E+00   0.1440092E+03
  0.1812500000000E+02   0.2273881E+01  -0.8239937E-17   0.1701041E+02   0.3275680E-01  -0.3035766E-16   0.1294886E+00   0.1440091E+03
  0.1816666666667E+02   0.2273881E+01   0.6826137E-15   0.1701046E+02   0.3275680E-01  -0.2775558E-16   0.1292362E+00   0.1440090E+03
  0.1820833333333E+02   0.2273881E+01  -0.2161249E-14   0.1701041E+02   0.3275680E-01   0.5984796E-16   0.1289721E+00   0.1440090E+03
  0.1825000000000E+02   0.2273881E+01  -0.2842778E-15   0.1701017E+02   0.3275680E-01   0.4423545E-16   0.1287272E+00   0.1440092E+03
  0.1829166666667E+02   0.2273881E+01  -0.1054495E-14   0.1700968E+02   0.3275680E-01   0.3556183E-16   0.1285323E+00   0.1440095E+03
  0.1833333333333E+02   0.2273881E+01  -0.8857932E-16   0.1700890E+02   0.3275680E-01  -0.2168404E-16   0.1284171E+00   0.1440098E+03
  0.1837500000000E+02   0.2273881E+01  -0.1296814E-14   0.1700788E+02   0.3275680E-01   0.4510281E-16   0.1284080E+00   0.1440103E+03
  0.1841666666667E+02   0.2273881E+01  -0.5583641E-16   0.1700667E+02   0.3275680E-01  -0.2255141E-16   0.1285249E+00   0.1440107E+03
  0.1845833333333E+02   0.2273881E+01  -0.5501242E-15   0.1700538E+02   0.3275680E-01   0.6938894E-17   0.1287771E+00   0.1440111E+03
  0.1850000000000E+02   0.2273881E+01   0.1238701E-14   0.1700412E+02   0.3275680E-01  -0.0000000E+00   0.1291601E+00   0.1440115E+03
  0.1854166666667E+02   0.2273881E+01   0.4516786E-15   0.1700300E+02   0.3275680E-01   0.1040834E-16   0.1296551E+00   0.1440118E+03
  0.1858333333333E+02   0.2273881E+01  -0.3342595E-15   0.1700209E+02   0.3275680E-01   0.4510281E-16   0.1302298E+00   0.1440120E+03
  0.1862500000000E+02   0.2273881E+01  -0.2160815E-15   0.1700141E+02   0.3275680E-01   0.1127570E-16   0.1308428E+00   0.1440123E+03
  0.1866666666667E+02   0.2273881E+01  -0.1162265E-15   0.1700094E+02   0.3275680E-01   0.3122502E-16   0.1314488E+00   0.1440127E+03
  0.1870833333333E+02   0.2273881E+01  -0.2710505E-16   0.1700062E+02   0.3275680E-01   0.3642919E-16   0.1320049E+00   0.1440131E+03
  0.1875000000000E+02   0.2273881E+01  -0.3505226E-15   0.1700038E+02   0.3275680E-01   0.3209238E-16   0.1324768E+00   0.1440135E+03
  0.1879166666667E+02   0.2273881E+01  -0.6896610E-15   0.1700012E+02   0.3275680E-01   0.1127570E-16   0.1328441E+00   0.1440140E+03
  0.1883333333333E+02   0.2273881E+01   0.3931317E-15   0.1699980E+02   0.3275680E-01   0.1301043E-16   0.1331033E+00   0.1440144E+03
  0.1887500000000E+02   0.2273881E+01  -0.1428762E-14   0.1699939E+02   0.3275680E-01   0.1734723E-17   0.1332691E+00   0.1440147E+03
  0.1891666666667E+02   0.2273881E+01  -0.5085992E-15   0.1699893E+02   0.3275680E-01   0.2428613E-16   0.1333713E+00   0.1440148E+03
  0.1895833333333E+02   0.2273881E+01   0.7502679E-15   0.1699845E+02   0.3275680E-01  -0.9540979E-17   0.1334490E+00   0.1440147E+03
  0.1900000000000E+02   0.2273881E+01  -0.4770490E-17   0.1699805E+02   0.3275680E-01  -0.2949030E-16   0.1335416E+00   0.1440144E+03
  0.1904166666667E+02   0.2273881E+01   0.2149973E-15   0.1699778E+02   0.3275680E-01  -0.1127570E-16   0.1336802E+00   0.1440139E+03
  0.1908333333333E+02   0.2273881E+01   0.9432559E-16   0.1699771E+02   0.3275680E-01   0.2949030E-16   0.1338793E+00   0.1440133E+03
  0.1912500000000E+02   0.2273881E+01   0.9609284E-15   0.1699787E+02   0.3275680E-01   0.1561251E-16   0.1341334E+00   0.1440126E+03
  0.1916666666667E+02   0.2273881E+01   0.6542076E-15   0.1699824E+02   0.3275680E-01  -0.2081668E-16   0.1344179E+00   0.1440120E+03
  0.1920833333333E+02   0.2273881E+01   0.7587247E-15   0.1699878E+02   0.3275680E-01   0.1734723E-17   0.1346948E+00   0.1440114E+03
  0.1925000000000E+02   0.2273881E+01   0.1394718E-14   0.1699941E+02   0.3275680E-01  -0.7806256E-16   0.1349224E+00   0.1440110E+03
  0.1929166666667E+02   0.2273881E+01   0.1862659E-15   0.1700005E+02   0.3275680E-01   0.3989864E-16   0.1350657E+00   0.1440107E+03
  0.1933333333333E+02   0.2273881E+01  -0.7567731E-15   0.1700059E+02   0.3275680E-01   0.5030698E-16   0.1351057E+00   0.1440105E+03
  0.1937500000000E+02   0.2273881E+01   0.3497636E-15   0.1700097E+02   0.3275680E-01  -0.8673617E-17   0.1350438E+00   0.1440104E+03
  0.1941666666667E+02   0.2273881E+01  -0.5195497E-15   0.1700112E+02   0.3275680E-01   0.3642919E-16   0.1349009E+00   0.1440104E+03
  0.1945833333333E+02   0.2273881E+01   0.4781332E-15   0.1700105E+02   0.3275680E-01   0.1994932E-16   0.1347110E+00   0.1440105E+03
  0.1950000000000E+02   0.2273881E+01  -0.2404760E-15   0.1700078E+02   0.3275680E-01   0.4163336E-16   0.1345117E+00   0.1440104E+03
  0.1954166666667E+02   0.2273881E+01   0.5759282E-15   0.1700036E+02   0.3275680E-01  -0.1734723E-17   0.1343340E+00   0.1440103E+03
  0.1958333333333E+02   0.2273881E+01   0.5538105E-15   0.1699988E+02   0.3275680E-01  -0.1821460E-16   0.1341947E+00   0.1440100E+03
  0.1962500000000E+02   0.2273881E+01  -0.1496199E-15   0.1699946E+02   0.3275680E-01   0.9540979E-17   0.1340941E+00   0.1440096E+03
  0.1966666666667E+02   0.2273881E+01   0.8933826E-15   0.1699917E+02   0.3275680E-01  -0.6158268E-16   0.1340183E+00   0.1440091E+03
  0.1970833333333E+02   0.2273881E+01  -0.1183732E-14   0.1699911E+02   0.3275680E-01   0.5724587E-16   0.1339453E+00   0.1440084E+03
  0.1975000000000E+02   0.2273881E+01   0.7756382E-15   0.1699929E+02   0.3275680E-01   0.6071532E-17   0.1338527E+00   0.1440077E+03
  0.1979166666667E+02   0.2273881E+01  -0.7062493E-15   0.1699973E+02   0.3275680E-01   0.1040834E-16   0.1337241E+00   0.1440069E+03
  0.1983333333333E+02   0.2273881E+01  -0.1019584E-14   0.1700039E+02   0.3275680E-01   0.4076600E-16   0.1335532E+00   0.1440061E+03
  0.1987500000000E+02   0.2273881E+01   0.4850721E-15   0.1700118E+02   0.3275680E-01  -0.1994932E-16   0.1333442E+00   0.1440054E+03
  0.1991666666667E+02   0.2273881E+01   0.8344020E-15   0.1700202E+02   0.3275680E-01  -0.5290907E-16   0.1331102E+00   0.1440048E+03
  0.1995833333333E+02   0.2273881E+01   0.3144186E-16   0.1700282E+02   0.3275680E-01   0.4076600E-16   0.1328696E+00   0.1440042E+03
  0.2000000000000E+02   0.2273881E+01  -0.1654493E-14   0.1700351E+02   0.3275680E-01   0.3382711E-16   0.1326414E+00   0.1440036E+03
