 # Project=San-Ti                        
 # Author=Sophon                        
 # date =  9/22/2026 13:57:33
 # code = EQdyna
 # element_size =   500.00000000000000     
 # time_step =  0.0417  s
 # num_time_steps =   480
 # Time series in 11 columns in format E15.7
 # Column #1 = Time (s)
 # Column #2 = horizontal slip (m)
 # Column #3 = horizontal slip rate (m/s)
 # Column #4 = horizontal shear stress (MPa)
 # Column #5 = down-dip slip (m)
 # Column #6 = down-dip slip rate (m/s)
 # Column #7 = down-dip shear stress (MPa)
 # Column #8 = normal stress (MPa)
 # The line below lists the names of the data fields:
 t h-slip h-slip-rate h-shear-stress v-slip v-slip-rate v-shear-stress n-stress
  0.4166666666667E-01   0.0000000E+00   0.0000000E+00   0.1518600E+02  -0.0000000E+00  -0.0000000E+00  -0.2939080E+00   0.8216024E+02
  0.8333333333333E-01   0.7474611E-03   0.1793907E-01   0.1517180E+02  -0.1446627E-04  -0.3471905E-03  -0.2926948E+00   0.8214949E+02
  0.1250000000000E+00   0.1660491E-02   0.2191272E-01   0.1515513E+02  -0.3208047E-04  -0.4227407E-03  -0.2884924E+00   0.8213977E+02
  0.1666666666667E+00   0.2113103E-02   0.1086269E-01   0.1510345E+02  -0.4069637E-04  -0.2067818E-03  -0.2809097E+00   0.8213918E+02
  0.2083333333333E+00   0.2113103E-02  -0.9074433E-15   0.1503383E+02  -0.4069637E-04   0.1451747E-15  -0.2743429E+00   0.8214289E+02
  0.2500000000000E+00   0.2113103E-02  -0.1806552E-15   0.1503211E+02  -0.4069637E-04   0.1392590E-15  -0.2754450E+00   0.8214115E+02
  0.2916666666667E+00   0.2113103E-02  -0.9292155E-15   0.1501951E+02  -0.4069637E-04   0.3588709E-16  -0.2842002E+00   0.8213640E+02
  0.3333333333333E+00   0.2113103E-02  -0.5084908E-15   0.1500460E+02  -0.4069637E-04   0.6179952E-16  -0.2974486E+00   0.8213282E+02
  0.3750000000000E+00   0.2113103E-02  -0.1140581E-15   0.1499725E+02  -0.4069637E-04   0.2515349E-16  -0.3099383E+00   0.8213248E+02
  0.4166666666667E+00   0.2113103E-02  -0.8604228E-15   0.1500223E+02  -0.4069637E-04  -0.1994932E-16  -0.3167960E+00   0.8213433E+02
  0.4583333333333E+00   0.2113103E-02  -0.8122843E-15   0.1501755E+02  -0.4069637E-04   0.2146720E-15  -0.3150335E+00   0.8213636E+02
  0.5000000000000E+00   0.2113103E-02  -0.3304648E-15   0.1503672E+02  -0.4069637E-04  -0.7806256E-16  -0.3042259E+00   0.8213800E+02
  0.5416666666667E+00   0.2113103E-02   0.5112013E-16   0.1505267E+02  -0.4069637E-04   0.3020587E-15  -0.2867467E+00   0.8214011E+02
  0.5833333333333E+00   0.2113103E-02  -0.6359930E-15   0.1506108E+02  -0.4069637E-04  -0.6516055E-16  -0.2674122E+00   0.8214310E+02
  0.6250000000000E+00   0.2113103E-02  -0.1081058E-14   0.1506152E+02  -0.4069637E-04   0.1702197E-15  -0.2521571E+00   0.8214576E+02
  0.6666666666667E+00   0.2113103E-02  -0.9703609E-16   0.1505727E+02  -0.4069637E-04  -0.4488597E-16  -0.2459880E+00   0.8214621E+02
  0.7083333333333E+00   0.2113103E-02  -0.4170926E-15   0.1505337E+02  -0.4069637E-04  -0.3751340E-15  -0.2508712E+00   0.8214359E+02
  0.7500000000000E+00   0.2113103E-02  -0.6314393E-15   0.1505377E+02  -0.4069637E-04   0.8342936E-16  -0.2647835E+00   0.8213876E+02
  0.7916666666667E+00   0.2113103E-02  -0.8808058E-15   0.1505946E+02  -0.4069637E-04  -0.1463673E-16  -0.2827471E+00   0.8213328E+02
  0.8333333333333E+00   0.2113103E-02  -0.3161534E-15   0.1506858E+02  -0.4069637E-04  -0.1732555E-15  -0.2993800E+00   0.8212795E+02
  0.8750000000000E+00   0.2113103E-02  -0.8673617E-15   0.1507802E+02  -0.4069637E-04  -0.1953732E-15  -0.3113288E+00   0.8212237E+02
  0.9166666666667E+00   0.2113103E-02  -0.6713380E-15   0.1508520E+02  -0.4069637E-04   0.1517883E-15  -0.3180569E+00   0.8211585E+02
  0.9583333333333E+00   0.2113103E-02  -0.1018283E-14   0.1508874E+02  -0.4069637E-04   0.6938894E-17  -0.3208378E+00   0.8210864E+02
  0.1000000000000E+01   0.2113103E-02  -0.8494724E-15   0.1508822E+02  -0.4069637E-04   0.3209238E-16  -0.3211818E+00   0.8210222E+02
  0.1041666666667E+01   0.2113103E-02  -0.4889210E-15   0.1508371E+02  -0.4069637E-04   0.2081668E-16  -0.3200362E+00   0.8209838E+02
  0.1083333333333E+01   0.2113103E-02  -0.6072074E-15   0.1507589E+02  -0.4069637E-04   0.2688821E-16  -0.3180027E+00   0.8209793E+02
  0.1125000000000E+01   0.2113103E-02  -0.6478108E-15   0.1506619E+02  -0.4069637E-04   0.2029626E-15  -0.3157731E+00   0.8210000E+02
  0.1166666666667E+01   0.2113103E-02  -0.1581634E-14   0.1505656E+02  -0.4069637E-04  -0.1127570E-15  -0.3140381E+00   0.8210263E+02
  0.1208333333333E+01   0.2113103E-02  -0.8782038E-15   0.1504873E+02  -0.4069637E-04  -0.5290907E-16  -0.3129959E+00   0.8210400E+02
  0.1250000000000E+01   0.2113103E-02  -0.4560154E-15   0.1504340E+02  -0.4069637E-04   0.1006140E-15  -0.3121511E+00   0.8210354E+02
  0.1291666666667E+01   0.2113103E-02  -0.9466169E-15   0.1504018E+02  -0.4069637E-04  -0.3382711E-16  -0.3107364E+00   0.8210206E+02
  0.1333333333333E+01   0.2113103E-02  -0.1328148E-15   0.1503822E+02  -0.4069637E-04   0.6938894E-16  -0.3083359E+00   0.8210095E+02
  0.1375000000000E+01   0.2113103E-02   0.3740497E-16   0.1503706E+02  -0.4069637E-04   0.2636780E-15  -0.3050775E+00   0.8210117E+02
  0.1416666666667E+01   0.2113103E-02  -0.1935572E-15   0.1503686E+02  -0.4069637E-04  -0.8673617E-16  -0.3012811E+00   0.8210272E+02
  0.1458333333333E+01   0.2113103E-02  -0.6646701E-15   0.1503813E+02  -0.4069637E-04   0.1370432E-15  -0.2970401E+00   0.8210489E+02
  0.1500000000000E+01   0.2113103E-02  -0.5596110E-15   0.1504117E+02  -0.4069637E-04   0.1431147E-15  -0.2922086E+00   0.8210695E+02
  0.1541666666667E+01   0.2113103E-02  -0.1019367E-14   0.1504589E+02  -0.4069637E-04   0.5984796E-16  -0.2867523E+00   0.8210864E+02
  0.1583333333333E+01   0.2113103E-02  -0.4629814E-15   0.1505195E+02  -0.4069637E-04   0.2576064E-15  -0.2810402E+00   0.8211020E+02
  0.1625000000000E+01   0.2113103E-02  -0.4883518E-15   0.1505904E+02  -0.4069637E-04   0.1847481E-15  -0.2757788E+00   0.8211190E+02
  0.1666666666667E+01   0.2113103E-02  -0.1067234E-14   0.1506688E+02  -0.4069637E-04   0.2255141E-16  -0.2716993E+00   0.8211369E+02
  0.1708333333333E+01   0.2113103E-02  -0.1194086E-14   0.1507505E+02  -0.4069637E-04   0.2688821E-16  -0.2693057E+00   0.8211511E+02
  0.1750000000000E+01   0.2113103E-02  -0.7965633E-15   0.1508288E+02  -0.4069637E-04   0.2949030E-15  -0.2688330E+00   0.8211565E+02
  0.1791666666667E+01   0.2113103E-02  -0.3693877E-15   0.1508952E+02  -0.4069637E-04   0.2159731E-15  -0.2703113E+00   0.8211517E+02
  0.1833333333333E+01   0.2113103E-02  -0.4694595E-15   0.1509426E+02  -0.4069637E-04  -0.1517883E-15  -0.2735805E+00   0.8211401E+02
  0.1875000000000E+01   0.2113103E-02  -0.1102525E-14   0.1509683E+02  -0.4069637E-04  -0.8673617E-17  -0.2782492E+00   0.8211273E+02
  0.1916666666667E+01   0.2113103E-02  -0.5391737E-15   0.1509747E+02  -0.4069637E-04  -0.3382711E-16  -0.2837082E+00   0.8211181E+02
  0.1958333333333E+01   0.2113103E-02  -0.7422448E-15   0.1509685E+02  -0.4069637E-04   0.2081668E-15  -0.2892608E+00   0.8211135E+02
  0.2000000000000E+01   0.2113103E-02  -0.1786765E-15   0.1509581E+02  -0.4069637E-04  -0.1370432E-15  -0.2942954E+00   0.8211113E+02
  0.2041666666667E+01   0.2113103E-02  -0.7879981E-15   0.1509513E+02  -0.4069637E-04   0.2220446E-15  -0.2983793E+00   0.8211088E+02
  0.2083333333333E+01   0.2113103E-02  -0.4740132E-15   0.1509527E+02  -0.4069637E-04   0.6071532E-16  -0.3012461E+00   0.8211046E+02
  0.2125000000000E+01   0.2113103E-02  -0.5160802E-15   0.1509626E+02  -0.4069637E-04   0.2376571E-15  -0.3027531E+00   0.8210990E+02
  0.2166666666667E+01   0.2113103E-02  -0.4977572E-15   0.1509771E+02  -0.4069637E-04  -0.1561251E-15  -0.3028901E+00   0.8210939E+02
  0.2208333333333E+01   0.2113103E-02  -0.7439524E-15   0.1509905E+02  -0.4069637E-04   0.6938894E-16  -0.3018213E+00   0.8210909E+02
  0.2250000000000E+01   0.2113103E-02  -0.8590134E-15   0.1509979E+02  -0.4069637E-04  -0.1769418E-15  -0.2998709E+00   0.8210910E+02
  0.2291666666667E+01   0.2113103E-02   0.1769418E-15   0.1509979E+02  -0.4069637E-04   0.2185752E-15  -0.2974065E+00   0.8210947E+02
  0.2333333333333E+01   0.2113103E-02  -0.1432231E-15   0.1509928E+02  -0.4069637E-04  -0.1526557E-15  -0.2946803E+00   0.8211020E+02
  0.2375000000000E+01   0.2113103E-02  -0.5274101E-15   0.1509877E+02  -0.4069637E-04   0.1474515E-15  -0.2917485E+00   0.8211128E+02
  0.2416666666667E+01   0.2113103E-02  -0.1069023E-14   0.1509886E+02  -0.4069637E-04   0.2584738E-15  -0.2885202E+00   0.8211261E+02
  0.2458333333333E+01   0.2113103E-02  -0.9534474E-15   0.1510010E+02  -0.4069637E-04  -0.0000000E+00  -0.2848795E+00   0.8211396E+02
  0.2500000000000E+01   0.2113103E-02  -0.3482457E-15   0.1510284E+02  -0.4069637E-04   0.6938894E-16  -0.2807700E+00   0.8211508E+02
  0.2541666666667E+01   0.2113103E-02  -0.9506285E-15   0.1510722E+02  -0.4069637E-04   0.3035766E-15  -0.2761898E+00   0.8211577E+02
  0.2583333333333E+01   0.2113103E-02  -0.4599186E-15   0.1511316E+02  -0.4069637E-04  -0.1023487E-15  -0.2711359E+00   0.8211599E+02
  0.2625000000000E+01   0.2113103E-02  -0.1097213E-15   0.1512043E+02  -0.4069637E-04   0.2463307E-15  -0.2655651E+00   0.8211590E+02
  0.2666666666667E+01   0.2113103E-02  -0.6617970E-15   0.1512878E+02  -0.4069637E-04  -0.1318390E-15  -0.2593939E+00   0.8211576E+02
  0.2708333333333E+01   0.2113103E-02  -0.3842412E-15   0.1513805E+02  -0.4069637E-04   0.2307182E-15  -0.2525054E+00   0.8211580E+02
  0.2750000000000E+01   0.2113103E-02  -0.6617970E-15   0.1514422E+02  -0.4069637E-04  -0.2203099E-15  -0.2446691E+00   0.8211612E+02
  0.2791666666667E+01   0.2134623E-02   0.5164849E-03   0.1514406E+02  -0.4104405E-04  -0.8344300E-05  -0.2355691E+00   0.8211644E+02
  0.2833333333333E+01   0.2219787E-02   0.2043937E-02   0.1514278E+02  -0.4236880E-04  -0.3179387E-04  -0.2249016E+00   0.8211619E+02
  0.2875000000000E+01   0.2371092E-02   0.3631314E-02   0.1514035E+02  -0.4461599E-04  -0.5393253E-04  -0.2122440E+00   0.8211548E+02
  0.2916666666667E+01   0.2556241E-02   0.4443569E-02   0.1513739E+02  -0.4721148E-04  -0.6229186E-04  -0.1971997E+00   0.8211479E+02
  0.2958333333333E+01   0.2736338E-02   0.4322335E-02   0.1513459E+02  -0.4955767E-04  -0.5630846E-04  -0.1794007E+00   0.8211444E+02
  0.3000000000000E+01   0.2893919E-02   0.3781935E-02   0.1513221E+02  -0.5142558E-04  -0.4482986E-04  -0.1584570E+00   0.8211431E+02
  0.3041666666667E+01   0.3040918E-02   0.3527980E-02   0.1512999E+02  -0.5296488E-04  -0.3694325E-04  -0.1338856E+00   0.8211405E+02
  0.3083333333333E+01   0.3204414E-02   0.3923900E-02   0.1512744E+02  -0.5441166E-04  -0.3472266E-04  -0.1050620E+00   0.8211354E+02
  0.3125000000000E+01   0.3404483E-02   0.4801664E-02   0.1512428E+02  -0.5580116E-04  -0.3334816E-04  -0.7122113E-01   0.8211316E+02
  0.3166666666667E+01   0.3641799E-02   0.5695570E-02   0.1512060E+02  -0.5691870E-04  -0.2682077E-04  -0.3148587E-01   0.8211361E+02
  0.3208333333333E+01   0.3902371E-02   0.6253749E-02   0.1511669E+02  -0.5746129E-04  -0.1302228E-04   0.1511191E-01   0.8211550E+02
  0.3250000000000E+01   0.4172859E-02   0.6491694E-02   0.1511270E+02  -0.5719089E-04   0.6489643E-05   0.6965279E-01   0.8211890E+02
  0.3291666666667E+01   0.4452278E-02   0.6706068E-02   0.1510845E+02  -0.5590307E-04   0.3090753E-04   0.1332218E+00   0.8212318E+02
  0.3333333333333E+01   0.4751978E-02   0.7192800E-02   0.1510339E+02  -0.5326041E-04   0.6342395E-04   0.2062128E+00   0.8212697E+02
  0.3375000000000E+01   0.5091030E-02   0.8137247E-02   0.1509668E+02  -0.4863119E-04   0.1111012E-03   0.2890305E+00   0.8212823E+02
  0.3416666666667E+01   0.5471831E-02   0.9139232E-02   0.1508778E+02  -0.4134064E-04   0.1749733E-03   0.3819284E+00   0.8212498E+02
  0.3458333333333E+01   0.5859537E-02   0.9304927E-02   0.1507689E+02  -0.3152636E-04   0.2355427E-03   0.4847054E+00   0.8211623E+02
  0.3500000000000E+01   0.6190663E-02   0.7947042E-02   0.1506488E+02  -0.2088099E-04   0.2554887E-03   0.5958361E+00   0.8210183E+02
  0.3541666666667E+01   0.6409176E-02   0.5244304E-02   0.1505262E+02  -0.1223853E-04   0.2074192E-03   0.7109185E+00   0.8208128E+02
  0.3583333333333E+01   0.6498966E-02   0.2154961E-02   0.1503652E+02  -0.7997845E-05   0.1017764E-03   0.8216879E+00   0.8205274E+02
  0.3625000000000E+01   0.6498966E-02  -0.1054712E-14   0.1500573E+02  -0.7997845E-05  -0.1665335E-15   0.9163101E+00   0.8201347E+02
  0.3666666666667E+01   0.6498966E-02  -0.8153200E-15   0.1496679E+02  -0.7997845E-05   0.2220446E-15   0.9824249E+00   0.8196171E+02
  0.3708333333333E+01   0.6498966E-02  -0.4371503E-15   0.1490036E+02  -0.7997845E-05  -0.1040834E-15   0.1006489E+01   0.8189979E+02
  0.3750000000000E+01   0.6498966E-02  -0.8673617E-15   0.1480363E+02  -0.7997845E-05   0.1110223E-15   0.9784887E+00   0.8183152E+02
  0.3791666666667E+01   0.6498966E-02  -0.8673617E-15   0.1472202E+02  -0.7997845E-05  -0.1665335E-15   0.9224196E+00   0.8176493E+02
  0.3833333333333E+01   0.6498966E-02  -0.4926615E-15   0.1482923E+02  -0.7997845E-05  -0.1457168E-15   0.9294946E+00   0.8171889E+02
  0.3875000000000E+01   0.6498966E-02  -0.6522560E-15   0.1496547E+02  -0.7997845E-05   0.1387779E-15   0.1014578E+01   0.8170020E+02
  0.3916666666667E+01   0.8208079E-02   0.4101871E-01   0.1492780E+02   0.1078708E-03   0.2780847E-02   0.1093284E+01   0.8167748E+02
  0.3958333333333E+01   0.1520682E-01   0.1679698E+00   0.1480471E+02   0.6204458E-03   0.1230180E-01   0.1044956E+01   0.8161191E+02
  0.4000000000000E+01   0.3111838E-01   0.3818774E+00   0.1453930E+02   0.1743526E-02   0.2695394E-01   0.7967642E+00   0.8149645E+02
  0.4041666666667E+01   0.5971211E-01   0.6862496E+00   0.1406027E+02   0.3310483E-02   0.3760697E-01   0.3999817E+00   0.8132742E+02
  0.4083333333333E+01   0.1045211E+00   0.1075417E+01   0.1329757E+02   0.4585195E-02   0.3059307E-01  -0.2314845E-01   0.8108078E+02
  0.4125000000000E+01   0.1666874E+00   0.1491991E+01   0.1223357E+02   0.4476976E-02  -0.2597263E-02  -0.3431089E+00   0.8073222E+02
  0.4166666666667E+01   0.2423925E+00   0.1816920E+01   0.1094881E+02   0.2353714E-02  -0.5095827E-01  -0.4987867E+00   0.8031115E+02
  0.4208333333333E+01   0.3234585E+00   0.1945585E+01   0.9975887E+01  -0.1339351E-02  -0.8863357E-01  -0.5193418E+00   0.7991164E+02
  0.4250000000000E+01   0.3996643E+00   0.1828940E+01   0.9937178E+01  -0.5306604E-02  -0.9521408E-01  -0.4614491E+00   0.7956572E+02
  0.4291666666667E+01   0.4612251E+00   0.1477457E+01   0.9917315E+01  -0.8165277E-02  -0.6860814E-01  -0.3240134E+00   0.7935506E+02
  0.4333333333333E+01   0.5092426E+00   0.1152421E+01   0.9904876E+01  -0.9734081E-02  -0.3765131E-01  -0.2004372E+00   0.7922420E+02
  0.4375000000000E+01   0.5507650E+00   0.9965376E+00   0.9888705E+01  -0.1057434E-01  -0.2016615E-01  -0.1407062E+00   0.7908089E+02
  0.4416666666667E+01   0.5911562E+00   0.9693880E+00   0.9865254E+01  -0.1114906E-01  -0.1379340E-01  -0.9177118E-01   0.7888067E+02
  0.4458333333333E+01   0.6310620E+00   0.9577391E+00   0.9839477E+01  -0.1152028E-01  -0.8909335E-02  -0.8763848E-02   0.7866234E+02
  0.4500000000000E+01   0.6687707E+00   0.9050110E+00   0.9816867E+01  -0.1155387E-01  -0.8060773E-03   0.9132433E-01   0.7847743E+02
  0.4541666666667E+01   0.7041415E+00   0.8488979E+00   0.9797515E+01  -0.1122482E-01   0.7897125E-02   0.1680437E+00   0.7832463E+02
  0.4583333333333E+01   0.7393523E+00   0.8450584E+00   0.9776368E+01  -0.1062090E-01   0.1449416E-01   0.2134054E+00   0.7815581E+02
  0.4625000000000E+01   0.7761808E+00   0.8838847E+00   0.9749148E+01  -0.9816982E-02   0.1929406E-01   0.2517155E+00   0.7793664E+02
  0.4666666666667E+01   0.8135164E+00   0.8960553E+00   0.9717792E+01  -0.8853005E-02   0.2313546E-01   0.3017702E+00   0.7768731E+02
  0.4708333333333E+01   0.8480824E+00   0.8295833E+00   0.9688685E+01  -0.7779615E-02   0.2576135E-01   0.3610657E+00   0.7746175E+02
  0.4750000000000E+01   0.8774388E+00   0.7045530E+00   0.9666580E+01  -0.6685599E-02   0.2625639E-01   0.4139502E+00   0.7729533E+02
  0.4791666666667E+01   0.9019262E+00   0.5876982E+00   0.9650676E+01  -0.5636978E-02   0.2516689E-01   0.4528534E+00   0.7717746E+02
  0.4833333333333E+01   0.9236914E+00   0.5223638E+00   0.9636250E+01  -0.4615659E-02   0.2451167E-01   0.4888517E+00   0.7707201E+02
  0.4875000000000E+01   0.9442228E+00   0.4927540E+00   0.9619936E+01  -0.3574090E-02   0.2499765E-01   0.5333861E+00   0.7695593E+02
  0.4916666666667E+01   0.9631668E+00   0.4546565E+00   0.9602482E+01  -0.2523721E-02   0.2520884E-01   0.5822339E+00   0.7683431E+02
  0.4958333333333E+01   0.9794311E+00   0.3903443E+00   0.9586918E+01  -0.1537554E-02   0.2366801E-01   0.6183628E+00   0.7672367E+02
  0.5000000000000E+01   0.9930120E+00   0.3259399E+00   0.9574935E+01  -0.6615814E-03   0.2102335E-01   0.6279958E+00   0.7662923E+02
  0.5041666666667E+01   0.1005430E+01   0.2980434E+00   0.9565154E+01   0.1529150E-03   0.1954791E-01   0.6163137E+00   0.7654157E+02
  0.5083333333333E+01   0.1018430E+01   0.3119859E+00   0.9555282E+01   0.9905091E-03   0.2010226E-01   0.5999486E+00   0.7645082E+02
  0.5125000000000E+01   0.1032467E+01   0.3368975E+00   0.9544666E+01   0.1871877E-02   0.2115282E-01   0.5898813E+00   0.7635731E+02
  0.5166666666667E+01   0.1046550E+01   0.3379968E+00   0.9534056E+01   0.2742249E-02   0.2088894E-01   0.5862785E+00   0.7626721E+02
  0.5208333333333E+01   0.1059385E+01   0.3080326E+00   0.9524242E+01   0.3531494E-02   0.1894187E-01   0.5807395E+00   0.7618276E+02
  0.5250000000000E+01   0.1070496E+01   0.2666630E+00   0.9515481E+01   0.4208984E-02   0.1625974E-01   0.5633321E+00   0.7610118E+02
  0.5291666666667E+01   0.1080272E+01   0.2346270E+00   0.9507831E+01   0.4787746E-02   0.1389031E-01   0.5319890E+00   0.7602252E+02
  0.5333333333333E+01   0.1089187E+01   0.2139598E+00   0.9501632E+01   0.5286564E-02   0.1197163E-01   0.4947788E+00   0.7595422E+02
  0.5375000000000E+01   0.1097230E+01   0.1930231E+00   0.9497252E+01   0.5705368E-02   0.1005130E-01   0.4639546E+00   0.7590482E+02
  0.5416666666667E+01   0.1104123E+01   0.1654417E+00   0.9494257E+01   0.6042121E-02   0.8082067E-02   0.4480804E+00   0.7587354E+02
  0.5458333333333E+01   0.1109932E+01   0.1394070E+00   0.9491374E+01   0.6316259E-02   0.6579296E-02   0.4458231E+00   0.7584866E+02
  0.5500000000000E+01   0.1115283E+01   0.1284270E+00   0.9487564E+01   0.6567608E-02   0.6032396E-02   0.4470551E+00   0.7581742E+02
  0.5541666666667E+01   0.1120961E+01   0.1362651E+00   0.9482936E+01   0.6835143E-02   0.6420828E-02   0.4420930E+00   0.7577697E+02
  0.5583333333333E+01   0.1127346E+01   0.1532410E+00   0.9478469E+01   0.7132813E-02   0.7144072E-02   0.4288547E+00   0.7573472E+02
  0.5625000000000E+01   0.1134276E+01   0.1663367E+00   0.9474858E+01   0.7446393E-02   0.7525929E-02   0.4124191E+00   0.7569858E+02
  0.5666666666667E+01   0.1141383E+01   0.1705471E+00   0.9471709E+01   0.7755707E-02   0.7423528E-02   0.4000610E+00   0.7566795E+02
  0.5708333333333E+01   0.1148453E+01   0.1697015E+00   0.9467927E+01   0.8054363E-02   0.7167760E-02   0.3957945E+00   0.7563497E+02
  0.5750000000000E+01   0.1155459E+01   0.1681401E+00   0.9462855E+01   0.8347233E-02   0.7028881E-02   0.3985718E+00   0.7559371E+02
  0.5791666666667E+01   0.1162298E+01   0.1641375E+00   0.9456930E+01   0.8635292E-02   0.6913406E-02   0.4050724E+00   0.7554668E+02
  0.5833333333333E+01   0.1168644E+01   0.1522892E+00   0.9451220E+01   0.8907086E-02   0.6523064E-02   0.4130529E+00   0.7550201E+02
  0.5875000000000E+01   0.1174110E+01   0.1311844E+00   0.9446401E+01   0.9145971E-02   0.5733238E-02   0.4220410E+00   0.7546520E+02
  0.5916666666667E+01   0.1178578E+01   0.1072365E+00   0.9442252E+01   0.9345598E-02   0.4791053E-02   0.4318887E+00   0.7543437E+02
  0.5958333333333E+01   0.1182348E+01   0.9047188E-01   0.9438088E+01   0.9518023E-02   0.4138185E-02   0.4413806E+00   0.7540336E+02
  0.6000000000000E+01   0.1185961E+01   0.8672538E-01   0.9433547E+01   0.9687014E-02   0.4055789E-02   0.4484606E+00   0.7536834E+02
  0.6041666666667E+01   0.1189866E+01   0.9372000E-01   0.9428901E+01   0.9872653E-02   0.4455347E-02   0.4514961E+00   0.7533087E+02
  0.6083333333333E+01   0.1194193E+01   0.1038511E+00   0.9424676E+01   0.1007985E-01   0.4972833E-02   0.4500234E+00   0.7529511E+02
  0.6125000000000E+01   0.1198781E+01   0.1101073E+00   0.9421105E+01   0.1029892E-01   0.5257566E-02   0.4445688E+00   0.7526324E+02
  0.6166666666667E+01   0.1203356E+01   0.1098060E+00   0.9417970E+01   0.1051482E-01   0.5181593E-02   0.4361191E+00   0.7523385E+02
  0.6208333333333E+01   0.1207696E+01   0.1041489E+00   0.9414901E+01   0.1071577E-01   0.4822837E-02   0.4257847E+00   0.7520437E+02
  0.6250000000000E+01   0.1211679E+01   0.9559856E-01   0.9411746E+01   0.1089591E-01   0.4323402E-02   0.4146843E+00   0.7517398E+02
  0.6291666666667E+01   0.1215262E+01   0.8599777E-01   0.9408633E+01   0.1105379E-01   0.3789087E-02   0.4037014E+00   0.7514408E+02
  0.6333333333333E+01   0.1218449E+01   0.7647953E-01   0.9405773E+01   0.1119052E-01   0.3281549E-02   0.3930308E+00   0.7511651E+02
  0.6375000000000E+01   0.1221293E+01   0.6824953E-01   0.9403277E+01   0.1130935E-01   0.2851884E-02   0.3820206E+00   0.7509195E+02
  0.6416666666667E+01   0.1223917E+01   0.6298905E-01   0.9401127E+01   0.1141598E-01   0.2559013E-02   0.3698227E+00   0.7506998E+02
  0.6458333333333E+01   0.1226520E+01   0.6245891E-01   0.9399226E+01   0.1151835E-01   0.2457016E-02   0.3565356E+00   0.7504988E+02
  0.6500000000000E+01   0.1229339E+01   0.6765024E-01   0.9397410E+01   0.1162528E-01   0.2566139E-02   0.3437740E+00   0.7503080E+02
  0.6541666666667E+01   0.1232591E+01   0.7804977E-01   0.9395423E+01   0.1174424E-01   0.2855200E-02   0.3340098E+00   0.7501132E+02
  0.6583333333333E+01   0.1236404E+01   0.9151711E-01   0.9392982E+01   0.1187980E-01   0.3253458E-02   0.3292593E+00   0.7498960E+02
  0.6625000000000E+01   0.1240781E+01   0.1050405E+00   0.9389946E+01   0.1203322E-01   0.3682065E-02   0.3303172E+00   0.7496462E+02
  0.6666666666667E+01   0.1245619E+01   0.1161290E+00   0.9386436E+01   0.1220344E-01   0.4085156E-02   0.3370970E+00   0.7493739E+02
  0.6708333333333E+01   0.1250787E+01   0.1240190E+00   0.9382768E+01   0.1238902E-01   0.4453921E-02   0.3495069E+00   0.7491063E+02
  0.6750000000000E+01   0.1256197E+01   0.1298508E+00   0.9379194E+01   0.1259056E-01   0.4836927E-02   0.3678027E+00   0.7488669E+02
  0.6791666666667E+01   0.1261853E+01   0.1357509E+00   0.9375691E+01   0.1281237E-01   0.5323437E-02   0.3919529E+00   0.7486567E+02
  0.6833333333333E+01   0.1267840E+01   0.1436765E+00   0.9371982E+01   0.1306263E-01   0.6006428E-02   0.4206742E+00   0.7484515E+02
  0.6875000000000E+01   0.1274296E+01   0.1549358E+00   0.9367740E+01   0.1335240E-01   0.6954505E-02   0.4512210E+00   0.7482168E+02
  0.6916666666667E+01   0.1281396E+01   0.1704104E+00   0.9362765E+01   0.1369441E-01   0.8208249E-02   0.4802728E+00   0.7479230E+02
  0.6958333333333E+01   0.1289341E+01   0.1906855E+00   0.9356968E+01   0.1410197E-01   0.9781413E-02   0.5051999E+00   0.7475497E+02
  0.7000000000000E+01   0.1298321E+01   0.2155246E+00   0.9350246E+01   0.1458683E-01   0.1163657E-01   0.5246929E+00   0.7470797E+02
  0.7041666666667E+01   0.1308452E+01   0.2431423E+00   0.9342441E+01   0.1515533E-01   0.1364403E-01   0.5384474E+00   0.7464954E+02
  0.7083333333333E+01   0.1319714E+01   0.2702902E+00   0.9333450E+01   0.1580442E-01   0.1557806E-01   0.5465095E+00   0.7457864E+02
  0.7125000000000E+01   0.1331944E+01   0.2935026E+00   0.9323370E+01   0.1652049E-01   0.1718571E-01   0.5490106E+00   0.7449600E+02
  0.7166666666667E+01   0.1344886E+01   0.3106192E+00   0.9312520E+01   0.1728261E-01   0.1829095E-01   0.5463789E+00   0.7440446E+02
  0.7208333333333E+01   0.1358274E+01   0.3213043E+00   0.9301321E+01   0.1806809E-01   0.1885138E-01   0.5395487E+00   0.7430797E+02
  0.7250000000000E+01   0.1371866E+01   0.3262163E+00   0.9290140E+01   0.1885655E-01   0.1892308E-01   0.5297611E+00   0.7421027E+02
  0.7291666666667E+01   0.1385440E+01   0.3257768E+00   0.9279232E+01   0.1963059E-01   0.1857710E-01   0.5180927E+00   0.7411404E+02
  0.7333333333333E+01   0.1398763E+01   0.3197480E+00   0.9268769E+01   0.2037445E-01   0.1785268E-01   0.5052094E+00   0.7402106E+02
  0.7375000000000E+01   0.1411590E+01   0.3078340E+00   0.9258889E+01   0.2107358E-01   0.1677900E-01   0.4915888E+00   0.7393275E+02
  0.7416666666667E+01   0.1423690E+01   0.2904156E+00   0.9249715E+01   0.2171605E-01   0.1541924E-01   0.4779440E+00   0.7385046E+02
  0.7458333333333E+01   0.1434879E+01   0.2685235E+00   0.9241328E+01   0.2229417E-01   0.1387493E-01   0.4653853E+00   0.7377532E+02
  0.7500000000000E+01   0.1445010E+01   0.2431566E+00   0.9233769E+01   0.2280438E-01   0.1224516E-01   0.4551553E+00   0.7370817E+02
  0.7541666666667E+01   0.1453962E+01   0.2148538E+00   0.9227056E+01   0.2324566E-01   0.1059067E-01   0.4482049E+00   0.7364946E+02
  0.7583333333333E+01   0.1461634E+01   0.1841057E+00   0.9221196E+01   0.2361829E-01   0.8942949E-02   0.4449869E+00   0.7359939E+02
  0.7625000000000E+01   0.1467973E+01   0.1521590E+00   0.9216174E+01   0.2392423E-01   0.7342733E-02   0.4455542E+00   0.7355782E+02
  0.7666666666667E+01   0.1473024E+01   0.1212176E+00   0.9211930E+01   0.2416841E-01   0.5860242E-02   0.4497481E+00   0.7352418E+02
  0.7708333333333E+01   0.1476926E+01   0.9363276E-01   0.9208357E+01   0.2435888E-01   0.4571372E-02   0.4572573E+00   0.7349752E+02
  0.7750000000000E+01   0.1479873E+01   0.7073580E-01   0.9205343E+01   0.2450524E-01   0.3512512E-02   0.4675523E+00   0.7347674E+02
  0.7791666666667E+01   0.1482053E+01   0.5233438E-01   0.9202807E+01   0.2461599E-01   0.2658136E-02   0.4798740E+00   0.7346091E+02
  0.7833333333333E+01   0.1483604E+01   0.3721277E-01   0.9200710E+01   0.2469685E-01   0.1940434E-02   0.4934427E+00   0.7344943E+02
  0.7875000000000E+01   0.1484609E+01   0.2410886E-01   0.9199025E+01   0.2475072E-01   0.1292981E-02   0.5103565E+00   0.7344309E+02
  0.7916666666667E+01   0.1485171E+01   0.1350059E-01   0.9197705E+01   0.2478193E-01   0.7490046E-03   0.5293987E+00   0.7344107E+02
  0.7958333333333E+01   0.1485429E+01   0.6191823E-02   0.9196580E+01   0.2479678E-01   0.3563871E-03   0.5492039E+00   0.7344137E+02
  0.8000000000000E+01   0.1485492E+01   0.1513527E-02   0.9179225E+01   0.2480054E-01   0.9038520E-04   0.5673769E+00   0.7344327E+02
  0.8041666666667E+01   0.1485492E+01  -0.4510281E-16   0.9147731E+01   0.2480054E-01   0.6938894E-16   0.5822329E+00   0.7344571E+02
  0.8083333333333E+01   0.1485492E+01  -0.2532696E-15   0.9111834E+01   0.2480054E-01   0.1058181E-15   0.5916158E+00   0.7344943E+02
  0.8125000000000E+01   0.1485492E+01  -0.6938894E-17   0.9074301E+01   0.2480054E-01  -0.1214306E-15   0.5936402E+00   0.7345475E+02
  0.8166666666667E+01   0.1485492E+01  -0.2185752E-15   0.9040990E+01   0.2480054E-01   0.7806256E-16   0.5893356E+00   0.7346080E+02
  0.8208333333333E+01   0.1485492E+01  -0.4024558E-15   0.9012373E+01   0.2480054E-01  -0.2376571E-15   0.5792786E+00   0.7346647E+02
  0.8250000000000E+01   0.1485492E+01  -0.4857226E-16   0.8989325E+01   0.2480054E-01  -0.1994932E-15   0.5649783E+00   0.7347166E+02
  0.8291666666667E+01   0.1485492E+01  -0.5117434E-15   0.8973776E+01   0.2480054E-01   0.3469447E-17   0.5482907E+00   0.7347677E+02
  0.8333333333333E+01   0.1485492E+01  -0.1023487E-15   0.8967546E+01   0.2480054E-01   0.1769418E-15   0.5308556E+00   0.7348175E+02
  0.8375000000000E+01   0.1485492E+01  -0.1752071E-15   0.8970385E+01   0.2480054E-01   0.9887924E-16   0.5138845E+00   0.7348578E+02
  0.8416666666667E+01   0.1485492E+01  -0.1179612E-15   0.8979237E+01   0.2480054E-01  -0.1578598E-15   0.4982555E+00   0.7348789E+02
  0.8458333333333E+01   0.1485492E+01  -0.5134781E-15   0.8989369E+01   0.2480054E-01  -0.0000000E+00   0.4846401E+00   0.7348786E+02
  0.8500000000000E+01   0.1485492E+01  -0.5655199E-15   0.8996392E+01   0.2480054E-01   0.1491862E-15   0.4734853E+00   0.7348641E+02
  0.8541666666667E+01   0.1485492E+01  -0.4302114E-15   0.8997710E+01   0.2480054E-01  -0.4943962E-16   0.4648776E+00   0.7348463E+02
  0.8583333333333E+01   0.1485492E+01  -0.5863365E-15   0.8992698E+01   0.2480054E-01   0.8847090E-16   0.4584527E+00   0.7348325E+02
  0.8625000000000E+01   0.1485492E+01  -0.4996004E-15   0.8982022E+01   0.2480054E-01  -0.1734723E-16   0.4534548E+00   0.7348242E+02
  0.8666666666667E+01   0.1485492E+01  -0.1734723E-16   0.8966944E+01   0.2480054E-01   0.3018419E-15   0.4488964E+00   0.7348191E+02
  0.8708333333333E+01   0.1485492E+01  -0.4961309E-15   0.8949052E+01   0.2480054E-01  -0.7112366E-16   0.4437192E+00   0.7348143E+02
  0.8750000000000E+01   0.1485492E+01  -0.1249001E-15   0.8930278E+01   0.2480054E-01   0.2862294E-16   0.4369359E+00   0.7348077E+02
  0.8791666666667E+01   0.1485492E+01   0.5551115E-16   0.8912801E+01   0.2480054E-01   0.1110223E-15   0.4277972E+00   0.7347979E+02
  0.8833333333333E+01   0.1485492E+01  -0.2359224E-15   0.8898676E+01   0.2480054E-01  -0.3469447E-17   0.4159899E+00   0.7347837E+02
  0.8875000000000E+01   0.1485492E+01  -0.6401130E-15   0.8889351E+01   0.2480054E-01  -0.2159731E-15   0.4017700E+00   0.7347652E+02
  0.8916666666667E+01   0.1485492E+01  -0.4718448E-15   0.8885373E+01   0.2480054E-01  -0.7199102E-16   0.3859224E+00   0.7347444E+02
  0.8958333333333E+01   0.1485492E+01  -0.2255141E-15   0.8886413E+01   0.2480054E-01  -0.9627715E-16   0.3695468E+00   0.7347242E+02
  0.9000000000000E+01   0.1485492E+01  -0.1526557E-15   0.8891497E+01   0.2480054E-01  -0.8326673E-16   0.3537667E+00   0.7347076E+02
  0.9041666666667E+01   0.1485492E+01  -0.5290907E-15   0.8899257E+01   0.2480054E-01  -0.1379105E-15   0.3395313E+00   0.7346967E+02
  0.9083333333333E+01   0.1485492E+01  -0.1214306E-15   0.8908106E+01   0.2480054E-01  -0.1084202E-15   0.3275385E+00   0.7346921E+02
  0.9125000000000E+01   0.1485492E+01  -0.4614364E-15   0.8916429E+01   0.2480054E-01  -0.4163336E-16   0.3181961E+00   0.7346943E+02
  0.9166666666667E+01   0.1485492E+01  -0.4319461E-15   0.8922875E+01   0.2480054E-01   0.1222980E-15   0.3115658E+00   0.7347038E+02
  0.9208333333333E+01   0.1485492E+01   0.3122502E-16   0.8926663E+01   0.2480054E-01   0.1908196E-15   0.3073444E+00   0.7347209E+02
  0.9250000000000E+01   0.1485492E+01  -0.3018419E-15   0.8927720E+01   0.2480054E-01   0.1101549E-15   0.3049957E+00   0.7347453E+02
  0.9291666666667E+01   0.1485492E+01  -0.1422473E-15   0.8926580E+01   0.2480054E-01  -0.8760354E-16   0.3039565E+00   0.7347762E+02
  0.9333333333333E+01   0.1485492E+01  -0.3105155E-15   0.8924100E+01   0.2480054E-01  -0.6938894E-17   0.3038092E+00   0.7348118E+02
  0.9375000000000E+01   0.1485492E+01  -0.3105155E-15   0.8921176E+01   0.2480054E-01  -0.2003606E-15   0.3043300E+00   0.7348506E+02
  0.9416666666667E+01   0.1485492E+01  -0.5533768E-15   0.8918555E+01   0.2480054E-01  -0.1405126E-15   0.3054171E+00   0.7348916E+02
  0.9458333333333E+01   0.1485492E+01  -0.4683753E-16   0.8916756E+01   0.2480054E-01   0.1500536E-15   0.3069982E+00   0.7349350E+02
  0.9500000000000E+01   0.1485492E+01  -0.4544976E-15   0.8916049E+01   0.2480054E-01   0.2168404E-16   0.3089999E+00   0.7349808E+02
  0.9541666666667E+01   0.1485492E+01  -0.1613293E-15   0.8916477E+01   0.2480054E-01   0.5117434E-16   0.3113630E+00   0.7350292E+02
  0.9583333333333E+01   0.1485492E+01  -0.2081668E-16   0.8917918E+01   0.2480054E-01  -0.5637851E-16   0.3140390E+00   0.7350793E+02
  0.9625000000000E+01   0.1485492E+01  -0.2515349E-15   0.8920205E+01   0.2480054E-01   0.3122502E-16   0.3169315E+00   0.7351299E+02
  0.9666666666667E+01   0.1485492E+01  -0.5204170E-16   0.8923226E+01   0.2480054E-01  -0.1075529E-15   0.3198576E+00   0.7351791E+02
  0.9708333333333E+01   0.1485492E+01  -0.2532696E-15   0.8926970E+01   0.2480054E-01   0.1344411E-15   0.3225639E+00   0.7352253E+02
  0.9750000000000E+01   0.1485492E+01  -0.2688821E-15   0.8931495E+01   0.2480054E-01  -0.1595946E-15   0.3247949E+00   0.7352673E+02
  0.9791666666667E+01   0.1485492E+01  -0.4943962E-15   0.8936858E+01   0.2480054E-01  -0.1314053E-15   0.3263669E+00   0.7353046E+02
  0.9833333333333E+01   0.1485492E+01  -0.4198031E-15   0.8943036E+01   0.2480054E-01  -0.1955901E-15   0.3271945E+00   0.7353378E+02
  0.9875000000000E+01   0.1485492E+01  -0.4735795E-15   0.8949889E+01   0.2480054E-01  -0.2081668E-16   0.3272630E+00   0.7353678E+02
  0.9916666666667E+01   0.1485492E+01  -0.3139849E-15   0.8957154E+01   0.2480054E-01  -0.3209238E-16   0.3265846E+00   0.7353951E+02
  0.9958333333333E+01   0.1485492E+01  -0.3694961E-15   0.8964466E+01   0.2480054E-01  -0.3642919E-16   0.3251840E+00   0.7354202E+02
  0.1000000000000E+02   0.1485492E+01  -0.1387779E-15   0.8971408E+01   0.2480054E-01   0.4640385E-16   0.3231222E+00   0.7354428E+02
  0.1004166666667E+02   0.1485492E+01  -0.2480655E-15   0.8977549E+01   0.2480054E-01   0.1376937E-15   0.3205293E+00   0.7354624E+02
  0.1008333333333E+02   0.1485492E+01  -0.3729655E-15   0.8982475E+01   0.2480054E-01  -0.7372575E-16   0.3176103E+00   0.7354787E+02
  0.1012500000000E+02   0.1485492E+01  -0.5846018E-15   0.8985802E+01   0.2480054E-01  -0.1199128E-15   0.3146148E+00   0.7354910E+02
  0.1016666666667E+02   0.1485492E+01  -0.1110223E-15   0.8987175E+01   0.2480054E-01   0.6201636E-16   0.3117914E+00   0.7354989E+02
  0.1020833333333E+02   0.1485492E+01  -0.3295975E-15   0.8986290E+01   0.2480054E-01   0.7025630E-16   0.3093580E+00   0.7355023E+02
  0.1025000000000E+02   0.1485492E+01  -0.3955170E-15   0.8982951E+01   0.2480054E-01   0.6049848E-16   0.3075003E+00   0.7355019E+02
  0.1029166666667E+02   0.1485492E+01  -0.4891920E-15   0.8977156E+01   0.2480054E-01  -0.1613293E-15   0.3063869E+00   0.7354992E+02
  0.1033333333333E+02   0.1485492E+01  -0.6262352E-15   0.8969161E+01   0.2480054E-01  -0.2428613E-15   0.3061757E+00   0.7354958E+02
  0.1037500000000E+02   0.1485492E+01  -0.4319461E-15   0.8959478E+01   0.2480054E-01   0.2801578E-15   0.3069985E+00   0.7354929E+02
  0.1041666666667E+02   0.1485492E+01  -0.5152129E-15   0.8948791E+01   0.2480054E-01  -0.6071532E-16   0.3089301E+00   0.7354908E+02
  0.1045833333333E+02   0.1485492E+01  -0.5100087E-15   0.8937832E+01   0.2480054E-01  -0.1084202E-15   0.3119596E+00   0.7354895E+02
  0.1050000000000E+02   0.1485492E+01  -0.5603157E-15   0.8927271E+01   0.2480054E-01  -0.1439820E-15   0.3159778E+00   0.7354886E+02
  0.1054166666667E+02   0.1485492E+01  -0.3243933E-15   0.8917661E+01   0.2480054E-01   0.1118897E-15   0.3207827E+00   0.7354888E+02
  0.1058333333333E+02   0.1485492E+01  -0.5360296E-15   0.8909433E+01   0.2480054E-01   0.5377643E-16   0.3260964E+00   0.7354910E+02
  0.1062500000000E+02   0.1485492E+01  -0.3417405E-15   0.8902901E+01   0.2480054E-01  -0.2515349E-16   0.3315872E+00   0.7354963E+02
  0.1066666666667E+02   0.1485492E+01  -0.5308254E-15   0.8898245E+01   0.2480054E-01  -0.1726050E-15   0.3368937E+00   0.7355051E+02
  0.1070833333333E+02   0.1485492E+01  -0.6349088E-15   0.8895488E+01   0.2480054E-01  -0.1405126E-15   0.3416529E+00   0.7355163E+02
  0.1075000000000E+02   0.1485492E+01  -0.6123574E-15   0.8894480E+01   0.2480054E-01  -0.1665335E-15   0.3455273E+00   0.7355277E+02
  0.1079166666667E+02   0.1485492E+01  -0.4406198E-15   0.8894914E+01   0.2480054E-01  -0.1387779E-16   0.3482318E+00   0.7355364E+02
  0.1083333333333E+02   0.1485492E+01  -0.4822531E-15   0.8896369E+01   0.2480054E-01   0.3191891E-15   0.3495561E+00   0.7355399E+02
  0.1087500000000E+02   0.1485492E+01  -0.4857226E-15   0.8898369E+01   0.2480054E-01  -0.6331741E-16   0.3493847E+00   0.7355367E+02
  0.1091666666667E+02   0.1485492E+01  -0.4770490E-15   0.8900440E+01   0.2480054E-01  -0.1179612E-15   0.3477129E+00   0.7355266E+02
  0.1095833333333E+02   0.1485492E+01  -0.7129713E-15   0.8902150E+01   0.2480054E-01  -0.3321995E-15   0.3446541E+00   0.7355104E+02
  0.1100000000000E+02   0.1485492E+01  -0.3833739E-15   0.8903148E+01   0.2480054E-01  -0.1908196E-16   0.3404338E+00   0.7354900E+02
  0.1104166666667E+02   0.1485492E+01  -0.1630640E-15   0.8903202E+01   0.2480054E-01  -0.3382711E-16   0.3353705E+00   0.7354676E+02
  0.1108333333333E+02   0.1485492E+01  -0.4007211E-15   0.8902234E+01   0.2480054E-01  -0.1092876E-15   0.3298429E+00   0.7354460E+02
  0.1112500000000E+02   0.1485492E+01  -0.3998538E-15   0.8900343E+01   0.2480054E-01   0.1639314E-15   0.3242493E+00   0.7354281E+02
  0.1116666666667E+02   0.1485492E+01  -0.4388850E-15   0.8897794E+01   0.2480054E-01  -0.1118897E-15   0.3189620E+00   0.7354165E+02
  0.1120833333333E+02   0.1485492E+01  -0.3538836E-15   0.8894963E+01   0.2480054E-01  -0.1543904E-15   0.3142833E+00   0.7354132E+02
  0.1125000000000E+02   0.1485492E+01  -0.2905662E-15   0.8892244E+01   0.2480054E-01  -0.2341877E-16   0.3104116E+00   0.7354188E+02
  0.1129166666667E+02   0.1485492E+01  -0.1864828E-15   0.8889932E+01   0.2480054E-01   0.2003606E-15   0.3074275E+00   0.7354322E+02
  0.1133333333333E+02   0.1485492E+01   0.1275022E-15   0.8888154E+01   0.2480054E-01   0.2020953E-15   0.3053021E+00   0.7354511E+02
  0.1137500000000E+02   0.1485492E+01  -0.1986258E-15   0.8886852E+01   0.2480054E-01   0.8456777E-16   0.3039240E+00   0.7354724E+02
  0.1141666666667E+02   0.1485492E+01  -0.7971054E-15   0.8885850E+01   0.2480054E-01  -0.4380177E-16   0.3031338E+00   0.7354933E+02
  0.1145833333333E+02   0.1485492E+01   0.5551115E-16   0.8884957E+01   0.2480054E-01  -0.2862294E-16   0.3027542E+00   0.7355120E+02
  0.1150000000000E+02   0.1485492E+01  -0.1439820E-15   0.8884054E+01   0.2480054E-01  -0.2818926E-16   0.3026130E+00   0.7355278E+02
  0.1154166666667E+02   0.1485492E+01  -0.6947568E-15   0.8883138E+01   0.2480054E-01  -0.3432584E-15   0.3025593E+00   0.7355415E+02
  0.1158333333333E+02   0.1485492E+01  -0.6804453E-15   0.8882292E+01   0.2480054E-01  -0.2711590E-15   0.3024786E+00   0.7355545E+02
  0.1162500000000E+02   0.1485492E+01  -0.2881809E-15   0.8881619E+01   0.2480054E-01   0.7752046E-16   0.3023071E+00   0.7355682E+02
  0.1166666666667E+02   0.1485492E+01  -0.4319461E-15   0.8881174E+01   0.2480054E-01  -0.1531978E-15   0.3020397E+00   0.7355839E+02
  0.1170833333333E+02   0.1485492E+01  -0.5460042E-15   0.8880918E+01   0.2480054E-01  -0.9757820E-17   0.3017252E+00   0.7356019E+02
  0.1175000000000E+02   0.1485492E+01  -0.6383782E-15   0.8880718E+01   0.2480054E-01  -0.2417771E-15   0.3014450E+00   0.7356222E+02
  0.1179166666667E+02   0.1485492E+01  -0.4145989E-15   0.8880378E+01   0.2480054E-01  -0.3707971E-16   0.3012826E+00   0.7356444E+02
  0.1183333333333E+02   0.1485492E+01  -0.2367898E-15   0.8879685E+01   0.2480054E-01   0.1962406E-15   0.3012940E+00   0.7356678E+02
  0.1187500000000E+02   0.1485492E+01  -0.8465451E-15   0.8878455E+01   0.2480054E-01   0.1598114E-15   0.3014930E+00   0.7356920E+02
  0.1191666666667E+02   0.1485492E+01  -0.1491862E-15   0.8876573E+01   0.2480054E-01   0.1110223E-15   0.3018537E+00   0.7357165E+02
  0.1195833333333E+02   0.1485492E+01  -0.1708703E-15   0.8874013E+01   0.2480054E-01   0.5789640E-16   0.3023284E+00   0.7357407E+02
  0.1200000000000E+02   0.1485492E+01  -0.2428613E-15   0.8870842E+01   0.2480054E-01   0.1433315E-15   0.3028680E+00   0.7357642E+02
  0.1204166666667E+02   0.1485492E+01   0.4510281E-16   0.8867195E+01   0.2480054E-01   0.1400789E-15   0.3034378E+00   0.7357870E+02
  0.1208333333333E+02   0.1485492E+01  -0.1092876E-15   0.8863240E+01   0.2480054E-01   0.2307182E-15   0.3040226E+00   0.7358094E+02
  0.1212500000000E+02   0.1485492E+01  -0.3053113E-15   0.8859106E+01   0.2480054E-01  -0.1214306E-15   0.3046237E+00   0.7358323E+02
  0.1216666666667E+02   0.1485492E+01  -0.2619432E-15   0.8854827E+01   0.2480054E-01   0.4943962E-16   0.3052514E+00   0.7358566E+02
  0.1220833333333E+02   0.1485492E+01  -0.3564857E-15   0.8850300E+01   0.2480054E-01  -0.3556183E-16   0.3059167E+00   0.7358832E+02
  0.1225000000000E+02   0.1485492E+01  -0.3417405E-15   0.8845281E+01   0.2480054E-01  -0.8760354E-16   0.3066234E+00   0.7359117E+02
  0.1229166666667E+02   0.1485492E+01  -0.7207776E-15   0.8839427E+01   0.2480054E-01  -0.1474515E-15   0.3073623E+00   0.7359409E+02
  0.1233333333333E+02   0.1485492E+01  -0.4822531E-15   0.8832375E+01   0.2480054E-01   0.4597017E-16   0.3081082E+00   0.7359689E+02
  0.1237500000000E+02   0.1485492E+01  -0.2255141E-15   0.8823827E+01   0.2480054E-01   0.3339343E-15   0.3088237E+00   0.7359933E+02
  0.1241666666667E+02   0.1485492E+01   0.7719519E-16   0.8813623E+01   0.2480054E-01   0.2740863E-15   0.3094709E+00   0.7360124E+02
  0.1245833333333E+02   0.1485492E+01  -0.5377643E-16   0.8801774E+01   0.2480054E-01  -0.1318390E-15   0.3100291E+00   0.7360259E+02
  0.1250000000000E+02   0.1485492E+01  -0.2524023E-15   0.8788466E+01   0.2480054E-01   0.2081668E-16   0.3105099E+00   0.7360347E+02
  0.1254166666667E+02   0.1485492E+01   0.1448494E-15   0.8774012E+01   0.2480054E-01  -0.0000000E+00   0.3109631E+00   0.7360405E+02
  0.1258333333333E+02   0.1485492E+01  -0.2272488E-15   0.8758803E+01   0.2480054E-01   0.4510281E-16   0.3114660E+00   0.7360458E+02
  0.1262500000000E+02   0.1485492E+01  -0.2957704E-15   0.8743247E+01   0.2480054E-01  -0.2905662E-16   0.3120988E+00   0.7360526E+02
  0.1266666666667E+02   0.1485492E+01  -0.4735795E-15   0.8727720E+01   0.2480054E-01  -0.2242130E-15   0.3129136E+00   0.7360625E+02
  0.1270833333333E+02   0.1485492E+01  -0.3833739E-15   0.8712548E+01   0.2480054E-01  -0.1483189E-15   0.3139098E+00   0.7360764E+02
  0.1275000000000E+02   0.1485492E+01  -0.1058181E-15   0.8697998E+01   0.2480054E-01  -0.1335737E-15   0.3150224E+00   0.7360945E+02
  0.1279166666667E+02   0.1485492E+01  -0.3521489E-15   0.8684302E+01   0.2480054E-01  -0.1830133E-15   0.3161271E+00   0.7361167E+02
  0.1283333333333E+02   0.1485492E+01  -0.3521489E-15   0.8671681E+01   0.2480054E-01   0.3903128E-17   0.3170587E+00   0.7361423E+02
  0.1287500000000E+02   0.1485492E+01  -0.5672546E-15   0.8660373E+01   0.2480054E-01  -0.1249001E-15   0.3176367E+00   0.7361703E+02
  0.1291666666667E+02   0.1485492E+01  -0.1873501E-15   0.8650641E+01   0.2480054E-01   0.3252607E-16   0.3176927E+00   0.7361994E+02
  0.1295833333333E+02   0.1485492E+01  -0.2428613E-15   0.8642760E+01   0.2480054E-01   0.1647987E-16   0.3170949E+00   0.7362284E+02
  0.1300000000000E+02   0.1485492E+01  -0.1561251E-15   0.8636983E+01   0.2480054E-01   0.1405126E-15   0.3157666E+00   0.7362559E+02
  0.1304166666667E+02   0.1485492E+01  -0.4527628E-15   0.8633475E+01   0.2480054E-01   0.1734723E-16   0.3136971E+00   0.7362808E+02
  0.1308333333333E+02   0.1485492E+01  -0.1873501E-15   0.8632265E+01   0.2480054E-01  -0.3382711E-16   0.3109431E+00   0.7363022E+02
  0.1312500000000E+02   0.1485492E+01  -0.3365364E-15   0.8633198E+01   0.2480054E-01  -0.4250073E-16   0.3076193E+00   0.7363195E+02
  0.1316666666667E+02   0.1485492E+01  -0.2775558E-15   0.8635936E+01   0.2480054E-01  -0.2445960E-15   0.3038815E+00   0.7363325E+02
  0.1320833333333E+02   0.1485492E+01  -0.3712308E-15   0.8639993E+01   0.2480054E-01  -0.1379105E-15   0.2999035E+00   0.7363410E+02
  0.1325000000000E+02   0.1485492E+01  -0.4683753E-16   0.8644801E+01   0.2480054E-01   0.7806256E-16   0.2958548E+00   0.7363451E+02
  0.1329166666667E+02   0.1485492E+01  -0.3885781E-15   0.8649796E+01   0.2480054E-01  -0.9887924E-16   0.2918821E+00   0.7363454E+02
  0.1333333333333E+02   0.1485492E+01  -0.5377643E-16   0.8654490E+01   0.2480054E-01  -0.1890849E-15   0.2880986E+00   0.7363424E+02
  0.1337500000000E+02   0.1485492E+01  -0.1249001E-15   0.8658516E+01   0.2480054E-01  -0.7632783E-16   0.2845814E+00   0.7363374E+02
  0.1341666666667E+02   0.1485492E+01   0.4336809E-16   0.8661646E+01   0.2480054E-01   0.2064321E-15   0.2813762E+00   0.7363313E+02
  0.1345833333333E+02   0.1485492E+01  -0.5533768E-15   0.8663770E+01   0.2480054E-01  -0.1682682E-15   0.2785068E+00   0.7363254E+02
  0.1350000000000E+02   0.1485492E+01  -0.4180684E-15   0.8664856E+01   0.2480054E-01  -0.2723516E-15   0.2759872E+00   0.7363207E+02
  0.1354166666667E+02   0.1485492E+01  -0.3330669E-15   0.8664904E+01   0.2480054E-01   0.1647987E-15   0.2738323E+00   0.7363183E+02
  0.1358333333333E+02   0.1485492E+01  -0.4996004E-15   0.8663912E+01   0.2480054E-01   0.1387779E-16   0.2720661E+00   0.7363183E+02
  0.1362500000000E+02   0.1485492E+01  -0.4267420E-15   0.8661849E+01   0.2480054E-01  -0.1249001E-15   0.2707221E+00   0.7363206E+02
  0.1366666666667E+02   0.1485492E+01  -0.6245005E-15   0.8658656E+01   0.2480054E-01   0.1439820E-15   0.2698370E+00   0.7363247E+02
  0.1370833333333E+02   0.1485492E+01  -0.7684825E-15   0.8654269E+01   0.2480054E-01  -0.3035766E-15   0.2694380E+00   0.7363292E+02
  0.1375000000000E+02   0.1485492E+01  -0.1543904E-15   0.8648657E+01   0.2480054E-01   0.3122502E-15   0.2695283E+00   0.7363333E+02
  0.1379166666667E+02   0.1485492E+01  -0.2151057E-15   0.8641872E+01   0.2480054E-01   0.1665335E-15   0.2700744E+00   0.7363360E+02
  0.1383333333333E+02   0.1485492E+01  -0.4302114E-15   0.8634089E+01   0.2480054E-01   0.2949030E-16   0.2710034E+00   0.7363374E+02
  0.1387500000000E+02   0.1485492E+01  -0.2480655E-15   0.8625632E+01   0.2480054E-01  -0.5551115E-16   0.2722084E+00   0.7363381E+02
  0.1391666666667E+02   0.1485492E+01  -0.4562323E-15   0.8616960E+01   0.2480054E-01  -0.2428613E-15   0.2735645E+00   0.7363394E+02
  0.1395833333333E+02   0.1485492E+01  -0.3001072E-15   0.8608622E+01   0.2480054E-01  -0.4336809E-16   0.2749499E+00   0.7363429E+02
  0.1400000000000E+02   0.1485492E+01  -0.2185752E-15   0.8601178E+01   0.2480054E-01   0.2654127E-15   0.2762666E+00   0.7363501E+02
  0.1404166666667E+02   0.1485492E+01  -0.2914335E-15   0.8595112E+01   0.2480054E-01   0.2654127E-15   0.2774569E+00   0.7363621E+02
  0.1408333333333E+02   0.1485492E+01  -0.5967449E-15   0.8590752E+01   0.2480054E-01  -0.7459311E-16   0.2785122E+00   0.7363792E+02
  0.1412500000000E+02   0.1485492E+01  -0.3018419E-15   0.8588227E+01   0.2480054E-01  -0.4510281E-16   0.2794717E+00   0.7364010E+02
  0.1416666666667E+02   0.1485492E+01  -0.5100087E-15   0.8587462E+01   0.2480054E-01   0.1283695E-15   0.2804131E+00   0.7364267E+02
  0.1420833333333E+02   0.1485492E+01  -0.5204170E-16   0.8588222E+01   0.2480054E-01   0.4319461E-15   0.2814361E+00   0.7364550E+02
  0.1425000000000E+02   0.1485492E+01  -0.2099015E-15   0.8590187E+01   0.2480054E-01  -0.1734723E-15   0.2826420E+00   0.7364845E+02
  0.1429166666667E+02   0.1485492E+01  -0.4024558E-15   0.8593045E+01   0.2480054E-01  -0.7632783E-16   0.2841135E+00   0.7365138E+02
  0.1433333333333E+02   0.1485492E+01  -0.1994932E-15   0.8596561E+01   0.2480054E-01   0.1405126E-15   0.2858980E+00   0.7365423E+02
  0.1437500000000E+02   0.1485492E+01  -0.4909267E-15   0.8600628E+01   0.2480054E-01  -0.3920475E-15   0.2879992E+00   0.7365695E+02
  0.1441666666667E+02   0.1485492E+01  -0.1561251E-15   0.8605268E+01   0.2480054E-01   0.2116363E-15   0.2903788E+00   0.7365953E+02
  0.1445833333333E+02   0.1485492E+01  -0.4440892E-15   0.8610589E+01   0.2480054E-01  -0.1006140E-15   0.2929698E+00   0.7366200E+02
  0.1450000000000E+02   0.1485492E+01  -0.6002143E-15   0.8616720E+01   0.2480054E-01  -0.1405126E-15   0.2956987E+00   0.7366436E+02
  0.1454166666667E+02   0.1485492E+01  -0.5585810E-15   0.8623744E+01   0.2480054E-01   0.3122502E-16   0.2985119E+00   0.7366665E+02
  0.1458333333333E+02   0.1485492E+01  -0.7563394E-15   0.8631639E+01   0.2480054E-01  -0.8326673E-16   0.3013986E+00   0.7366885E+02
  0.1462500000000E+02   0.1485492E+01  -0.3226586E-15   0.8640245E+01   0.2480054E-01   0.3989864E-16   0.3044032E+00   0.7367095E+02
  0.1466666666667E+02   0.1485492E+01  -0.4926615E-15   0.8649273E+01   0.2480054E-01  -0.9540979E-17   0.3076235E+00   0.7367290E+02
  0.1470833333333E+02   0.1485492E+01  -0.2272488E-15   0.8658328E+01   0.2480054E-01   0.1925543E-15   0.3111941E+00   0.7367467E+02
  0.1475000000000E+02   0.1485492E+01  -0.3504141E-15   0.8666961E+01   0.2480054E-01  -0.1301043E-16   0.3152590E+00   0.7367619E+02
  0.1479166666667E+02   0.1485492E+01  -0.5776629E-15   0.8674722E+01   0.2480054E-01   0.7372575E-16   0.3199417E+00   0.7367741E+02
  0.1483333333333E+02   0.1485492E+01  -0.4406198E-15   0.8681212E+01   0.2480054E-01  -0.4510281E-16   0.3253186E+00   0.7367830E+02
  0.1487500000000E+02   0.1485492E+01  -0.4041906E-15   0.8686125E+01   0.2480054E-01  -0.2046974E-15   0.3314015E+00   0.7367884E+02
  0.1491666666667E+02   0.1485492E+01  -0.1222980E-15   0.8689275E+01   0.2480054E-01   0.1561251E-15   0.3381287E+00   0.7367903E+02
  0.1495833333333E+02   0.1485492E+01  -0.4466913E-15   0.8690607E+01   0.2480054E-01  -0.2177078E-15   0.3453657E+00   0.7367884E+02
  0.1500000000000E+02   0.1485492E+01  -0.3833739E-15   0.8690190E+01   0.2480054E-01   0.7199102E-16   0.3529092E+00   0.7367824E+02
  0.1504166666667E+02   0.1485492E+01  -0.5724587E-15   0.8688198E+01   0.2480054E-01   0.1327063E-15   0.3604987E+00   0.7367716E+02
  0.1508333333333E+02   0.1485492E+01   0.7806256E-17   0.8684885E+01   0.2480054E-01   0.2940356E-15   0.3678319E+00   0.7367552E+02
  0.1512500000000E+02   0.1485492E+01   0.1587272E-15   0.8680554E+01   0.2480054E-01   0.3183218E-15   0.3745890E+00   0.7367324E+02
  0.1516666666667E+02   0.1485492E+01  -0.3833739E-15   0.8675525E+01   0.2480054E-01   0.1118897E-15   0.3804619E+00   0.7367028E+02
  0.1520833333333E+02   0.1485492E+01   0.1439820E-15   0.8670111E+01   0.2480054E-01   0.1422473E-15   0.3851875E+00   0.7366667E+02
  0.1525000000000E+02   0.1485492E+01  -0.1387779E-16   0.8664598E+01   0.2480054E-01   0.9020562E-16   0.3885759E+00   0.7366251E+02
  0.1529166666667E+02   0.1485492E+01  -0.1136244E-15   0.8659236E+01   0.2480054E-01   0.5377643E-16   0.3905296E+00   0.7365796E+02
  0.1533333333333E+02   0.1485492E+01  -0.4132979E-15   0.8654228E+01   0.2480054E-01   0.1630640E-15   0.3910478E+00   0.7365321E+02
  0.1537500000000E+02   0.1485492E+01  -0.5191160E-15   0.8649723E+01   0.2480054E-01   0.1110223E-15   0.3902186E+00   0.7364845E+02
  0.1541666666667E+02   0.1485492E+01  -0.5620504E-15   0.8645816E+01   0.2480054E-01  -0.1509209E-15   0.3882015E+00   0.7364383E+02
  0.1545833333333E+02   0.1485492E+01  -0.7307523E-15   0.8642538E+01   0.2480054E-01  -0.1561251E-15   0.3852074E+00   0.7363947E+02
  0.1550000000000E+02   0.1485492E+01  -0.4414871E-15   0.8639850E+01   0.2480054E-01  -0.1231654E-15   0.3814795E+00   0.7363542E+02
  0.1554166666667E+02   0.1485492E+01  -0.5963112E-15   0.8637645E+01   0.2480054E-01   0.7285839E-16   0.3772764E+00   0.7363171E+02
  0.1558333333333E+02   0.1485492E+01  -0.1049508E-15   0.8635756E+01   0.2480054E-01  -0.1370432E-15   0.3728569E+00   0.7362835E+02
  0.1562500000000E+02   0.1485492E+01  -0.2710505E-15   0.8633972E+01   0.2480054E-01   0.1370432E-15   0.3684632E+00   0.7362535E+02
  0.1566666666667E+02   0.1485492E+01  -0.4299946E-15   0.8632077E+01   0.2480054E-01  -0.0000000E+00   0.3643030E+00   0.7362268E+02
  0.1570833333333E+02   0.1485492E+01  -0.2584738E-15   0.8629880E+01   0.2480054E-01   0.1439820E-15   0.3605314E+00   0.7362034E+02
  0.1575000000000E+02   0.1485492E+01  -0.4728206E-15   0.8627261E+01   0.2480054E-01  -0.2584738E-15   0.3572379E+00   0.7361827E+02
  0.1579166666667E+02   0.1485492E+01  -0.3738329E-15   0.8624198E+01   0.2480054E-01   0.5377643E-16   0.3544425E+00   0.7361642E+02
  0.1583333333333E+02   0.1485492E+01   0.9833714E-16   0.8620777E+01   0.2480054E-01   0.1283695E-15   0.3521027E+00   0.7361471E+02
  0.1587500000000E+02   0.1485492E+01   0.1105886E-16   0.8617192E+01   0.2480054E-01   0.1040834E-15   0.3501310E+00   0.7361304E+02
  0.1591666666667E+02   0.1485492E+01   0.2688821E-16   0.8613719E+01   0.2480054E-01   0.4683753E-16   0.3484170E+00   0.7361132E+02
  0.1595833333333E+02   0.1485492E+01   0.1038666E-15   0.8610680E+01   0.2480054E-01   0.9714451E-16   0.3468495E+00   0.7360952E+02
  0.1600000000000E+02   0.1485492E+01  -0.5479558E-15   0.8608405E+01   0.2480054E-01  -0.2619432E-15   0.3453333E+00   0.7360764E+02
  0.1604166666667E+02   0.1485492E+01  -0.8239937E-15   0.8607190E+01   0.2480054E-01  -0.1630640E-15   0.3437985E+00   0.7360572E+02
  0.1608333333333E+02   0.1485492E+01  -0.5028530E-15   0.8607272E+01   0.2480054E-01   0.5898060E-16   0.3422041E+00   0.7360386E+02
  0.1612500000000E+02   0.1485492E+01  -0.2220446E-15   0.8608808E+01   0.2480054E-01  -0.5204170E-17   0.3405365E+00   0.7360219E+02
  0.1616666666667E+02   0.1485492E+01  -0.2870967E-15   0.8611867E+01   0.2480054E-01  -0.4163336E-16   0.3388066E+00   0.7360083E+02
  0.1620833333333E+02   0.1485492E+01  -0.2834104E-15   0.8616437E+01   0.2480054E-01   0.2567391E-15   0.3370462E+00   0.7359984E+02
  0.1625000000000E+02   0.1485492E+01  -0.1801944E-15   0.8622425E+01   0.2480054E-01   0.1353084E-15   0.3353032E+00   0.7359926E+02
  0.1629166666667E+02   0.1485492E+01  -0.5767956E-16   0.8629667E+01   0.2480054E-01  -0.1734723E-17   0.3336351E+00   0.7359904E+02
  0.1633333333333E+02   0.1485492E+01   0.1021318E-15   0.8637936E+01   0.2480054E-01   0.1734723E-15   0.3321013E+00   0.7359909E+02
  0.1637500000000E+02   0.1485492E+01  -0.1834470E-15   0.8646943E+01   0.2480054E-01  -0.1405126E-15   0.3307544E+00   0.7359930E+02
  0.1641666666667E+02   0.1485492E+01  -0.4677248E-15   0.8656352E+01   0.2480054E-01  -0.2255141E-16   0.3296345E+00   0.7359951E+02
  0.1645833333333E+02   0.1485492E+01  -0.2797242E-15   0.8665784E+01   0.2480054E-01   0.9194034E-16   0.3287681E+00   0.7359961E+02
  0.1650000000000E+02   0.1485492E+01  -0.3788202E-15   0.8674839E+01   0.2480054E-01  -0.4857226E-16   0.3281713E+00   0.7359949E+02
  0.1654166666667E+02   0.1485492E+01  -0.2411266E-15   0.8683118E+01   0.2480054E-01   0.1092876E-15   0.3278584E+00   0.7359908E+02
  0.1658333333333E+02   0.1485492E+01  -0.7762888E-16   0.8690246E+01   0.2480054E-01  -0.3989864E-16   0.3278493E+00   0.7359834E+02
  0.1662500000000E+02   0.1485492E+01  -0.3768687E-15   0.8695908E+01   0.2480054E-01  -0.8673617E-17   0.3281736E+00   0.7359723E+02
  0.1666666666667E+02   0.1485492E+01  -0.2250804E-15   0.8699861E+01   0.2480054E-01   0.1717376E-15   0.3288672E+00   0.7359573E+02
  0.1670833333333E+02   0.1485492E+01  -0.3044440E-15   0.8701958E+01   0.2480054E-01   0.1474515E-15   0.3299620E+00   0.7359384E+02
  0.1675000000000E+02   0.1485492E+01  -0.1665335E-15   0.8702152E+01   0.2480054E-01   0.7632783E-16   0.3314729E+00   0.7359153E+02
  0.1679166666667E+02   0.1485492E+01  -0.3747003E-15   0.8700489E+01   0.2480054E-01   0.7285839E-16   0.3333853E+00   0.7358879E+02
  0.1683333333333E+02   0.1485492E+01  -0.1448494E-15   0.8697101E+01   0.2480054E-01   0.3816392E-16   0.3356500E+00   0.7358563E+02
  0.1687500000000E+02   0.1485492E+01  -0.4180684E-15   0.8692193E+01   0.2480054E-01  -0.9367507E-16   0.3381865E+00   0.7358207E+02
  0.1691666666667E+02   0.1485492E+01  -0.1908196E-16   0.8686026E+01   0.2480054E-01   0.1994932E-15   0.3408933E+00   0.7357818E+02
  0.1695833333333E+02   0.1485492E+01  -0.4163336E-15   0.8678910E+01   0.2480054E-01   0.2671474E-15   0.3436623E+00   0.7357404E+02
  0.1700000000000E+02   0.1485492E+01  -0.1448494E-15   0.8671189E+01   0.2480054E-01   0.1561251E-16   0.3463915E+00   0.7356974E+02
  0.1704166666667E+02   0.1485492E+01  -0.4527628E-15   0.8663232E+01   0.2480054E-01   0.6071532E-16   0.3489927E+00   0.7356540E+02
  0.1708333333333E+02   0.1485492E+01  -0.5594483E-15   0.8655415E+01   0.2480054E-01   0.1110223E-15   0.3513931E+00   0.7356110E+02
  0.1712500000000E+02   0.1485492E+01  -0.4857226E-16   0.8648105E+01   0.2480054E-01  -0.9887924E-16   0.3535325E+00   0.7355696E+02
  0.1716666666667E+02   0.1485492E+01  -0.2714842E-15   0.8641636E+01   0.2480054E-01   0.2949030E-16   0.3553586E+00   0.7355303E+02
  0.1720833333333E+02   0.1485492E+01  -0.2975051E-15   0.8636286E+01   0.2480054E-01   0.6938894E-17   0.3568234E+00   0.7354939E+02
  0.1725000000000E+02   0.1485492E+01  -0.5108761E-15   0.8632255E+01   0.2480054E-01  -0.4857226E-16   0.3578826E+00   0.7354607E+02
  0.1729166666667E+02   0.1485492E+01  -0.4449566E-15   0.8629656E+01   0.2480054E-01  -0.2775558E-16   0.3584983E+00   0.7354310E+02
  0.1733333333333E+02   0.1485492E+01  -0.4597017E-15   0.8628505E+01   0.2480054E-01  -0.1040834E-16   0.3586436E+00   0.7354048E+02
  0.1737500000000E+02   0.1485492E+01  -0.3885781E-15   0.8628730E+01   0.2480054E-01  -0.4683753E-16   0.3583089E+00   0.7353820E+02
  0.1741666666667E+02   0.1485492E+01  -0.3018419E-15   0.8630173E+01   0.2480054E-01   0.1838807E-15   0.3575079E+00   0.7353622E+02
  0.1745833333333E+02   0.1485492E+01  -0.3295975E-15   0.8632616E+01   0.2480054E-01   0.2949030E-16   0.3562812E+00   0.7353449E+02
  0.1750000000000E+02   0.1485492E+01  -0.3348016E-15   0.8635798E+01   0.2480054E-01   0.1908196E-16   0.3546987E+00   0.7353296E+02
  0.1754166666667E+02   0.1485492E+01  -0.6774095E-15   0.8639435E+01   0.2480054E-01   0.7979728E-16   0.3528571E+00   0.7353155E+02
  0.1758333333333E+02   0.1485492E+01  -0.5837344E-15   0.8643256E+01   0.2480054E-01  -0.5898060E-16   0.3508722E+00   0.7353023E+02
  0.1762500000000E+02   0.1485492E+01  -0.5681219E-15   0.8647021E+01   0.2480054E-01   0.1266348E-15   0.3488673E+00   0.7352895E+02
  0.1766666666667E+02   0.1485492E+01  -0.5577136E-15   0.8650547E+01   0.2480054E-01  -0.2159731E-15   0.3469583E+00   0.7352770E+02
  0.1770833333333E+02   0.1485492E+01  -0.4276093E-15   0.8653734E+01   0.2480054E-01  -0.3469447E-16   0.3452384E+00   0.7352648E+02
  0.1775000000000E+02   0.1485492E+01  -0.4267420E-15   0.8656570E+01   0.2480054E-01  -0.9887924E-16   0.3437672E+00   0.7352528E+02
  0.1779166666667E+02   0.1485492E+01  -0.3131176E-15   0.8659135E+01   0.2480054E-01  -0.1101549E-15   0.3425652E+00   0.7352412E+02
  0.1783333333333E+02   0.1485492E+01  -0.5134781E-15   0.8661591E+01   0.2480054E-01  -0.4510281E-16   0.3416158E+00   0.7352304E+02
  0.1787500000000E+02   0.1485492E+01  -0.5447032E-15   0.8664154E+01   0.2480054E-01  -0.1006140E-15   0.3408747E+00   0.7352206E+02
  0.1791666666667E+02   0.1485492E+01  -0.2792905E-15   0.8667064E+01   0.2480054E-01   0.2454634E-15   0.3402823E+00   0.7352121E+02
  0.1795833333333E+02   0.1485492E+01  -0.2957704E-15   0.8670547E+01   0.2480054E-01   0.7546047E-16   0.3397771E+00   0.7352052E+02
  0.1800000000000E+02   0.1485492E+01  -0.3738329E-15   0.8674781E+01   0.2480054E-01  -0.4510281E-16   0.3393076E+00   0.7352000E+02
  0.1804166666667E+02   0.1485492E+01  -0.7806256E-17   0.8679863E+01   0.2480054E-01   0.2584738E-15   0.3388381E+00   0.7351967E+02
  0.1808333333333E+02   0.1485492E+01  -0.5924081E-15   0.8685791E+01   0.2480054E-01  -0.1934217E-15   0.3383509E+00   0.7351955E+02
  0.1812500000000E+02   0.1485492E+01   0.3209238E-16   0.8692460E+01   0.2480054E-01   0.6938894E-17   0.3378440E+00   0.7351964E+02
  0.1816666666667E+02   0.1485492E+01  -0.3512815E-15   0.8699661E+01   0.2480054E-01  -0.5290907E-16   0.3373263E+00   0.7351991E+02
  0.1820833333333E+02   0.1485492E+01  -0.6730727E-15   0.8707103E+01   0.2480054E-01  -0.2298509E-15   0.3368118E+00   0.7352033E+02
  0.1825000000000E+02   0.1485492E+01  -0.6678685E-16   0.8714442E+01   0.2480054E-01   0.1439820E-15   0.3363144E+00   0.7352085E+02
  0.1829166666667E+02   0.1485492E+01  -0.1474515E-15   0.8721318E+01   0.2480054E-01   0.4076600E-16   0.3358441E+00   0.7352140E+02
  0.1833333333333E+02   0.1485492E+01  -0.2944693E-15   0.8727394E+01   0.2480054E-01   0.2671474E-15   0.3354034E+00   0.7352190E+02
  0.1837500000000E+02   0.1485492E+01  -0.4414871E-15   0.8732401E+01   0.2480054E-01  -0.1344411E-15   0.3349852E+00   0.7352229E+02
  0.1841666666667E+02   0.1485492E+01  -0.1569925E-15   0.8736162E+01   0.2480054E-01   0.4336809E-16   0.3345708E+00   0.7352251E+02
  0.1845833333333E+02   0.1485492E+01  -0.5290907E-15   0.8738615E+01   0.2480054E-01  -0.1144917E-15   0.3341297E+00   0.7352251E+02
  0.1850000000000E+02   0.1485492E+01  -0.4943962E-16   0.8739813E+01   0.2480054E-01  -0.2515349E-16   0.3336204E+00   0.7352231E+02
  0.1854166666667E+02   0.1485492E+01  -0.5525094E-15   0.8739908E+01   0.2480054E-01  -0.1344411E-15   0.3329932E+00   0.7352192E+02
  0.1858333333333E+02   0.1485492E+01  -0.7082009E-15   0.8739129E+01   0.2480054E-01  -0.9627715E-16   0.3321948E+00   0.7352139E+02
  0.1862500000000E+02   0.1485492E+01  -0.3417405E-15   0.8737737E+01   0.2480054E-01   0.2602085E-17   0.3311740E+00   0.7352077E+02
  0.1866666666667E+02   0.1485492E+01  -0.2792905E-15   0.8735998E+01   0.2480054E-01  -0.6678685E-16   0.3298876E+00   0.7352012E+02
  0.1870833333333E+02   0.1485492E+01  -0.4250073E-16   0.8734146E+01   0.2480054E-01   0.1569925E-15   0.3283059E+00   0.7351948E+02
  0.1875000000000E+02   0.1485492E+01  -0.7329207E-16   0.8732368E+01   0.2480054E-01  -0.5984796E-16   0.3264161E+00   0.7351888E+02
  0.1879166666667E+02   0.1485492E+01  -0.5577136E-15   0.8730794E+01   0.2480054E-01   0.2003606E-15   0.3242244E+00   0.7351831E+02
  0.1883333333333E+02   0.1485492E+01  -0.1621966E-15   0.8729500E+01   0.2480054E-01  -0.2255141E-16   0.3217559E+00   0.7351779E+02
  0.1887500000000E+02   0.1485492E+01  -0.1899522E-15   0.8728521E+01   0.2480054E-01   0.8239937E-16   0.3190536E+00   0.7351730E+02
  0.1891666666667E+02   0.1485492E+01  -0.2875304E-15   0.8727860E+01   0.2480054E-01   0.3200565E-15   0.3161759E+00   0.7351682E+02
  0.1895833333333E+02   0.1485492E+01  -0.1782428E-15   0.8727500E+01   0.2480054E-01  -0.3556183E-16   0.3131938E+00   0.7351636E+02
  0.1900000000000E+02   0.1485492E+01  -0.6093216E-15   0.8727406E+01   0.2480054E-01  -0.1942890E-15   0.3101877E+00   0.7351593E+02
  0.1904166666667E+02   0.1485492E+01  -0.1604619E-15   0.8727526E+01   0.2480054E-01   0.4250073E-16   0.3072418E+00   0.7351552E+02
  0.1908333333333E+02   0.1485492E+01  -0.5392822E-15   0.8727789E+01   0.2480054E-01   0.7806256E-17   0.3044396E+00   0.7351517E+02
  0.1912500000000E+02   0.1485492E+01  -0.8283305E-16   0.8728103E+01   0.2480054E-01   0.6158268E-16   0.3018574E+00   0.7351491E+02
  0.1916666666667E+02   0.1485492E+01   0.5442695E-16   0.8728358E+01   0.2480054E-01   0.3512815E-16   0.2995606E+00   0.7351475E+02
  0.1920833333333E+02   0.1485492E+01  -0.2799410E-15   0.8728425E+01   0.2480054E-01  -0.2341877E-15   0.2976008E+00   0.7351472E+02
  0.1925000000000E+02   0.1485492E+01  -0.6223320E-15   0.8728174E+01   0.2480054E-01  -0.1457168E-15   0.2960162E+00   0.7351485E+02
  0.1929166666667E+02   0.1485492E+01  -0.3556183E-15   0.8727478E+01   0.2480054E-01   0.2003606E-15   0.2948339E+00   0.7351514E+02
  0.1933333333333E+02   0.1485492E+01  -0.2461139E-15   0.8726229E+01   0.2480054E-01   0.1136244E-15   0.2940737E+00   0.7351559E+02
  0.1937500000000E+02   0.1485492E+01  -0.4662069E-15   0.8724347E+01   0.2480054E-01   0.2298509E-16   0.2937505E+00   0.7351618E+02
  0.1941666666667E+02   0.1485492E+01  -0.2962040E-15   0.8721789E+01   0.2480054E-01  -0.3035766E-17   0.2938748E+00   0.7351685E+02
  0.1945833333333E+02   0.1485492E+01  -0.6383782E-15   0.8718548E+01   0.2480054E-01  -0.5984796E-16   0.2944501E+00   0.7351754E+02
  0.1950000000000E+02   0.1485492E+01  -0.6266689E-15   0.8714657E+01   0.2480054E-01   0.1608956E-15   0.2954686E+00   0.7351818E+02
  0.1954166666667E+02   0.1485492E+01  -0.2775558E-16   0.8710184E+01   0.2480054E-01  -0.5421011E-16   0.2969055E+00   0.7351869E+02
  0.1958333333333E+02   0.1485492E+01  -0.1589440E-15   0.8705225E+01   0.2480054E-01   0.1795439E-15   0.2987155E+00   0.7351902E+02
  0.1962500000000E+02   0.1485492E+01   0.1675092E-15   0.8699895E+01   0.2480054E-01   0.1526557E-15   0.3008319E+00   0.7351913E+02
  0.1966666666667E+02   0.1485492E+01  -0.5364632E-15   0.8694322E+01   0.2480054E-01   0.1994932E-16   0.3031697E+00   0.7351905E+02
  0.1970833333333E+02   0.1485492E+01  -0.3933485E-15   0.8688634E+01   0.2480054E-01  -0.1435484E-15   0.3056332E+00   0.7351879E+02
  0.1975000000000E+02   0.1485492E+01  -0.1026739E-15   0.8682960E+01   0.2480054E-01   0.1344411E-16   0.3081250E+00   0.7351843E+02
  0.1979166666667E+02   0.1485492E+01  -0.6223320E-16   0.8677419E+01   0.2480054E-01   0.6071532E-17   0.3105558E+00   0.7351804E+02
  0.1983333333333E+02   0.1485492E+01  -0.3690624E-15   0.8672124E+01   0.2480054E-01  -0.7762888E-16   0.3128519E+00   0.7351768E+02
  0.1987500000000E+02   0.1485492E+01  -0.3376206E-15   0.8667173E+01   0.2480054E-01   0.2276825E-16   0.3149598E+00   0.7351742E+02
  0.1991666666667E+02   0.1485492E+01  -0.5473053E-15   0.8662654E+01   0.2480054E-01  -0.7155734E-16   0.3168473E+00   0.7351728E+02
  0.1995833333333E+02   0.1485492E+01  -0.1454999E-15   0.8658634E+01   0.2480054E-01   0.1522220E-15   0.3185011E+00   0.7351728E+02
  0.2000000000000E+02   0.1485492E+01  -0.4518955E-15   0.8655160E+01   0.2480054E-01   0.9931292E-16   0.3199230E+00   0.7351738E+02
