 # Project=San-Ti                        
 # Author=Sophon                        
 # date =  9/22/2026 13:57:33
 # code = EQdyna
 # element_size =   500.00000000000000     
 # time_step =  0.0417  s
 # num_time_steps =   480
 # Time series in 11 columns in format E15.7
 # Column #1 = Time (s)
 # Column #2 = horizontal slip (m)
 # Column #3 = horizontal slip rate (m/s)
 # Column #4 = horizontal shear stress (MPa)
 # Column #5 = down-dip slip (m)
 # Column #6 = down-dip slip rate (m/s)
 # Column #7 = down-dip shear stress (MPa)
 # Column #8 = normal stress (MPa)
 # The line below lists the names of the data fields:
 t h-slip h-slip-rate h-shear-stress v-slip v-slip-rate v-shear-stress n-stress
  0.4166666666667E-01   0.0000000E+00   0.0000000E+00   0.2696963E+02  -0.0000000E+00  -0.0000000E+00  -0.1743397E+01   0.1521481E+03
  0.8333333333333E-01   0.1119223E-01   0.2686136E+00   0.2623827E+02  -0.7234994E-03  -0.1736398E-01  -0.1653127E+01   0.1522959E+03
  0.1250000000000E+00   0.2971318E-01   0.4445027E+00   0.2552095E+02  -0.1890400E-02  -0.2800563E-01  -0.1553541E+01   0.1525345E+03
  0.1666666666667E+00   0.4720521E-01   0.4198087E+00   0.2478856E+02  -0.2955195E-02  -0.2555508E-01  -0.1458680E+01   0.1526965E+03
  0.2083333333333E+00   0.5850167E-01   0.2711152E+00   0.2403019E+02  -0.3619935E-02  -0.1595374E-01  -0.1366020E+01   0.1527031E+03
  0.2500000000000E+00   0.6542917E-01   0.1662598E+00   0.2326135E+02  -0.4013735E-02  -0.9451204E-02  -0.1273307E+01   0.1526412E+03
  0.2916666666667E+00   0.7324636E-01   0.1876127E+00   0.2249770E+02  -0.4441642E-02  -0.1026976E-01  -0.1186369E+01   0.1526135E+03
  0.3333333333333E+00   0.8534359E-01   0.2903334E+00   0.2174368E+02  -0.5079563E-02  -0.1531013E-01  -0.1119940E+01   0.1526607E+03
  0.3750000000000E+00   0.1007197E+00   0.3690267E+00   0.2099324E+02  -0.5871533E-02  -0.1900726E-01  -0.1051909E+01   0.1527376E+03
  0.4166666666667E+00   0.1159951E+00   0.3666088E+00   0.2023529E+02  -0.6636936E-02  -0.1836969E-01  -0.9428074E+00   0.1527480E+03
  0.4583333333333E+00   0.1299451E+00   0.3348003E+00   0.1946887E+02  -0.7286899E-02  -0.1559910E-01  -0.7916382E+00   0.1526797E+03
  0.5000000000000E+00   0.1445604E+00   0.3507679E+00   0.1869885E+02  -0.7881183E-02  -0.1426284E-01  -0.6739124E+00   0.1525916E+03
  0.5416666666667E+00   0.1625808E+00   0.4324895E+00   0.1869316E+02  -0.8530644E-02  -0.1558705E-01  -0.6589574E+00   0.1525397E+03
  0.5833333333333E+00   0.1806251E+00   0.4330627E+00   0.1868020E+02  -0.9166728E-02  -0.1526601E-01  -0.6998283E+00   0.1524442E+03
  0.6250000000000E+00   0.1966558E+00   0.3847372E+00   0.1865743E+02  -0.9767297E-02  -0.1441366E-01  -0.7440177E+00   0.1522689E+03
  0.6666666666667E+00   0.2119512E+00   0.3670889E+00   0.1863185E+02  -0.1037724E-01  -0.1463870E-01  -0.7449808E+00   0.1520562E+03
  0.7083333333333E+00   0.2298012E+00   0.4284014E+00   0.1861168E+02  -0.1109096E-01  -0.1712931E-01  -0.7076431E+00   0.1518760E+03
  0.7500000000000E+00   0.2524239E+00   0.5429435E+00   0.1859809E+02  -0.1195111E-01  -0.2064351E-01  -0.6603431E+00   0.1517484E+03
  0.7916666666667E+00   0.2793368E+00   0.6459098E+00   0.1859422E+02  -0.1290668E-01  -0.2293366E-01  -0.6228449E+00   0.1517054E+03
  0.8333333333333E+00   0.3063860E+00   0.6491812E+00   0.1859112E+02  -0.1381274E-01  -0.2174542E-01  -0.5878221E+00   0.1516701E+03
  0.8750000000000E+00   0.3294050E+00   0.5524566E+00   0.1857958E+02  -0.1454056E-01  -0.1746781E-01  -0.5434035E+00   0.1515627E+03
  0.9166666666667E+00   0.3478268E+00   0.4421222E+00   0.1855897E+02  -0.1507935E-01  -0.1293091E-01  -0.4922988E+00   0.1513792E+03
  0.9583333333333E+00   0.3647399E+00   0.4059154E+00   0.1853646E+02  -0.1552799E-01  -0.1076739E-01  -0.4523441E+00   0.1511832E+03
  0.1000000000000E+01   0.3836887E+00   0.4547694E+00   0.1851836E+02  -0.1599040E-01  -0.1109771E-01  -0.4281561E+00   0.1510276E+03
  0.1041666666667E+01   0.4058749E+00   0.5324693E+00   0.1850524E+02  -0.1650336E-01  -0.1231102E-01  -0.4046027E+00   0.1509139E+03
  0.1083333333333E+01   0.4299980E+00   0.5789559E+00   0.1849363E+02  -0.1703079E-01  -0.1265842E-01  -0.3615082E+00   0.1508097E+03
  0.1125000000000E+01   0.4539357E+00   0.5745045E+00   0.1848040E+02  -0.1749872E-01  -0.1123025E-01  -0.2919304E+00   0.1506892E+03
  0.1166666666667E+01   0.4761974E+00   0.5342800E+00   0.1846480E+02  -0.1785038E-01  -0.8439891E-02  -0.2122627E+00   0.1505502E+03
  0.1208333333333E+01   0.4962636E+00   0.4815888E+00   0.1844767E+02  -0.1808105E-01  -0.5536119E-02  -0.1520022E+00   0.1504025E+03
  0.1250000000000E+01   0.5143883E+00   0.4349939E+00   0.1842978E+02  -0.1823039E-01  -0.3584194E-02  -0.1325914E+00   0.1502521E+03
  0.1291666666667E+01   0.5314955E+00   0.4105719E+00   0.1841151E+02  -0.1835347E-01  -0.2953823E-02  -0.1554834E+00   0.1501014E+03
  0.1333333333333E+01   0.5489027E+00   0.4177728E+00   0.1839385E+02  -0.1850047E-01  -0.3528052E-02  -0.2037661E+00   0.1499581E+03
  0.1375000000000E+01   0.5674481E+00   0.4450892E+00   0.1837824E+02  -0.1870592E-01  -0.4930675E-02  -0.2508556E+00   0.1498329E+03
  0.1416666666667E+01   0.5865872E+00   0.4593388E+00   0.1836482E+02  -0.1896716E-01  -0.6269790E-02  -0.2699922E+00   0.1497234E+03
  0.1458333333333E+01   0.6046519E+00   0.4335536E+00   0.1835131E+02  -0.1923274E-01  -0.6373931E-02  -0.2451387E+00   0.1496079E+03
  0.1500000000000E+01   0.6204595E+00   0.3793821E+00   0.1833464E+02  -0.1944390E-01  -0.5067825E-02  -0.1854188E+00   0.1494632E+03
  0.1541666666667E+01   0.6347798E+00   0.3436861E+00   0.1831423E+02  -0.1958872E-01  -0.3475707E-02  -0.1267471E+00   0.1492889E+03
  0.1583333333333E+01   0.6499505E+00   0.3640979E+00   0.1829311E+02  -0.1969371E-01  -0.2519809E-02  -0.1043136E+00   0.1491117E+03
  0.1625000000000E+01   0.6677506E+00   0.4272023E+00   0.1827481E+02  -0.1979521E-01  -0.2436054E-02  -0.1258990E+00   0.1489604E+03
  0.1666666666667E+01   0.6875919E+00   0.4761901E+00   0.1825985E+02  -0.1993190E-01  -0.3280573E-02  -0.1737307E+00   0.1488389E+03
  0.1708333333333E+01   0.7069237E+00   0.4639635E+00   0.1824549E+02  -0.2011583E-01  -0.4414314E-02  -0.2198238E+00   0.1487234E+03
  0.1750000000000E+01   0.7235221E+00   0.3983616E+00   0.1822871E+02  -0.2031581E-01  -0.4799508E-02  -0.2452012E+00   0.1485864E+03
  0.1791666666667E+01   0.7374286E+00   0.3337576E+00   0.1820889E+02  -0.2050287E-01  -0.4489498E-02  -0.2558516E+00   0.1484224E+03
  0.1833333333333E+01   0.7507264E+00   0.3191463E+00   0.1818794E+02  -0.2068972E-01  -0.4484298E-02  -0.2738398E+00   0.1482500E+03
  0.1875000000000E+01   0.7655513E+00   0.3557968E+00   0.1816812E+02  -0.2091293E-01  -0.5356919E-02  -0.3115230E+00   0.1480899E+03
  0.1916666666667E+01   0.7823634E+00   0.4034901E+00   0.1814984E+02  -0.2120120E-01  -0.6918516E-02  -0.3630250E+00   0.1479456E+03
  0.1958333333333E+01   0.7999750E+00   0.4226796E+00   0.1813175E+02  -0.2155346E-01  -0.8454249E-02  -0.4134159E+00   0.1478039E+03
  0.2000000000000E+01   0.8169519E+00   0.4074444E+00   0.1811274E+02  -0.2194054E-01  -0.9290001E-02  -0.4512271E+00   0.1476530E+03
  0.2041666666667E+01   0.8328351E+00   0.3811967E+00   0.1809321E+02  -0.2233623E-01  -0.9496425E-02  -0.4753638E+00   0.1474954E+03
  0.2083333333333E+01   0.8481864E+00   0.3684332E+00   0.1807457E+02  -0.2273955E-01  -0.9679864E-02  -0.4894782E+00   0.1473433E+03
  0.2125000000000E+01   0.8638170E+00   0.3751339E+00   0.1805778E+02  -0.2316285E-01  -0.1015902E-01  -0.4911259E+00   0.1472038E+03
  0.2166666666667E+01   0.8801862E+00   0.3928599E+00   0.1804237E+02  -0.2360805E-01  -0.1068480E-01  -0.4706065E+00   0.1470709E+03
  0.2208333333333E+01   0.8974209E+00   0.4136325E+00   0.1802681E+02  -0.2405758E-01  -0.1078894E-01  -0.4205941E+00   0.1469309E+03
  0.2250000000000E+01   0.9155884E+00   0.4360217E+00   0.1800971E+02  -0.2448146E-01  -0.1017308E-01  -0.3454303E+00   0.1467752E+03
  0.2291666666667E+01   0.9347277E+00   0.4593431E+00   0.1799083E+02  -0.2484856E-01  -0.8810304E-02  -0.2598585E+00   0.1466059E+03
  0.2333333333333E+01   0.9546565E+00   0.4782914E+00   0.1797092E+02  -0.2513641E-01  -0.6908412E-02  -0.1792900E+00   0.1464318E+03
  0.2375000000000E+01   0.9749435E+00   0.4868865E+00   0.1795079E+02  -0.2533881E-01  -0.4857506E-02  -0.1124595E+00   0.1462595E+03
  0.2416666666667E+01   0.9952009E+00   0.4861779E+00   0.1793053E+02  -0.2546572E-01  -0.3045845E-02  -0.6148094E-01   0.1460886E+03
  0.2458333333333E+01   0.1015397E+01   0.4846961E+00   0.1790958E+02  -0.2553496E-01  -0.1661946E-02  -0.2605828E-01   0.1459133E+03
  0.2500000000000E+01   0.1035824E+01   0.4902552E+00   0.1788715E+02  -0.2556468E-01  -0.7133172E-03  -0.6654127E-02   0.1457263E+03
  0.2541666666667E+01   0.1056775E+01   0.5028296E+00   0.1786275E+02  -0.2557248E-01  -0.1870556E-03  -0.3895967E-02   0.1455229E+03
  0.2583333333333E+01   0.1078301E+01   0.5166188E+00   0.1783639E+02  -0.2557717E-01  -0.1126775E-03  -0.1606822E-01   0.1453033E+03
  0.2625000000000E+01   0.1100298E+01   0.5279301E+00   0.1780858E+02  -0.2559699E-01  -0.4755950E-03  -0.3846419E-01   0.1450719E+03
  0.2666666666667E+01   0.1122755E+01   0.5389590E+00   0.1778012E+02  -0.2564549E-01  -0.1164081E-02  -0.6561658E-01   0.1448353E+03
  0.2708333333333E+01   0.1145819E+01   0.5535455E+00   0.1775161E+02  -0.2573061E-01  -0.2042830E-02  -0.9369240E-01   0.1445988E+03
  0.2750000000000E+01   0.1169618E+01   0.5711745E+00   0.1772319E+02  -0.2585622E-01  -0.3014641E-02  -0.1200841E+00   0.1443633E+03
  0.2791666666667E+01   0.1194078E+01   0.5870464E+00   0.1769472E+02  -0.2602195E-01  -0.3977553E-02  -0.1411340E+00   0.1441274E+03
  0.2833333333333E+01   0.1218985E+01   0.5977569E+00   0.1766622E+02  -0.2622061E-01  -0.4767740E-02  -0.1518104E+00   0.1438906E+03
  0.2875000000000E+01   0.1244193E+01   0.6050085E+00   0.1763798E+02  -0.2643723E-01  -0.5198997E-02  -0.1489466E+00   0.1436550E+03
  0.2916666666667E+01   0.1269718E+01   0.6125840E+00   0.1761029E+02  -0.2665278E-01  -0.5173058E-02  -0.1349090E+00   0.1434234E+03
  0.2958333333333E+01   0.1295570E+01   0.6204602E+00   0.1758309E+02  -0.2685083E-01  -0.4753226E-02  -0.1169432E+00   0.1431957E+03
  0.3000000000000E+01   0.1321546E+01   0.6234143E+00   0.1755614E+02  -0.2702359E-01  -0.4146260E-02  -0.1017272E+00   0.1429703E+03
  0.3041666666667E+01   0.1347205E+01   0.6158258E+00   0.1752960E+02  -0.2717227E-01  -0.3568337E-02  -0.8995817E-01   0.1427486E+03
  0.3083333333333E+01   0.1372081E+01   0.5970097E+00   0.1750420E+02  -0.2729993E-01  -0.3063727E-02  -0.7617284E-01   0.1425363E+03
  0.3125000000000E+01   0.1395887E+01   0.5713488E+00   0.1748064E+02  -0.2740352E-01  -0.2486333E-02  -0.5460549E-01   0.1423394E+03
  0.3166666666667E+01   0.1418563E+01   0.5442232E+00   0.1745855E+02  -0.2747436E-01  -0.1700028E-02  -0.2609580E-01   0.1421547E+03
  0.3208333333333E+01   0.1440207E+01   0.5194603E+00   0.1743617E+02  -0.2750671E-01  -0.7764526E-03   0.6075684E-03   0.1419681E+03
  0.3250000000000E+01   0.1461082E+01   0.5009947E+00   0.1741147E+02  -0.2750598E-01   0.1745731E-04   0.1468983E-01   0.1417623E+03
  0.3291666666667E+01   0.1481707E+01   0.4950038E+00   0.1738361E+02  -0.2748858E-01   0.4176281E-03   0.1119873E-01   0.1415301E+03
  0.3333333333333E+01   0.1502855E+01   0.5075576E+00   0.1735350E+02  -0.2747496E-01   0.3269746E-03  -0.6101076E-02   0.1412792E+03
  0.3375000000000E+01   0.1525299E+01   0.5386504E+00   0.1732281E+02  -0.2748285E-01  -0.1893766E-03  -0.2956937E-01   0.1410236E+03
  0.3416666666667E+01   0.1549430E+01   0.5791552E+00   0.1729237E+02  -0.2752404E-01  -0.9885958E-03  -0.5517929E-01   0.1407705E+03
  0.3458333333333E+01   0.1575072E+01   0.6153896E+00   0.1726150E+02  -0.2760586E-01  -0.1963684E-02  -0.8580598E-01   0.1405143E+03
  0.3500000000000E+01   0.1601660E+01   0.6381102E+00   0.1722898E+02  -0.2773803E-01  -0.3172011E-02  -0.1283785E+00   0.1402455E+03
  0.3541666666667E+01   0.1628649E+01   0.6477361E+00   0.1719464E+02  -0.2793913E-01  -0.4826486E-02  -0.1875307E+00   0.1399639E+03
  0.3583333333333E+01   0.1655785E+01   0.6512642E+00   0.1715998E+02  -0.2823508E-01  -0.7102914E-02  -0.2604763E+00   0.1396830E+03
  0.3625000000000E+01   0.1683062E+01   0.6546569E+00   0.1712713E+02  -0.2864914E-01  -0.9937228E-02  -0.3369318E+00   0.1394204E+03
  0.3666666666667E+01   0.1710493E+01   0.6583459E+00   0.1709733E+02  -0.2918877E-01  -0.1295125E-01  -0.4034678E+00   0.1391841E+03
  0.3708333333333E+01   0.1737958E+01   0.6591679E+00   0.1707025E+02  -0.2983691E-01  -0.1555524E-01  -0.4485698E+00   0.1389679E+03
  0.3750000000000E+01   0.1765249E+01   0.6549654E+00   0.1704479E+02  -0.3055403E-01  -0.1721109E-01  -0.4660952E+00   0.1387597E+03
  0.3791666666667E+01   0.1792173E+01   0.6461813E+00   0.1702027E+02  -0.3129029E-01  -0.1767004E-01  -0.4567218E+00   0.1385533E+03
  0.3833333333333E+01   0.1818566E+01   0.6334373E+00   0.1699694E+02  -0.3199852E-01  -0.1699765E-01  -0.4271242E+00   0.1383526E+03
  0.3875000000000E+01   0.1844198E+01   0.6151775E+00   0.1697540E+02  -0.3264265E-01  -0.1545909E-01  -0.3870143E+00   0.1381651E+03
  0.3916666666667E+01   0.1868740E+01   0.5889923E+00   0.1695576E+02  -0.3320216E-01  -0.1342816E-01  -0.3452421E+00   0.1379939E+03
  0.3958333333333E+01   0.1891875E+01   0.5552351E+00   0.1693754E+02  -0.3367321E-01  -0.1130534E-01  -0.3065644E+00   0.1378360E+03
  0.4000000000000E+01   0.1913472E+01   0.5183432E+00   0.1692032E+02  -0.3406412E-01  -0.9381854E-02  -0.2705254E+00   0.1376874E+03
  0.4041666666667E+01   0.1933629E+01   0.4837607E+00   0.1690421E+02  -0.3438639E-01  -0.7734459E-02  -0.2331962E+00   0.1375485E+03
  0.4083333333333E+01   0.1952527E+01   0.4535449E+00   0.1688965E+02  -0.3464709E-01  -0.6256720E-02  -0.1905991E+00   0.1374227E+03
  0.4125000000000E+01   0.1970255E+01   0.4254767E+00   0.1687667E+02  -0.3484715E-01  -0.4801490E-02  -0.1411394E+00   0.1373105E+03
  0.4166666666667E+01   0.1986784E+01   0.3967125E+00   0.1686453E+02  -0.3498539E-01  -0.3317704E-02  -0.8549113E-01   0.1372062E+03
  0.4208333333333E+01   0.2002117E+01   0.3679912E+00   0.1685215E+02  -0.3506312E-01  -0.1865453E-02  -0.2482314E-01   0.1371014E+03
  0.4250000000000E+01   0.2016442E+01   0.3437905E+00   0.1683894E+02  -0.3508422E-01  -0.5064018E-03   0.4047341E-01   0.1369915E+03
  0.4291666666667E+01   0.2030119E+01   0.3282427E+00   0.1682516E+02  -0.3505134E-01   0.7889515E-03   0.1101361E+00   0.1368794E+03
  0.4333333333333E+01   0.2043501E+01   0.3211769E+00   0.1681165E+02  -0.3496374E-01   0.2102396E-02   0.1822279E+00   0.1367720E+03
  0.4375000000000E+01   0.2056771E+01   0.3184770E+00   0.1679901E+02  -0.3481991E-01   0.3452093E-02   0.2523027E+00   0.1366742E+03
  0.4416666666667E+01   0.2069954E+01   0.3163865E+00   0.1678712E+02  -0.3462192E-01   0.4751777E-02   0.3146759E+00   0.1365839E+03
  0.4458333333333E+01   0.2083094E+01   0.3153687E+00   0.1677518E+02  -0.3437560E-01   0.5911612E-02   0.3649923E+00   0.1364929E+03
  0.4500000000000E+01   0.2096416E+01   0.3197146E+00   0.1676220E+02  -0.3408575E-01   0.6956311E-02   0.4020791E+00   0.1363918E+03
  0.4541666666667E+01   0.2110307E+01   0.3333834E+00   0.1674743E+02  -0.3375255E-01   0.7996952E-02   0.4275687E+00   0.1362741E+03
  0.4583333333333E+01   0.2125143E+01   0.3560811E+00   0.1673065E+02  -0.3337376E-01   0.9090893E-02   0.4439109E+00   0.1361378E+03
  0.4625000000000E+01   0.2141102E+01   0.3830190E+00   0.1671200E+02  -0.3295032E-01   0.1016257E-01   0.4528167E+00   0.1359845E+03
  0.4666666666667E+01   0.2158108E+01   0.4081281E+00   0.1669185E+02  -0.3248955E-01   0.1105835E-01   0.4552104E+00   0.1358171E+03
  0.4708333333333E+01   0.2175922E+01   0.4275298E+00   0.1667052E+02  -0.3200375E-01   0.1165934E-01   0.4520481E+00   0.1356387E+03
  0.4750000000000E+01   0.2194273E+01   0.4404390E+00   0.1664822E+02  -0.3150611E-01   0.1194322E-01   0.4448145E+00   0.1354513E+03
  0.4791666666667E+01   0.2212920E+01   0.4475264E+00   0.1662507E+02  -0.3100790E-01   0.1195721E-01   0.4352007E+00   0.1352564E+03
  0.4833333333333E+01   0.2231631E+01   0.4490678E+00   0.1660122E+02  -0.3051809E-01   0.1175541E-01   0.4244760E+00   0.1350554E+03
  0.4875000000000E+01   0.2250167E+01   0.4448691E+00   0.1657698E+02  -0.3004414E-01   0.1137484E-01   0.4132832E+00   0.1348511E+03
  0.4916666666667E+01   0.2268322E+01   0.4356998E+00   0.1655291E+02  -0.2959153E-01   0.1086250E-01   0.4018692E+00   0.1346483E+03
  0.4958333333333E+01   0.2285998E+01   0.4242358E+00   0.1652974E+02  -0.2916238E-01   0.1029953E-01   0.3901738E+00   0.1344529E+03
  0.5000000000000E+01   0.2303247E+01   0.4139847E+00   0.1650806E+02  -0.2875522E-01   0.9771841E-02   0.3775412E+00   0.1342698E+03
  0.5041666666667E+01   0.2320196E+01   0.4067709E+00   0.1648815E+02  -0.2836760E-01   0.9302894E-02   0.3626029E+00   0.1341011E+03
  0.5083333333333E+01   0.2336905E+01   0.4010023E+00   0.1646985E+02  -0.2800016E-01   0.8818733E-02   0.3439631E+00   0.1339454E+03
  0.5125000000000E+01   0.2353260E+01   0.3925161E+00   0.1645280E+02  -0.2765860E-01   0.8197465E-02   0.3214671E+00   0.1337995E+03
  0.5166666666667E+01   0.2368995E+01   0.3776418E+00   0.1643667E+02  -0.2735115E-01   0.7378646E-02   0.2970269E+00   0.1336613E+03
  0.5208333333333E+01   0.2383833E+01   0.3561323E+00   0.1642137E+02  -0.2708300E-01   0.6435663E-02   0.2740822E+00   0.1335304E+03
  0.5250000000000E+01   0.2397649E+01   0.3315785E+00   0.1640700E+02  -0.2685241E-01   0.5534240E-02   0.2557783E+00   0.1334083E+03
  0.5291666666667E+01   0.2410521E+01   0.3089253E+00   0.1639370E+02  -0.2665174E-01   0.4816017E-02   0.2431478E+00   0.1332958E+03
  0.5333333333333E+01   0.2422649E+01   0.2910612E+00   0.1638139E+02  -0.2647187E-01   0.4316956E-02   0.2347758E+00   0.1331923E+03
  0.5375000000000E+01   0.2434197E+01   0.2771682E+00   0.1636978E+02  -0.2630635E-01   0.3972336E-02   0.2281043E+00   0.1330947E+03
  0.5416666666667E+01   0.2445198E+01   0.2640237E+00   0.1635849E+02  -0.2615306E-01   0.3679032E-02   0.2210969E+00   0.1329999E+03
  0.5458333333333E+01   0.2455575E+01   0.2490331E+00   0.1634726E+02  -0.2601281E-01   0.3365863E-02   0.2129613E+00   0.1329054E+03
  0.5500000000000E+01   0.2465261E+01   0.2324712E+00   0.1633606E+02  -0.2588663E-01   0.3028480E-02   0.2036910E+00   0.1328110E+03
  0.5541666666667E+01   0.2474312E+01   0.2172121E+00   0.1632506E+02  -0.2577378E-01   0.2708374E-02   0.1931782E+00   0.1327183E+03
  0.5583333333333E+01   0.2482908E+01   0.2063224E+00   0.1631449E+02  -0.2567205E-01   0.2441461E-02   0.1808640E+00   0.1326291E+03
  0.5625000000000E+01   0.2491262E+01   0.2004944E+00   0.1630446E+02  -0.2557944E-01   0.2222700E-02   0.1662199E+00   0.1325443E+03
  0.5666666666667E+01   0.2499479E+01   0.1972023E+00   0.1629497E+02  -0.2549567E-01   0.2010428E-02   0.1494772E+00   0.1324638E+03
  0.5708333333333E+01   0.2507479E+01   0.1919991E+00   0.1628597E+02  -0.2542229E-01   0.1761248E-02   0.1318709E+00   0.1323875E+03
  0.5750000000000E+01   0.2515016E+01   0.1808811E+00   0.1627753E+02  -0.2536126E-01   0.1464633E-02   0.1152330E+00   0.1323162E+03
  0.5791666666667E+01   0.2521775E+01   0.1622164E+00   0.1626992E+02  -0.2531341E-01   0.1148373E-02   0.1013278E+00   0.1322519E+03
  0.5833333333333E+01   0.2527498E+01   0.1373533E+00   0.1626346E+02  -0.2527777E-01   0.8554255E-03   0.9141453E-01   0.1321977E+03
  0.5875000000000E+01   0.2532078E+01   0.1099358E+00   0.1625842E+02  -0.2525202E-01   0.6179329E-03   0.8618396E-01   0.1321554E+03
  0.5916666666667E+01   0.2535598E+01   0.8447027E-01   0.1625478E+02  -0.2523336E-01   0.4477670E-03   0.8581443E-01   0.1321251E+03
  0.5958333333333E+01   0.2538296E+01   0.6475752E-01   0.1625232E+02  -0.2521912E-01   0.3418766E-03   0.8993250E-01   0.1321047E+03
  0.6000000000000E+01   0.2540491E+01   0.5268208E-01   0.1625063E+02  -0.2520697E-01   0.2915172E-03   0.9751622E-01   0.1320910E+03
  0.6041666666667E+01   0.2542483E+01   0.4780675E-01   0.1624933E+02  -0.2519502E-01   0.2868771E-03   0.1069551E+00   0.1320807E+03
  0.6083333333333E+01   0.2544477E+01   0.4784097E-01   0.1624815E+02  -0.2518190E-01   0.3148953E-03   0.1163653E+00   0.1320714E+03
  0.6125000000000E+01   0.2546546E+01   0.4967382E-01   0.1624695E+02  -0.2516708E-01   0.3557518E-03   0.1240078E+00   0.1320619E+03
  0.6166666666667E+01   0.2548649E+01   0.5047272E-01   0.1624566E+02  -0.2515102E-01   0.3852421E-03   0.1284918E+00   0.1320514E+03
  0.6208333333333E+01   0.2550672E+01   0.4855007E-01   0.1624419E+02  -0.2513502E-01   0.3839971E-03   0.1287470E+00   0.1320392E+03
  0.6250000000000E+01   0.2552493E+01   0.4370193E-01   0.1624250E+02  -0.2512059E-01   0.3463696E-03   0.1236982E+00   0.1320248E+03
  0.6291666666667E+01   0.2554032E+01   0.3692619E-01   0.1624068E+02  -0.2510887E-01   0.2812192E-03   0.1125885E+00   0.1320090E+03
  0.6333333333333E+01   0.2555257E+01   0.2939339E-01   0.1623891E+02  -0.2510038E-01   0.2037697E-03   0.9369678E-01   0.1319932E+03
  0.6375000000000E+01   0.2556175E+01   0.2204400E-01   0.1623745E+02  -0.2509508E-01   0.1271915E-03   0.6933207E-01   0.1319800E+03
  0.6416666666667E+01   0.2556796E+01   0.1490444E-01   0.1623656E+02  -0.2509243E-01   0.6364025E-04   0.4247444E-01   0.1319718E+03
  0.6458333333333E+01   0.2557095E+01   0.7176274E-02   0.1622672E+02  -0.2509165E-01   0.1877295E-04   0.1667035E-01   0.1319683E+03
  0.6500000000000E+01   0.2557095E+01  -0.5100087E-15   0.1617626E+02  -0.2509165E-01   0.9714451E-16  -0.4375108E-02   0.1319668E+03
  0.6541666666667E+01   0.2557095E+01  -0.4996004E-15   0.1616269E+02  -0.2509165E-01   0.5238865E-15  -0.1843307E-01   0.1319687E+03
  0.6583333333333E+01   0.2557095E+01  -0.1318390E-15   0.1614288E+02  -0.2509165E-01   0.3018419E-15  -0.2425842E-01   0.1319721E+03
  0.6625000000000E+01   0.2557095E+01  -0.3191891E-15   0.1612495E+02  -0.2509165E-01   0.1353084E-15  -0.2181105E-01   0.1319763E+03
  0.6666666666667E+01   0.2557095E+01  -0.2914335E-15   0.1611315E+02  -0.2509165E-01   0.9540979E-16  -0.1258222E-01   0.1319817E+03
  0.6708333333333E+01   0.2557095E+01  -0.2463307E-15   0.1611302E+02  -0.2509165E-01   0.3105155E-15   0.5737721E-03   0.1319876E+03
  0.6750000000000E+01   0.2557095E+01  -0.7320533E-15   0.1612075E+02  -0.2509165E-01   0.2159731E-15   0.1531633E-01   0.1319939E+03
  0.6791666666667E+01   0.2557095E+01  -0.3989864E-15   0.1613117E+02  -0.2509165E-01  -0.1257675E-15   0.2872891E-01   0.1319994E+03
  0.6833333333333E+01   0.2557095E+01  -0.3365364E-15   0.1614294E+02  -0.2509165E-01   0.1214306E-16   0.3859382E-01   0.1320025E+03
  0.6875000000000E+01   0.2557095E+01  -0.2220446E-15   0.1615928E+02  -0.2509165E-01  -0.1431147E-16   0.4361586E-01   0.1320016E+03
  0.6916666666667E+01   0.2557095E+01  -0.2116363E-15   0.1617942E+02  -0.2509165E-01   0.1643650E-15   0.4352969E-01   0.1319973E+03
  0.6958333333333E+01   0.2557095E+01  -0.2428613E-16   0.1619858E+02  -0.2509165E-01   0.1487525E-15   0.3935286E-01   0.1319917E+03
  0.7000000000000E+01   0.2557095E+01   0.1110223E-15   0.1621048E+02  -0.2509165E-01   0.2233456E-16   0.3250215E-01   0.1319872E+03
  0.7041666666667E+01   0.2557095E+01  -0.6765422E-15   0.1621166E+02  -0.2509165E-01   0.3255859E-15   0.2440646E-01   0.1319854E+03
  0.7083333333333E+01   0.2557095E+01  -0.4926615E-15   0.1620335E+02  -0.2509165E-01  -0.4054916E-16   0.1629717E-01   0.1319864E+03
  0.7125000000000E+01   0.2557095E+01  -0.5481726E-15   0.1618986E+02  -0.2509165E-01   0.2633527E-15   0.9122042E-02   0.1319891E+03
  0.7166666666667E+01   0.2557095E+01  -0.2602085E-15   0.1617597E+02  -0.2509165E-01   0.6006480E-16   0.3405162E-02   0.1319926E+03
  0.7208333333333E+01   0.2557095E+01  -0.1561251E-15   0.1616687E+02  -0.2509165E-01   0.2406929E-15  -0.8368635E-03   0.1319953E+03
  0.7250000000000E+01   0.2557095E+01  -0.8326673E-16   0.1616644E+02  -0.2509165E-01   0.1411631E-15  -0.3450337E-02   0.1319958E+03
  0.7291666666667E+01   0.2557095E+01  -0.1908196E-15   0.1617282E+02  -0.2509165E-01   0.2690990E-15  -0.4507559E-02   0.1319935E+03
  0.7333333333333E+01   0.2557095E+01  -0.5447032E-15   0.1618667E+02  -0.2509165E-01   0.3113829E-15  -0.4008117E-02   0.1319878E+03
  0.7375000000000E+01   0.2557095E+01   0.1283695E-15   0.1620734E+02  -0.2509165E-01  -0.1314053E-15  -0.2390569E-02   0.1319790E+03
  0.7416666666667E+01   0.2557095E+01   0.1110223E-15   0.1623092E+02  -0.2509165E-01   0.1832302E-16  -0.3975968E-03   0.1319688E+03
  0.7458333333333E+01   0.2557095E+01  -0.9228729E-15   0.1623508E+02  -0.2509165E-01   0.2081668E-16   0.2135703E-02   0.1319590E+03
  0.7500000000000E+01   0.2557198E+01   0.2479532E-02   0.1623426E+02  -0.2509164E-01   0.3261791E-06   0.6125656E-02   0.1319522E+03
  0.7541666666667E+01   0.2557449E+01   0.6019846E-02   0.1623382E+02  -0.2509154E-01   0.2271462E-05   0.1263455E-01   0.1319485E+03
  0.7583333333333E+01   0.2557790E+01   0.8169048E-02   0.1623346E+02  -0.2509128E-01   0.6357855E-05   0.2233137E-01   0.1319456E+03
  0.7625000000000E+01   0.2558136E+01   0.8325646E-02   0.1623285E+02  -0.2509080E-01   0.1145308E-04   0.3299581E-01   0.1319407E+03
  0.7666666666667E+01   0.2558485E+01   0.8367856E-02   0.1623202E+02  -0.2509009E-01   0.1700897E-04   0.4357679E-01   0.1319340E+03
  0.7708333333333E+01   0.2558920E+01   0.1044278E-01   0.1623118E+02  -0.2508892E-01   0.2803489E-04   0.5450794E-01   0.1319273E+03
  0.7750000000000E+01   0.2559546E+01   0.1502095E-01   0.1623043E+02  -0.2508682E-01   0.5044372E-04   0.6666931E-01   0.1319214E+03
  0.7791666666667E+01   0.2560423E+01   0.2104432E-01   0.1622917E+02  -0.2508322E-01   0.8644322E-04   0.8054999E-01   0.1319114E+03
  0.7833333333333E+01   0.2561651E+01   0.2947530E-01   0.1622695E+02  -0.2507712E-01   0.1462944E-03   0.9539668E-01   0.1318936E+03
  0.7875000000000E+01   0.2563403E+01   0.4203823E-01   0.1622392E+02  -0.2506683E-01   0.2471387E-03   0.1095481E+00   0.1318691E+03
  0.7916666666667E+01   0.2565812E+01   0.5782975E-01   0.1622048E+02  -0.2505056E-01   0.3904815E-03   0.1212523E+00   0.1318411E+03
  0.7958333333333E+01   0.2568860E+01   0.7314538E-01   0.1621665E+02  -0.2502777E-01   0.5467811E-03   0.1299427E+00   0.1318098E+03
  0.8000000000000E+01   0.2572422E+01   0.8548971E-01   0.1621209E+02  -0.2499923E-01   0.6850220E-03   0.1378574E+00   0.1317723E+03
  0.8041666666667E+01   0.2576453E+01   0.9674207E-01   0.1620659E+02  -0.2496495E-01   0.8226335E-03   0.1460468E+00   0.1317271E+03
  0.8083333333333E+01   0.2581070E+01   0.1108136E+00   0.1620046E+02  -0.2492335E-01   0.9986043E-03   0.1542003E+00   0.1316766E+03
  0.8125000000000E+01   0.2586434E+01   0.1287310E+00   0.1619419E+02  -0.2487229E-01   0.1225296E-02   0.1618239E+00   0.1316250E+03
  0.8166666666667E+01   0.2592547E+01   0.1467109E+00   0.1618804E+02  -0.2481121E-01   0.1466039E-02   0.1691226E+00   0.1315743E+03
  0.8208333333333E+01   0.2599189E+01   0.1594183E+00   0.1618180E+02  -0.2474181E-01   0.1665504E-02   0.1768938E+00   0.1315231E+03
  0.8250000000000E+01   0.2606061E+01   0.1649109E+00   0.1617521E+02  -0.2466670E-01   0.1802748E-02   0.1856059E+00   0.1314690E+03
  0.8291666666667E+01   0.2612979E+01   0.1660341E+00   0.1616827E+02  -0.2458731E-01   0.1905193E-02   0.1945482E+00   0.1314120E+03
  0.8333333333333E+01   0.2619937E+01   0.1670069E+00   0.1616132E+02  -0.2450358E-01   0.2009545E-02   0.2021091E+00   0.1313549E+03
  0.8375000000000E+01   0.2626980E+01   0.1690136E+00   0.1615472E+02  -0.2441551E-01   0.2113639E-02   0.2070592E+00   0.1313004E+03
  0.8416666666667E+01   0.2634035E+01   0.1693321E+00   0.1614864E+02  -0.2432508E-01   0.2170373E-02   0.2096331E+00   0.1312500E+03
  0.8458333333333E+01   0.2640891E+01   0.1645415E+00   0.1614307E+02  -0.2423608E-01   0.2135991E-02   0.2114331E+00   0.1312037E+03
  0.8500000000000E+01   0.2647315E+01   0.1541648E+00   0.1613795E+02  -0.2415195E-01   0.2019167E-02   0.2142415E+00   0.1311615E+03
  0.8541666666667E+01   0.2653192E+01   0.1410610E+00   0.1613333E+02  -0.2407392E-01   0.1872674E-02   0.2187104E+00   0.1311235E+03
  0.8583333333333E+01   0.2658551E+01   0.1286021E+00   0.1612922E+02  -0.2400128E-01   0.1743385E-02   0.2240166E+00   0.1310898E+03
  0.8625000000000E+01   0.2663463E+01   0.1178909E+00   0.1612553E+02  -0.2393306E-01   0.1637371E-02   0.2286728E+00   0.1310596E+03
  0.8666666666667E+01   0.2667954E+01   0.1077816E+00   0.1612212E+02  -0.2386937E-01   0.1528428E-02   0.2316090E+00   0.1310315E+03
  0.8708333333333E+01   0.2672004E+01   0.9721476E-01   0.1611887E+02  -0.2381118E-01   0.1396579E-02   0.2325820E+00   0.1310045E+03
  0.8750000000000E+01   0.2675632E+01   0.8706156E-01   0.1611578E+02  -0.2375884E-01   0.1256227E-02   0.2317948E+00   0.1309787E+03
  0.8791666666667E+01   0.2678946E+01   0.7954378E-01   0.1611290E+02  -0.2371117E-01   0.1144086E-02   0.2293163E+00   0.1309544E+03
  0.8833333333333E+01   0.2682115E+01   0.7606612E-01   0.1611017E+02  -0.2366606E-01   0.1082561E-02   0.2249249E+00   0.1309311E+03
  0.8875000000000E+01   0.2685277E+01   0.7587586E-01   0.1610742E+02  -0.2362192E-01   0.1059354E-02   0.2184140E+00   0.1309075E+03
  0.8916666666667E+01   0.2688480E+01   0.7687224E-01   0.1610447E+02  -0.2357849E-01   0.1042376E-02   0.2098857E+00   0.1308820E+03
  0.8958333333333E+01   0.2691711E+01   0.7755351E-01   0.1610125E+02  -0.2353638E-01   0.1010736E-02   0.1996640E+00   0.1308541E+03
  0.9000000000000E+01   0.2694963E+01   0.7804394E-01   0.1609784E+02  -0.2349605E-01   0.9677858E-03   0.1879565E+00   0.1308245E+03
  0.9041666666667E+01   0.2698267E+01   0.7930052E-01   0.1609437E+02  -0.2345747E-01   0.9259034E-03   0.1747046E+00   0.1307943E+03
  0.9083333333333E+01   0.2701664E+01   0.8152922E-01   0.1609093E+02  -0.2342060E-01   0.8850011E-03   0.1598615E+00   0.1307644E+03
  0.9125000000000E+01   0.2705144E+01   0.8350962E-01   0.1608755E+02  -0.2338603E-01   0.8296584E-03   0.1438493E+00   0.1307349E+03
  0.9166666666667E+01   0.2708620E+01   0.8342271E-01   0.1608424E+02  -0.2335495E-01   0.7459368E-03   0.1277365E+00   0.1307062E+03
  0.9208333333333E+01   0.2711963E+01   0.8023011E-01   0.1608106E+02  -0.2332840E-01   0.6371647E-03   0.1129511E+00   0.1306788E+03
  0.9250000000000E+01   0.2715057E+01   0.7425490E-01   0.1607811E+02  -0.2330667E-01   0.5215560E-03   0.1007784E+00   0.1306536E+03
  0.9291666666667E+01   0.2717831E+01   0.6658956E-01   0.1607549E+02  -0.2328928E-01   0.4173866E-03   0.9205554E-01   0.1306313E+03
  0.9333333333333E+01   0.2720254E+01   0.5813099E-01   0.1607321E+02  -0.2327541E-01   0.3328844E-03   0.8722938E-01   0.1306120E+03
  0.9375000000000E+01   0.2722305E+01   0.4922656E-01   0.1607121E+02  -0.2326428E-01   0.2671528E-03   0.8655738E-01   0.1305953E+03
  0.9416666666667E+01   0.2723975E+01   0.4009401E-01   0.1606940E+02  -0.2325528E-01   0.2159410E-03   0.9013846E-01   0.1305805E+03
  0.9458333333333E+01   0.2725281E+01   0.3134715E-01   0.1606777E+02  -0.2324795E-01   0.1758362E-03   0.9772189E-01   0.1305672E+03
  0.9500000000000E+01   0.2726280E+01   0.2395812E-01   0.1606635E+02  -0.2324188E-01   0.1457099E-03   0.1085273E+00   0.1305560E+03
  0.9541666666667E+01   0.2727058E+01   0.1867782E-01   0.1606522E+02  -0.2323662E-01   0.1261676E-03   0.1213006E+00   0.1305473E+03
  0.9583333333333E+01   0.2727704E+01   0.1551308E-01   0.1606442E+02  -0.2323174E-01   0.1171317E-03   0.1346783E+00   0.1305415E+03
  0.9625000000000E+01   0.2728279E+01   0.1378598E-01   0.1606394E+02  -0.2322693E-01   0.1155767E-03   0.1478452E+00   0.1305385E+03
  0.9666666666667E+01   0.2728803E+01   0.1257312E-01   0.1606376E+02  -0.2322211E-01   0.1157172E-03   0.1595535E+00   0.1305379E+03
  0.9708333333333E+01   0.2729262E+01   0.1103275E-01   0.1606384E+02  -0.2321754E-01   0.1095830E-03   0.1689459E+00   0.1305394E+03
  0.9750000000000E+01   0.2729619E+01   0.8572273E-02   0.1606417E+02  -0.2321378E-01   0.9015589E-04   0.1754856E+00   0.1305427E+03
  0.9791666666667E+01   0.2729820E+01   0.4816241E-02   0.1606464E+02  -0.2321159E-01   0.5261279E-04   0.1783164E+00   0.1305469E+03
  0.9833333333333E+01   0.2729827E+01   0.1707196E-03   0.1603068E+02  -0.2321151E-01   0.1894976E-05   0.1772387E+00   0.1305513E+03
  0.9875000000000E+01   0.2729827E+01   0.2463307E-15   0.1601987E+02  -0.2321151E-01   0.1561251E-16   0.1732938E+00   0.1305568E+03
  0.9916666666667E+01   0.2729827E+01  -0.2116363E-15   0.1600556E+02  -0.2321151E-01  -0.8066464E-16   0.1676331E+00   0.1305623E+03
  0.9958333333333E+01   0.2729827E+01  -0.4024558E-15   0.1598954E+02  -0.2321151E-01   0.7112366E-16   0.1620238E+00   0.1305669E+03
  0.1000000000000E+02   0.2729827E+01   0.2185752E-15   0.1597477E+02  -0.2321151E-01   0.3191891E-15   0.1578625E+00   0.1305703E+03
  0.1004166666667E+02   0.2729827E+01  -0.5325601E-15   0.1596348E+02  -0.2321151E-01  -0.1257675E-15   0.1563809E+00   0.1305730E+03
  0.1008333333333E+02   0.2729827E+01  -0.3903128E-15   0.1595671E+02  -0.2321151E-01  -0.4857226E-16   0.1583927E+00   0.1305751E+03
  0.1012500000000E+02   0.2729827E+01  -0.1013079E-14   0.1595452E+02  -0.2321151E-01   0.3452100E-15   0.1642495E+00   0.1305770E+03
  0.1016666666667E+02   0.2729827E+01  -0.1214306E-15   0.1595643E+02  -0.2321151E-01  -0.7285839E-16   0.1739182E+00   0.1305783E+03
  0.1020833333333E+02   0.2729827E+01  -0.1942890E-15   0.1596181E+02  -0.2321151E-01  -0.1960238E-15   0.1870694E+00   0.1305793E+03
  0.1025000000000E+02   0.2729827E+01  -0.3226586E-15   0.1597009E+02  -0.2321151E-01  -0.1144917E-15   0.2030966E+00   0.1305802E+03
  0.1029166666667E+02   0.2729827E+01  -0.3434752E-15   0.1598067E+02  -0.2321151E-01   0.1595946E-15   0.2211396E+00   0.1305817E+03
  0.1033333333333E+02   0.2729827E+01  -0.1908196E-15   0.1599275E+02  -0.2321151E-01   0.5724587E-16   0.2401453E+00   0.1305842E+03
  0.1037500000000E+02   0.2729827E+01  -0.5898060E-16   0.1600517E+02  -0.2321151E-01   0.2012279E-15   0.2589924E+00   0.1305879E+03
  0.1041666666667E+02   0.2729827E+01  -0.4718448E-15   0.1601636E+02  -0.2321151E-01   0.1838807E-15   0.2766473E+00   0.1305929E+03
  0.1045833333333E+02   0.2729827E+01  -0.3712308E-15   0.1602512E+02  -0.2321151E-01  -0.5898060E-16   0.2923294E+00   0.1305987E+03
  0.1050000000000E+02   0.2729827E+01  -0.1769418E-15   0.1602974E+02  -0.2321151E-01  -0.2949030E-16   0.3054657E+00   0.1306052E+03
  0.1054166666667E+02   0.2729827E+01  -0.6140921E-15   0.1602843E+02  -0.2321151E-01   0.1439820E-15   0.3156389E+00   0.1306118E+03
  0.1058333333333E+02   0.2729827E+01   0.1838807E-15   0.1602091E+02  -0.2321151E-01  -0.7112366E-16   0.3226239E+00   0.1306182E+03
  0.1062500000000E+02   0.2729827E+01  -0.2324529E-15   0.1600906E+02  -0.2321151E-01   0.2255141E-15   0.3264245E+00   0.1306235E+03
  0.1066666666667E+02   0.2729827E+01  -0.1908196E-15   0.1599435E+02  -0.2321151E-01   0.1717376E-15   0.3271391E+00   0.1306275E+03
  0.1070833333333E+02   0.2729827E+01  -0.5585810E-15   0.1597841E+02  -0.2321151E-01   0.1474515E-15   0.3250237E+00   0.1306304E+03
  0.1075000000000E+02   0.2729827E+01  -0.1110223E-15   0.1596267E+02  -0.2321151E-01   0.3122502E-16   0.3204598E+00   0.1306326E+03
  0.1079166666667E+02   0.2729827E+01  -0.5481726E-15   0.1594830E+02  -0.2321151E-01  -0.3061787E-15   0.3138985E+00   0.1306343E+03
  0.1083333333333E+02   0.2729827E+01   0.4440892E-15   0.1593619E+02  -0.2321151E-01   0.3183218E-15   0.3058018E+00   0.1306359E+03
  0.1087500000000E+02   0.2729827E+01  -0.6002143E-15   0.1592702E+02  -0.2321151E-01   0.7112366E-16   0.2966089E+00   0.1306374E+03
  0.1091666666667E+02   0.2729827E+01  -0.1491862E-15   0.1592120E+02  -0.2321151E-01   0.1162265E-15   0.2867338E+00   0.1306387E+03
  0.1095833333333E+02   0.2729827E+01  -0.7563394E-15   0.1591886E+02  -0.2321151E-01   0.3469447E-15   0.2765746E+00   0.1306397E+03
  0.1100000000000E+02   0.2729827E+01  -0.4649059E-15   0.1591981E+02  -0.2321151E-01  -0.9020562E-16   0.2665109E+00   0.1306403E+03
  0.1104166666667E+02   0.2729827E+01  -0.6938894E-16   0.1592360E+02  -0.2321151E-01   0.1465841E-15   0.2569205E+00   0.1306406E+03
  0.1108333333333E+02   0.2729827E+01  -0.4128642E-15   0.1592955E+02  -0.2321151E-01   0.1222980E-15   0.2481781E+00   0.1306408E+03
  0.1112500000000E+02   0.2729827E+01  -0.3590878E-15   0.1593685E+02  -0.2321151E-01   0.8673617E-18   0.2407540E+00   0.1306414E+03
  0.1116666666667E+02   0.2729827E+01   0.4475587E-15   0.1594525E+02  -0.2321151E-01  -0.2012279E-15   0.2355735E+00   0.1306427E+03
  0.1120833333333E+02   0.2729827E+01  -0.2029626E-15   0.1595553E+02  -0.2321151E-01  -0.1014813E-15   0.2342074E+00   0.1306445E+03
  0.1125000000000E+02   0.2729827E+01  -0.2532696E-15   0.1597117E+02  -0.2321151E-01   0.2159731E-15   0.2369966E+00   0.1306462E+03
  0.1129166666667E+02   0.2729827E+01   0.3712308E-15   0.1599291E+02  -0.2321151E-01   0.1734723E-15   0.2430540E+00   0.1306474E+03
  0.1133333333333E+02   0.2729827E+01  -0.2706169E-15   0.1601737E+02  -0.2321151E-01  -0.1934217E-15   0.2504300E+00   0.1306481E+03
  0.1137500000000E+02   0.2729827E+01  -0.5915407E-15   0.1604179E+02  -0.2321151E-01   0.1370432E-15   0.2579334E+00   0.1306487E+03
  0.1141666666667E+02   0.2729827E+01  -0.1543904E-15   0.1606729E+02  -0.2321151E-01   0.7112366E-16   0.2655478E+00   0.1306486E+03
  0.1145833333333E+02   0.2729827E+01  -0.5655199E-15   0.1607541E+02  -0.2321151E-01   0.1665335E-15   0.2735365E+00   0.1306478E+03
  0.1150000000000E+02   0.2729931E+01   0.2480830E-02   0.1607528E+02  -0.2320975E-01   0.4221339E-04   0.2821713E+00   0.1306479E+03
  0.1154166666667E+02   0.2730207E+01   0.6634727E-02   0.1607534E+02  -0.2320490E-01   0.1164602E-03   0.2910868E+00   0.1306498E+03
  0.1158333333333E+02   0.2730598E+01   0.9387652E-02   0.1607544E+02  -0.2319782E-01   0.1699884E-03   0.2995589E+00   0.1306519E+03
  0.1162500000000E+02   0.2730981E+01   0.9179469E-02   0.1607537E+02  -0.2319069E-01   0.1710555E-03   0.3072058E+00   0.1306525E+03
  0.1166666666667E+02   0.2731276E+01   0.7097260E-02   0.1607513E+02  -0.2318504E-01   0.1356311E-03   0.3140349E+00   0.1306517E+03
  0.1170833333333E+02   0.2731496E+01   0.5271658E-02   0.1607496E+02  -0.2318075E-01   0.1029842E-03   0.3198104E+00   0.1306512E+03
  0.1175000000000E+02   0.2731686E+01   0.4562341E-02   0.1607505E+02  -0.2317697E-01   0.9076747E-04   0.3241965E+00   0.1306526E+03
  0.1179166666667E+02   0.2731853E+01   0.4013809E-02   0.1607532E+02  -0.2317359E-01   0.8094925E-04   0.3273890E+00   0.1306554E+03
  0.1183333333333E+02   0.2731948E+01   0.2260222E-02   0.1607336E+02  -0.2317167E-01   0.4603156E-04   0.3298476E+00   0.1306571E+03
  0.1187500000000E+02   0.2731948E+01  -0.1908196E-15   0.1606150E+02  -0.2317167E-01   0.4510281E-16   0.3317960E+00   0.1306563E+03
  0.1191666666667E+02   0.2731948E+01   0.3087808E-15   0.1606245E+02  -0.2317167E-01  -0.1942890E-15   0.3330714E+00   0.1306553E+03
  0.1195833333333E+02   0.2731948E+01  -0.1023487E-15   0.1605949E+02  -0.2317167E-01  -0.1214306E-15   0.3327860E+00   0.1306541E+03
  0.1200000000000E+02   0.2731948E+01  -0.1734723E-16   0.1605184E+02  -0.2317167E-01  -0.1040834E-15   0.3309858E+00   0.1306527E+03
  0.1204166666667E+02   0.2731948E+01  -0.2896988E-15   0.1604186E+02  -0.2317167E-01   0.1127570E-15   0.3278678E+00   0.1306508E+03
  0.1208333333333E+02   0.2731948E+01   0.1682682E-15   0.1602974E+02  -0.2317167E-01   0.7112366E-16   0.3235978E+00   0.1306488E+03
  0.1212500000000E+02   0.2731948E+01  -0.9194034E-16   0.1601661E+02  -0.2317167E-01  -0.7112366E-16   0.3183047E+00   0.1306469E+03
  0.1216666666667E+02   0.2731948E+01  -0.3816392E-15   0.1600382E+02  -0.2317167E-01  -0.1561251E-16   0.3120565E+00   0.1306455E+03
  0.1220833333333E+02   0.2731948E+01  -0.5516421E-15   0.1599249E+02  -0.2317167E-01   0.2498002E-15   0.3048658E+00   0.1306443E+03
  0.1225000000000E+02   0.2731948E+01  -0.1283695E-15   0.1598321E+02  -0.2317167E-01  -0.1734723E-16   0.2966643E+00   0.1306432E+03
  0.1229166666667E+02   0.2731948E+01   0.1595946E-15   0.1597610E+02  -0.2317167E-01   0.1647987E-15   0.2872702E+00   0.1306423E+03
  0.1233333333333E+02   0.2731948E+01  -0.3469447E-17   0.1597102E+02  -0.2317167E-01  -0.2498002E-15   0.2764251E+00   0.1306415E+03
  0.1237500000000E+02   0.2731948E+01  -0.3642919E-16   0.1596775E+02  -0.2317167E-01  -0.1838807E-15   0.2639244E+00   0.1306409E+03
  0.1241666666667E+02   0.2731948E+01  -0.6817463E-15   0.1596607E+02  -0.2317167E-01   0.2081668E-16   0.2497671E+00   0.1306400E+03
  0.1245833333333E+02   0.2731948E+01  -0.4978656E-15   0.1596563E+02  -0.2317167E-01  -0.1283695E-15   0.2342147E+00   0.1306387E+03
  0.1250000000000E+02   0.2731948E+01   0.1370432E-15   0.1596594E+02  -0.2317167E-01  -0.1890849E-15   0.2177272E+00   0.1306370E+03
  0.1254166666667E+02   0.2731948E+01  -0.3400058E-15   0.1596642E+02  -0.2317167E-01  -0.9714451E-16   0.2008520E+00   0.1306351E+03
  0.1258333333333E+02   0.2731948E+01   0.2949030E-16   0.1596657E+02  -0.2317167E-01  -0.2393918E-15   0.1841593E+00   0.1306335E+03
  0.1262500000000E+02   0.2731948E+01   0.2133710E-15   0.1596603E+02  -0.2317167E-01  -0.3001072E-15   0.1682454E+00   0.1306326E+03
  0.1266666666667E+02   0.2731948E+01  -0.2602085E-15   0.1596461E+02  -0.2317167E-01   0.2324529E-15   0.1537406E+00   0.1306328E+03
  0.1270833333333E+02   0.2731948E+01  -0.5551115E-16   0.1596217E+02  -0.2317167E-01  -0.1578598E-15   0.1412604E+00   0.1306341E+03
  0.1275000000000E+02   0.2731948E+01  -0.6088879E-15   0.1595872E+02  -0.2317167E-01  -0.1058181E-15   0.1313044E+00   0.1306365E+03
  0.1279166666667E+02   0.2731948E+01  -0.1491862E-15   0.1595440E+02  -0.2317167E-01  -0.1422473E-15   0.1241676E+00   0.1306396E+03
  0.1283333333333E+02   0.2731948E+01  -0.6401130E-15   0.1594958E+02  -0.2317167E-01   0.1734723E-16   0.1199096E+00   0.1306428E+03
  0.1287500000000E+02   0.2731948E+01  -0.4579670E-15   0.1594482E+02  -0.2317167E-01   0.1552578E-15   0.1183779E+00   0.1306458E+03
  0.1291666666667E+02   0.2731948E+01  -0.6869505E-15   0.1594075E+02  -0.2317167E-01   0.1474515E-15   0.1192407E+00   0.1306484E+03
  0.1295833333333E+02   0.2731948E+01  -0.1353084E-15   0.1593797E+02  -0.2317167E-01   0.3295975E-15   0.1220098E+00   0.1306506E+03
  0.1300000000000E+02   0.2731948E+01  -0.3556183E-15   0.1593692E+02  -0.2317167E-01   0.1647987E-15   0.1260674E+00   0.1306524E+03
  0.1304166666667E+02   0.2731948E+01  -0.1162265E-15   0.1593786E+02  -0.2317167E-01  -0.3027092E-15   0.1307213E+00   0.1306539E+03
  0.1308333333333E+02   0.2731948E+01  -0.2949030E-15   0.1594092E+02  -0.2317167E-01   0.1925543E-15   0.1352915E+00   0.1306550E+03
  0.1312500000000E+02   0.2731948E+01  -0.1942890E-15   0.1594611E+02  -0.2317167E-01   0.3989864E-16   0.1391993E+00   0.1306557E+03
  0.1316666666667E+02   0.2731948E+01   0.4891920E-15   0.1595334E+02  -0.2317167E-01   0.1275022E-15   0.1420291E+00   0.1306557E+03
  0.1320833333333E+02   0.2731948E+01  -0.4683753E-16   0.1596245E+02  -0.2317167E-01  -0.1275022E-15   0.1435528E+00   0.1306550E+03
  0.1325000000000E+02   0.2731948E+01  -0.2498002E-15   0.1597309E+02  -0.2317167E-01  -0.2029626E-15   0.1437252E+00   0.1306537E+03
  0.1329166666667E+02   0.2731948E+01  -0.9887924E-16   0.1598476E+02  -0.2317167E-01   0.8413409E-16   0.1426639E+00   0.1306518E+03
  0.1333333333333E+02   0.2731948E+01  -0.8847090E-16   0.1599675E+02  -0.2317167E-01  -0.1847481E-15   0.1406200E+00   0.1306496E+03
  0.1337500000000E+02   0.2731948E+01  -0.4232725E-15   0.1600822E+02  -0.2317167E-01  -0.1214306E-16   0.1379414E+00   0.1306475E+03
  0.1341666666667E+02   0.2731948E+01  -0.2931683E-15   0.1601823E+02  -0.2317167E-01   0.3226586E-15   0.1350352E+00   0.1306456E+03
  0.1345833333333E+02   0.2731948E+01  -0.4857226E-15   0.1602593E+02  -0.2317167E-01   0.1994932E-16   0.1323388E+00   0.1306443E+03
  0.1350000000000E+02   0.2731948E+01  -0.5603157E-15   0.1603059E+02  -0.2317167E-01   0.3642919E-16   0.1303033E+00   0.1306437E+03
  0.1354166666667E+02   0.2731948E+01   0.3009745E-15   0.1603172E+02  -0.2317167E-01  -0.2367898E-15   0.1293822E+00   0.1306439E+03
  0.1358333333333E+02   0.2731948E+01   0.3634246E-15   0.1602908E+02  -0.2317167E-01   0.6071532E-16   0.1300105E+00   0.1306449E+03
  0.1362500000000E+02   0.2731948E+01  -0.9957313E-15   0.1602275E+02  -0.2317167E-01   0.4857226E-16   0.1325638E+00   0.1306464E+03
  0.1366666666667E+02   0.2731948E+01  -0.4510281E-16   0.1601303E+02  -0.2317167E-01   0.8153200E-16   0.1373023E+00   0.1306483E+03
  0.1370833333333E+02   0.2731948E+01   0.2558717E-15   0.1600046E+02  -0.2317167E-01  -0.2393918E-15   0.1443133E+00   0.1306505E+03
  0.1375000000000E+02   0.2731948E+01  -0.3599551E-15   0.1598569E+02  -0.2317167E-01   0.1127570E-15   0.1534719E+00   0.1306529E+03
  0.1379166666667E+02   0.2731948E+01  -0.7892992E-16   0.1596949E+02  -0.2317167E-01  -0.2237793E-15   0.1644312E+00   0.1306552E+03
  0.1383333333333E+02   0.2731948E+01   0.3877107E-15   0.1595262E+02  -0.2317167E-01  -0.3538836E-15   0.1766460E+00   0.1306575E+03
  0.1387500000000E+02   0.2731948E+01   0.6470519E-15   0.1593581E+02  -0.2317167E-01  -0.2185752E-15   0.1894253E+00   0.1306595E+03
  0.1391666666667E+02   0.2731948E+01   0.1561251E-15   0.1591974E+02  -0.2317167E-01   0.7459311E-16   0.2020039E+00   0.1306611E+03
  0.1395833333333E+02   0.2731948E+01  -0.3226586E-15   0.1590499E+02  -0.2317167E-01   0.9194034E-16   0.2136194E+00   0.1306618E+03
  0.1400000000000E+02   0.2731948E+01  -0.4943962E-16   0.1589203E+02  -0.2317167E-01   0.3209238E-15   0.2235845E+00   0.1306616E+03
  0.1404166666667E+02   0.2731948E+01  -0.2558717E-15   0.1588123E+02  -0.2317167E-01  -0.2775558E-16   0.2313452E+00   0.1306602E+03
  0.1408333333333E+02   0.2731948E+01  -0.1838807E-15   0.1587281E+02  -0.2317167E-01  -0.5724587E-16   0.2365252E+00   0.1306575E+03
  0.1412500000000E+02   0.2731948E+01  -0.3998538E-15   0.1586687E+02  -0.2317167E-01   0.2081668E-16   0.2389579E+00   0.1306537E+03
  0.1416666666667E+02   0.2731948E+01   0.1439820E-15   0.1586336E+02  -0.2317167E-01   0.3018419E-15   0.2387077E+00   0.1306491E+03
  0.1420833333333E+02   0.2731948E+01  -0.7381248E-15   0.1586205E+02  -0.2317167E-01   0.1925543E-15   0.2360736E+00   0.1306438E+03
  0.1425000000000E+02   0.2731948E+01  -0.5681219E-15   0.1586251E+02  -0.2317167E-01   0.2619432E-15   0.2315661E+00   0.1306383E+03
  0.1429166666667E+02   0.2731948E+01  -0.3694961E-15   0.1586419E+02  -0.2317167E-01  -0.6938894E-16   0.2258538E+00   0.1306328E+03
  0.1433333333333E+02   0.2731948E+01   0.7806256E-16   0.1586641E+02  -0.2317167E-01   0.1370432E-15   0.2196821E+00   0.1306278E+03
  0.1437500000000E+02   0.2731948E+01  -0.7546047E-16   0.1586851E+02  -0.2317167E-01   0.1179612E-15   0.2137804E+00   0.1306234E+03
  0.1441666666667E+02   0.2731948E+01   0.3079134E-15   0.1586992E+02  -0.2317167E-01   0.1110223E-15   0.2087773E+00   0.1306199E+03
  0.1445833333333E+02   0.2731948E+01   0.4770490E-17   0.1587027E+02  -0.2317167E-01   0.1734723E-15   0.2051363E+00   0.1306174E+03
  0.1450000000000E+02   0.2731948E+01  -0.2823262E-15   0.1586948E+02  -0.2317167E-01   0.1890849E-15   0.2031211E+00   0.1306158E+03
  0.1454166666667E+02   0.2731948E+01  -0.1528725E-15   0.1586771E+02  -0.2317167E-01   0.1075529E-15   0.2027869E+00   0.1306151E+03
  0.1458333333333E+02   0.2731948E+01  -0.2921925E-15   0.1586539E+02  -0.2317167E-01  -0.1127570E-15   0.2039928E+00   0.1306149E+03
  0.1462500000000E+02   0.2731948E+01  -0.6520392E-15   0.1586304E+02  -0.2317167E-01   0.6071532E-16   0.2064276E+00   0.1306152E+03
  0.1466666666667E+02   0.2731948E+01   0.2044805E-15   0.1586122E+02  -0.2317167E-01   0.9714451E-16   0.2096469E+00   0.1306154E+03
  0.1470833333333E+02   0.2731948E+01  -0.2033963E-15   0.1586044E+02  -0.2317167E-01  -0.9887924E-16   0.2131177E+00   0.1306155E+03
  0.1475000000000E+02   0.2731948E+01  -0.1374768E-15   0.1586105E+02  -0.2317167E-01  -0.9540979E-16   0.2162710E+00   0.1306150E+03
  0.1479166666667E+02   0.2731948E+01   0.2211772E-15   0.1586326E+02  -0.2317167E-01   0.8847090E-16   0.2185577E+00   0.1306138E+03
  0.1483333333333E+02   0.2731948E+01  -0.1474515E-15   0.1586712E+02  -0.2317167E-01   0.1110223E-15   0.2195049E+00   0.1306119E+03
  0.1487500000000E+02   0.2731948E+01  -0.2970714E-15   0.1587260E+02  -0.2317167E-01   0.1474515E-15   0.2187640E+00   0.1306092E+03
  0.1491666666667E+02   0.2731948E+01  -0.7775898E-15   0.1587956E+02  -0.2317167E-01  -0.6938894E-16   0.2161458E+00   0.1306059E+03
  0.1495833333333E+02   0.2731948E+01  -0.8920815E-15   0.1588784E+02  -0.2317167E-01   0.4163336E-16   0.2116367E+00   0.1306019E+03
  0.1500000000000E+02   0.2731948E+01   0.1483189E-15   0.1589723E+02  -0.2317167E-01   0.1752071E-15   0.2053930E+00   0.1305976E+03
  0.1504166666667E+02   0.2731948E+01  -0.3191891E-15   0.1590752E+02  -0.2317167E-01  -0.3295975E-15   0.1977122E+00   0.1305931E+03
  0.1508333333333E+02   0.2731948E+01   0.2081668E-16   0.1591841E+02  -0.2317167E-01  -0.3989864E-16   0.1889881E+00   0.1305885E+03
  0.1512500000000E+02   0.2731948E+01  -0.1014813E-15   0.1592953E+02  -0.2317167E-01   0.1977585E-15   0.1796591E+00   0.1305840E+03
  0.1516666666667E+02   0.2731948E+01   0.1977585E-15   0.1594046E+02  -0.2317167E-01  -0.2203099E-15   0.1701621E+00   0.1305799E+03
  0.1520833333333E+02   0.2731948E+01   0.1231654E-15   0.1595067E+02  -0.2317167E-01  -0.8500145E-16   0.1608987E+00   0.1305763E+03
  0.1525000000000E+02   0.2731948E+01  -0.1734723E-17   0.1595966E+02  -0.2317167E-01  -0.2966377E-15   0.1522189E+00   0.1305734E+03
  0.1529166666667E+02   0.2731948E+01  -0.5126108E-15   0.1596697E+02  -0.2317167E-01   0.2220446E-15   0.1444202E+00   0.1305713E+03
  0.1533333333333E+02   0.2731948E+01   0.2055647E-15   0.1597228E+02  -0.2317167E-01   0.1804112E-15   0.1377521E+00   0.1305702E+03
  0.1537500000000E+02   0.2731948E+01  -0.3295975E-15   0.1597547E+02  -0.2317167E-01   0.2688821E-15   0.1324172E+00   0.1305699E+03
  0.1541666666667E+02   0.2731948E+01   0.2688821E-15   0.1597659E+02  -0.2317167E-01  -0.1908196E-16   0.1285671E+00   0.1305704E+03
  0.1545833333333E+02   0.2731948E+01  -0.3217912E-15   0.1597584E+02  -0.2317167E-01  -0.1561251E-16   0.1262965E+00   0.1305716E+03
  0.1550000000000E+02   0.2731948E+01  -0.7546047E-16   0.1597352E+02  -0.2317167E-01   0.1682682E-15   0.1256392E+00   0.1305732E+03
  0.1554166666667E+02   0.2731948E+01   0.2723516E-15   0.1596998E+02  -0.2317167E-01  -0.2046974E-15   0.1265655E+00   0.1305753E+03
  0.1558333333333E+02   0.2731948E+01  -0.3677614E-15   0.1596557E+02  -0.2317167E-01   0.2307182E-15   0.1289795E+00   0.1305775E+03
  0.1562500000000E+02   0.2731948E+01  -0.3400058E-15   0.1596056E+02  -0.2317167E-01   0.7459311E-16   0.1327191E+00   0.1305798E+03
  0.1566666666667E+02   0.2731948E+01  -0.1491862E-15   0.1595516E+02  -0.2317167E-01  -0.1387779E-15   0.1375626E+00   0.1305821E+03
  0.1570833333333E+02   0.2731948E+01   0.3139849E-15   0.1594945E+02  -0.2317167E-01   0.1804112E-15   0.1432436E+00   0.1305842E+03
  0.1575000000000E+02   0.2731948E+01   0.1301043E-15   0.1594344E+02  -0.2317167E-01   0.1040834E-15   0.1494723E+00   0.1305861E+03
  0.1579166666667E+02   0.2731948E+01  -0.3556183E-15   0.1593707E+02  -0.2317167E-01   0.1387779E-15   0.1559552E+00   0.1305877E+03
  0.1583333333333E+02   0.2731948E+01  -0.5594483E-15   0.1593029E+02  -0.2317167E-01   0.2758210E-15   0.1624119E+00   0.1305892E+03
  0.1587500000000E+02   0.2731948E+01  -0.2480655E-15   0.1592303E+02  -0.2317167E-01   0.1630640E-15   0.1685866E+00   0.1305906E+03
  0.1591666666667E+02   0.2731948E+01  -0.1353084E-15   0.1591524E+02  -0.2317167E-01  -0.4510281E-16   0.1742607E+00   0.1305919E+03
  0.1595833333333E+02   0.2731948E+01  -0.5898060E-16   0.1590692E+02  -0.2317167E-01   0.4163336E-16   0.1792637E+00   0.1305932E+03
  0.1600000000000E+02   0.2731948E+01  -0.6218984E-15   0.1589806E+02  -0.2317167E-01   0.5724587E-16   0.1834809E+00   0.1305945E+03
  0.1604166666667E+02   0.2731948E+01  -0.1804112E-15   0.1588873E+02  -0.2317167E-01   0.1526557E-15   0.1868562E+00   0.1305957E+03
  0.1608333333333E+02   0.2731948E+01  -0.1222980E-15   0.1587904E+02  -0.2317167E-01   0.2237793E-15   0.1893850E+00   0.1305966E+03
  0.1612500000000E+02   0.2731948E+01  -0.1734723E-15   0.1586916E+02  -0.2317167E-01  -0.1578598E-15   0.1911019E+00   0.1305972E+03
  0.1616666666667E+02   0.2731948E+01  -0.4180684E-15   0.1585933E+02  -0.2317167E-01   0.2480655E-15   0.1920650E+00   0.1305974E+03
  0.1620833333333E+02   0.2731948E+01  -0.3556183E-16   0.1584984E+02  -0.2317167E-01  -0.3400058E-15   0.1923437E+00   0.1305971E+03
  0.1625000000000E+02   0.2731948E+01  -0.6071532E-16   0.1584098E+02  -0.2317167E-01   0.1110223E-15   0.1920110E+00   0.1305965E+03
  0.1629166666667E+02   0.2731948E+01  -0.8179221E-15   0.1583304E+02  -0.2317167E-01   0.5377643E-16   0.1911442E+00   0.1305954E+03
  0.1633333333333E+02   0.2731948E+01   0.1465841E-15   0.1582627E+02  -0.2317167E-01   0.5551115E-16   0.1898296E+00   0.1305940E+03
  0.1637500000000E+02   0.2731948E+01  -0.3981190E-15   0.1582082E+02  -0.2317167E-01   0.4683753E-16   0.1881678E+00   0.1305924E+03
  0.1641666666667E+02   0.2731948E+01  -0.6539908E-15   0.1581672E+02  -0.2317167E-01   0.3087808E-15   0.1862744E+00   0.1305905E+03
  0.1645833333333E+02   0.2731948E+01  -0.5785303E-15   0.1581388E+02  -0.2317167E-01  -0.5898060E-16   0.1842760E+00   0.1305885E+03
  0.1650000000000E+02   0.2731948E+01  -0.4735795E-15   0.1581209E+02  -0.2317167E-01   0.1249001E-15   0.1822979E+00   0.1305864E+03
  0.1654166666667E+02   0.2731948E+01  -0.6245005E-16   0.1581110E+02  -0.2317167E-01   0.6071532E-16   0.1804498E+00   0.1305843E+03
  0.1658333333333E+02   0.2731948E+01  -0.3478121E-15   0.1581059E+02  -0.2317167E-01   0.6765422E-16   0.1788083E+00   0.1305823E+03
  0.1662500000000E+02   0.2731948E+01  -0.5282233E-15   0.1581028E+02  -0.2317167E-01   0.3729655E-15   0.1774025E+00   0.1305804E+03
  0.1666666666667E+02   0.2731948E+01  -0.4961309E-15   0.1580995E+02  -0.2317167E-01   0.2792905E-15   0.1762042E+00   0.1305788E+03
  0.1670833333333E+02   0.2731948E+01  -0.6418477E-16   0.1580945E+02  -0.2317167E-01   0.2584738E-15   0.1751280E+00   0.1305773E+03
  0.1675000000000E+02   0.2731948E+01  -0.9523632E-15   0.1580874E+02  -0.2317167E-01   0.2151057E-15   0.1740402E+00   0.1305760E+03
  0.1679166666667E+02   0.2731948E+01  -0.3217912E-15   0.1580785E+02  -0.2317167E-01   0.6591949E-16   0.1727783E+00   0.1305749E+03
  0.1683333333333E+02   0.2731948E+01   0.4267420E-15   0.1580688E+02  -0.2317167E-01   0.1092876E-15   0.1711741E+00   0.1305738E+03
  0.1687500000000E+02   0.2731948E+01   0.5386316E-15   0.1580595E+02  -0.2317167E-01   0.2255141E-16   0.1690782E+00   0.1305726E+03
  0.1691666666667E+02   0.2731948E+01  -0.9124645E-15   0.1580523E+02  -0.2317167E-01   0.1873501E-15   0.1663794E+00   0.1305713E+03
  0.1695833333333E+02   0.2731948E+01   0.5117434E-16   0.1580489E+02  -0.2317167E-01   0.1734723E-15   0.1630164E+00   0.1305698E+03
  0.1700000000000E+02   0.2731948E+01  -0.4683753E-15   0.1580508E+02  -0.2317167E-01   0.3105155E-15   0.1589823E+00   0.1305681E+03
  0.1704166666667E+02   0.2731948E+01  -0.5559789E-15   0.1580595E+02  -0.2317167E-01   0.1474515E-15   0.1543214E+00   0.1305661E+03
  0.1708333333333E+02   0.2731948E+01  -0.6817463E-15   0.1580760E+02  -0.2317167E-01   0.2723516E-15   0.1491217E+00   0.1305640E+03
  0.1712500000000E+02   0.2731948E+01  -0.3608225E-15   0.1581011E+02  -0.2317167E-01  -0.5204170E-16   0.1435051E+00   0.1305618E+03
  0.1716666666667E+02   0.2731948E+01  -0.6158268E-16   0.1581348E+02  -0.2317167E-01   0.3642919E-16   0.1376178E+00   0.1305595E+03
  0.1720833333333E+02   0.2731948E+01  -0.5247539E-15   0.1581764E+02  -0.2317167E-01  -0.2064321E-15   0.1316215E+00   0.1305573E+03
  0.1725000000000E+02   0.2731948E+01   0.3738329E-15   0.1582242E+02  -0.2317167E-01  -0.5160802E-15   0.1256872E+00   0.1305552E+03
  0.1729166666667E+02   0.2731948E+01   0.2272488E-15   0.1582759E+02  -0.2317167E-01  -0.9540979E-16   0.1199905E+00   0.1305533E+03
  0.1733333333333E+02   0.2731948E+01  -0.2801578E-15   0.1583285E+02  -0.2317167E-01  -0.6591949E-16   0.1147076E+00   0.1305516E+03
  0.1737500000000E+02   0.2731948E+01  -0.5811324E-15   0.1583787E+02  -0.2317167E-01   0.2125036E-15   0.1100111E+00   0.1305502E+03
  0.1741666666667E+02   0.2731948E+01  -0.5108761E-15   0.1584234E+02  -0.2317167E-01  -0.3035766E-16   0.1060601E+00   0.1305492E+03
  0.1745833333333E+02   0.2731948E+01  -0.5204170E-16   0.1584600E+02  -0.2317167E-01  -0.1275022E-15   0.1029880E+00   0.1305486E+03
  0.1750000000000E+02   0.2731948E+01  -0.1691355E-15   0.1584867E+02  -0.2317167E-01   0.6591949E-16   0.1008864E+00   0.1305484E+03
  0.1754166666667E+02   0.2731948E+01  -0.2324529E-15   0.1585025E+02  -0.2317167E-01   0.9714451E-16   0.9979013E-01   0.1305487E+03
  0.1758333333333E+02   0.2731948E+01  -0.1309716E-15   0.1585075E+02  -0.2317167E-01   0.2688821E-15   0.9966807E-01   0.1305494E+03
  0.1762500000000E+02   0.2731948E+01  -0.4640385E-16   0.1585025E+02  -0.2317167E-01  -0.2415602E-15   0.1004246E+00   0.1305505E+03
  0.1766666666667E+02   0.2731948E+01  -0.2359224E-15   0.1584887E+02  -0.2317167E-01   0.1253338E-15   0.1019116E+00   0.1305521E+03
  0.1770833333333E+02   0.2731948E+01  -0.1257675E-16   0.1584681E+02  -0.2317167E-01  -0.1235990E-15   0.1039501E+00   0.1305539E+03
  0.1775000000000E+02   0.2731948E+01   0.1994932E-16   0.1584424E+02  -0.2317167E-01  -0.1192622E-15   0.1063555E+00   0.1305559E+03
  0.1779166666667E+02   0.2731948E+01  -0.4466913E-15   0.1584136E+02  -0.2317167E-01   0.2276825E-15   0.1089599E+00   0.1305581E+03
  0.1783333333333E+02   0.2731948E+01  -0.1405126E-15   0.1583838E+02  -0.2317167E-01   0.3014082E-15   0.1116283E+00   0.1305603E+03
  0.1787500000000E+02   0.2731948E+01   0.6245005E-16   0.1583546E+02  -0.2317167E-01  -0.2671474E-15   0.1142642E+00   0.1305625E+03
  0.1791666666667E+02   0.2731948E+01  -0.5644357E-15   0.1583275E+02  -0.2317167E-01   0.3634246E-15   0.1168092E+00   0.1305645E+03
  0.1795833333333E+02   0.2731948E+01  -0.7420280E-15   0.1583035E+02  -0.2317167E-01   0.1630640E-15   0.1192357E+00   0.1305664E+03
  0.1800000000000E+02   0.2731948E+01   0.8673617E-17   0.1582832E+02  -0.2317167E-01   0.1292369E-15   0.1215403E+00   0.1305681E+03
  0.1804166666667E+02   0.2731948E+01   0.2894820E-15   0.1582664E+02  -0.2317167E-01  -0.1509209E-15   0.1237356E+00   0.1305696E+03
  0.1808333333333E+02   0.2731948E+01  -0.7879981E-15   0.1582523E+02  -0.2317167E-01   0.7892992E-16   0.1258446E+00   0.1305711E+03
  0.1812500000000E+02   0.2731948E+01  -0.6639654E-15   0.1582397E+02  -0.2317167E-01   0.1587272E-15   0.1278948E+00   0.1305724E+03
  0.1816666666667E+02   0.2731948E+01   0.2818926E-16   0.1582273E+02  -0.2317167E-01   0.1431147E-15   0.1299123E+00   0.1305737E+03
  0.1820833333333E+02   0.2731948E+01  -0.5366801E-15   0.1582141E+02  -0.2317167E-01   0.1075529E-15   0.1319175E+00   0.1305749E+03
  0.1825000000000E+02   0.2731948E+01   0.7329207E-16   0.1581991E+02  -0.2317167E-01  -0.1040834E-16   0.1339208E+00   0.1305762E+03
  0.1829166666667E+02   0.2731948E+01   0.1739060E-15   0.1581821E+02  -0.2317167E-01   0.4076600E-16   0.1359208E+00   0.1305775E+03
  0.1833333333333E+02   0.2731948E+01  -0.1834470E-15   0.1581634E+02  -0.2317167E-01   0.2480655E-15   0.1379055E+00   0.1305789E+03
  0.1837500000000E+02   0.2731948E+01  -0.6646159E-15   0.1581436E+02  -0.2317167E-01   0.1075529E-15   0.1398555E+00   0.1305801E+03
  0.1841666666667E+02   0.2731948E+01   0.3718813E-16   0.1581236E+02  -0.2317167E-01   0.9020562E-16   0.1417488E+00   0.1305814E+03
  0.1845833333333E+02   0.2731948E+01  -0.5533768E-15   0.1581044E+02  -0.2317167E-01   0.2229120E-15   0.1435661E+00   0.1305826E+03
  0.1850000000000E+02   0.2731948E+01  -0.4611654E-15   0.1580868E+02  -0.2317167E-01   0.8673617E-18   0.1452942E+00   0.1305837E+03
  0.1854166666667E+02   0.2731948E+01   0.2783147E-15   0.1580715E+02  -0.2317167E-01   0.1405126E-15   0.1469281E+00   0.1305846E+03
  0.1858333333333E+02   0.2731948E+01   0.8261621E-16   0.1580588E+02  -0.2317167E-01  -0.2463307E-15   0.1484697E+00   0.1305855E+03
  0.1862500000000E+02   0.2731948E+01  -0.2891025E-15   0.1580489E+02  -0.2317167E-01  -0.1396452E-15   0.1499261E+00   0.1305862E+03
  0.1866666666667E+02   0.2731948E+01  -0.4948299E-15   0.1580415E+02  -0.2317167E-01   0.4310788E-15   0.1513064E+00   0.1305867E+03
  0.1870833333333E+02   0.2731948E+01  -0.6082374E-16   0.1580362E+02  -0.2317167E-01  -0.3113829E-15   0.1526185E+00   0.1305871E+03
  0.1875000000000E+02   0.2731948E+01  -0.1394284E-15   0.1580322E+02  -0.2317167E-01   0.9627715E-16   0.1538673E+00   0.1305875E+03
  0.1879166666667E+02   0.2731948E+01   0.1767250E-16   0.1580286E+02  -0.2317167E-01  -0.4336809E-16   0.1550546E+00   0.1305878E+03
  0.1883333333333E+02   0.2731948E+01   0.3675445E-16   0.1580245E+02  -0.2317167E-01   0.1318390E-15   0.1561799E+00   0.1305880E+03
  0.1887500000000E+02   0.2731948E+01  -0.1465841E-15   0.1580189E+02  -0.2317167E-01   0.2107689E-15   0.1572426E+00   0.1305883E+03
  0.1891666666667E+02   0.2731948E+01   0.3703635E-15   0.1580111E+02  -0.2317167E-01   0.2784231E-15   0.1582428E+00   0.1305887E+03
  0.1895833333333E+02   0.2731948E+01  -0.8519661E-15   0.1580008E+02  -0.2317167E-01  -0.2515349E-16   0.1591825E+00   0.1305891E+03
  0.1900000000000E+02   0.2731948E+01  -0.3361027E-16   0.1579884E+02  -0.2317167E-01   0.1196959E-15   0.1600643E+00   0.1305895E+03
  0.1904166666667E+02   0.2731948E+01  -0.3801213E-15   0.1579746E+02  -0.2317167E-01   0.3504141E-15   0.1608885E+00   0.1305900E+03
  0.1908333333333E+02   0.2731948E+01   0.2567933E-15   0.1579606E+02  -0.2317167E-01   0.2697495E-15   0.1616508E+00   0.1305905E+03
  0.1912500000000E+02   0.2731948E+01  -0.5677967E-15   0.1579479E+02  -0.2317167E-01   0.9801188E-16   0.1623406E+00   0.1305909E+03
  0.1916666666667E+02   0.2731948E+01  -0.2415060E-15   0.1579375E+02  -0.2317167E-01  -0.5637851E-16   0.1629412E+00   0.1305912E+03
  0.1920833333333E+02   0.2731948E+01   0.6949736E-16   0.1579303E+02  -0.2317167E-01  -0.5898060E-16   0.1634329E+00   0.1305913E+03
  0.1925000000000E+02   0.2731948E+01   0.2540828E-15   0.1579263E+02  -0.2317167E-01   0.5030698E-16   0.1637979E+00   0.1305914E+03
  0.1929166666667E+02   0.2731948E+01   0.8391725E-16   0.1579247E+02  -0.2317167E-01   0.2810252E-15   0.1640254E+00   0.1305914E+03
  0.1933333333333E+02   0.2731948E+01   0.1591609E-15   0.1579242E+02  -0.2317167E-01   0.1457168E-15   0.1641155E+00   0.1305913E+03
  0.1937500000000E+02   0.2731948E+01  -0.1167686E-15   0.1579234E+02  -0.2317167E-01   0.1257675E-15   0.1640799E+00   0.1305911E+03
  0.1941666666667E+02   0.2731948E+01  -0.7225123E-15   0.1579207E+02  -0.2317167E-01   0.2168404E-15   0.1639400E+00   0.1305911E+03
  0.1945833333333E+02   0.2731948E+01   0.1650156E-15   0.1579153E+02  -0.2317167E-01  -0.2125036E-15   0.1637221E+00   0.1305910E+03
  0.1950000000000E+02   0.2731948E+01  -0.4612196E-15   0.1579069E+02  -0.2317167E-01   0.2680148E-15   0.1634513E+00   0.1305911E+03
  0.1954166666667E+02   0.2731948E+01   0.7567731E-16   0.1578962E+02  -0.2317167E-01  -0.2272488E-15   0.1631468E+00   0.1305912E+03
  0.1958333333333E+02   0.2731948E+01  -0.3258028E-15   0.1578845E+02  -0.2317167E-01   0.7285839E-16   0.1628190E+00   0.1305913E+03
  0.1962500000000E+02   0.2731948E+01  -0.1856154E-15   0.1578732E+02  -0.2317167E-01   0.1942890E-15   0.1624695E+00   0.1305914E+03
  0.1966666666667E+02   0.2731948E+01  -0.2940356E-15   0.1578639E+02  -0.2317167E-01   0.4041906E-15   0.1620947E+00   0.1305914E+03
  0.1970833333333E+02   0.2731948E+01  -0.9192950E-15   0.1578576E+02  -0.2317167E-01  -0.5724587E-16   0.1616904E+00   0.1305913E+03
  0.1975000000000E+02   0.2731948E+01   0.1459336E-15   0.1578544E+02  -0.2317167E-01   0.5290907E-16   0.1612565E+00   0.1305911E+03
  0.1979166666667E+02   0.2731948E+01  -0.2380908E-15   0.1578541E+02  -0.2317167E-01   0.1578598E-15   0.1608007E+00   0.1305909E+03
  0.1983333333333E+02   0.2731948E+01  -0.5908902E-16   0.1578555E+02  -0.2317167E-01  -0.5204170E-17   0.1603394E+00   0.1305906E+03
  0.1987500000000E+02   0.2731948E+01   0.5605325E-16   0.1578576E+02  -0.2317167E-01  -0.8673617E-18   0.1598960E+00   0.1305903E+03
  0.1991666666667E+02   0.2731948E+01  -0.2114194E-16   0.1578590E+02  -0.2317167E-01  -0.2766884E-15   0.1594984E+00   0.1305900E+03
  0.1995833333333E+02   0.2731948E+01  -0.2625938E-15   0.1578590E+02  -0.2317167E-01   0.2185752E-15   0.1591750E+00   0.1305898E+03
  0.2000000000000E+02   0.2731948E+01  -0.5193328E-15   0.1578571E+02  -0.2317167E-01  -0.1994932E-16   0.1589523E+00   0.1305896E+03
