 # Project=San-Ti                        
 # Author=Sophon                        
 # date =  9/22/2026 13:57:33
 # code = EQdyna
 # element_size =   500.00000000000000     
 # time_step =  0.0417  s
 # num_time_steps =   480
 # Time series in 11 columns in format E15.7
 # Column #1 = Time (s)
 # Column #2 = horizontal slip (m)
 # Column #3 = horizontal slip rate (m/s)
 # Column #4 = horizontal shear stress (MPa)
 # Column #5 = down-dip slip (m)
 # Column #6 = down-dip slip rate (m/s)
 # Column #7 = down-dip shear stress (MPa)
 # Column #8 = normal stress (MPa)
 # The line below lists the names of the data fields:
 t h-slip h-slip-rate h-shear-stress v-slip v-slip-rate v-shear-stress n-stress
  0.4166666666667E-01   0.0000000E+00   0.0000000E+00   0.2402248E+02  -0.0000000E+00  -0.0000000E+00   0.7987262E+01   0.1787555E+03
  0.8333333333333E-01  -0.2451748E-16  -0.5884195E-15   0.2407280E+02   0.1902619E-16   0.4566286E-15   0.7997901E+01   0.1787450E+03
  0.1250000000000E+00  -0.1424201E-16   0.2466289E-15   0.2413426E+02   0.2365170E-16   0.1110155E-15   0.8012278E+01   0.1787335E+03
  0.1666666666667E+00  -0.5425077E-16  -0.9602508E-15   0.2417113E+02   0.4802338E-16   0.5849406E-15   0.8022808E+01   0.1787284E+03
  0.2083333333333E+00  -0.7956350E-16  -0.6074785E-15   0.2416905E+02   0.4903474E-16   0.2426919E-16   0.8024012E+01   0.1787313E+03
  0.2500000000000E+00  -0.8286354E-16  -0.7911965E-16   0.2417422E+02   0.7493277E-16   0.6215731E-15   0.8022416E+01   0.1787313E+03
  0.2916666666667E+00  -0.1360403E-15  -0.1276540E-14   0.2418730E+02   0.8815072E-16   0.3172376E-15   0.8019803E+01   0.1787300E+03
  0.3333333333333E+00  -0.1608956E-15  -0.5963112E-15   0.2420131E+02   0.1032059E-15   0.3612562E-15   0.8019331E+01   0.1787306E+03
  0.3750000000000E+00  -0.1992764E-15  -0.9209213E-15   0.2420975E+02   0.1106564E-15   0.1790018E-15   0.8023141E+01   0.1787335E+03
  0.4166666666667E+00  -0.2469270E-15  -0.1143616E-14   0.2421203E+02   0.1281188E-15   0.4192610E-15   0.8029547E+01   0.1787352E+03
  0.4583333333333E+00  -0.2815131E-15  -0.8304989E-15   0.2421164E+02   0.1413325E-15   0.3168581E-15   0.8035015E+01   0.1787325E+03
  0.5000000000000E+00  -0.3320098E-15  -0.1211704E-14   0.2421206E+02   0.1532520E-15   0.2863378E-15   0.8036753E+01   0.1787261E+03
  0.5416666666667E+00  -0.3583559E-15  -0.6330250E-15   0.2421444E+02   0.1669604E-15   0.3287843E-15   0.8033706E+01   0.1787205E+03
  0.5833333333333E+00  -0.4209144E-15  -0.1501186E-14   0.2421694E+02   0.1878753E-15   0.5020940E-15   0.8026866E+01   0.1787207E+03
  0.6250000000000E+00  -0.4629814E-15  -0.1009392E-14   0.2421691E+02   0.2133568E-15   0.6115984E-15   0.8018623E+01   0.1787277E+03
  0.6666666666667E+00  -0.4655564E-15  -0.6179952E-16   0.2421397E+02   0.2303015E-15   0.4069011E-15   0.8011733E+01   0.1787379E+03
  0.7083333333333E+00  -0.5092498E-15  -0.1047773E-14   0.2421133E+02   0.2454024E-15   0.3625030E-15   0.8008174E+01   0.1787450E+03
  0.7500000000000E+00  -0.4943420E-15   0.3584372E-15   0.2421441E+02   0.2458699E-15   0.1128926E-16   0.8007900E+01   0.1787444E+03
  0.7916666666667E+00  -0.5286570E-15  -0.8235600E-15   0.2422683E+02   0.2586974E-15   0.3075882E-15   0.8008898E+01   0.1787352E+03
  0.8333333333333E+00  -0.5398243E-15  -0.2679064E-15   0.2424735E+02   0.2759972E-15   0.4149242E-15   0.8008597E+01   0.1787210E+03
  0.8750000000000E+00  -0.5275186E-15   0.2944693E-15   0.2427041E+02   0.2806449E-15   0.1115644E-15   0.8005604E+01   0.1787063E+03
  0.9166666666667E+00  -0.5419927E-15  -0.3469447E-15   0.2428926E+02   0.2933123E-15   0.3039561E-15   0.8000754E+01   0.1786945E+03
  0.9583333333333E+00  -0.5785303E-15  -0.8777701E-15   0.2429975E+02   0.3039955E-15   0.2564003E-15   0.7996234E+01   0.1786865E+03
  0.1000000000000E+01  -0.6530150E-15  -0.1790235E-14   0.2430178E+02   0.3232705E-15   0.4626020E-15   0.7993682E+01   0.1786821E+03
  0.1041666666667E+01  -0.6650496E-15  -0.2892651E-15   0.2429592E+02   0.3425977E-15   0.4638488E-15   0.7994429E+01   0.1786816E+03
  0.1083333333333E+01  -0.6722053E-15  -0.1704366E-15   0.2428398E+02   0.3548628E-15   0.2944422E-15   0.7998081E+01   0.1786853E+03
  0.1125000000000E+01  -0.6762169E-15  -0.9736136E-16   0.2426839E+02   0.3640480E-15   0.2202015E-15   0.8003251E+01   0.1786928E+03
  0.1166666666667E+01  -0.6793611E-15  -0.7719519E-16   0.2425175E+02   0.3749036E-15   0.2604254E-15   0.8008577E+01   0.1787026E+03
  0.1208333333333E+01  -0.7076588E-15  -0.6789274E-15   0.2423612E+02   0.3873312E-15   0.2983724E-15   0.8013304E+01   0.1787126E+03
  0.1250000000000E+01  -0.7438711E-15  -0.8688796E-15   0.2422265E+02   0.4096116E-15   0.5347285E-15   0.8017227E+01   0.1787214E+03
  0.1291666666667E+01  -0.7994907E-15  -0.1332701E-14   0.2421179E+02   0.4108042E-15   0.2818926E-16   0.8020329E+01   0.1787282E+03
  0.1333333333333E+01  -0.7903834E-15   0.2181415E-15   0.2420413E+02   0.4214565E-15   0.2554380E-15   0.8022576E+01   0.1787330E+03
  0.1375000000000E+01  -0.8432924E-15  -0.1271119E-14   0.2420077E+02   0.4385869E-15   0.4122679E-15   0.8023978E+01   0.1787353E+03
  0.1416666666667E+01  -0.8519119E-15  -0.2046974E-15   0.2420283E+02   0.4474773E-15   0.2129373E-15   0.8024740E+01   0.1787353E+03
  0.1458333333333E+01  -0.8867690E-15  -0.8383051E-15   0.2421040E+02   0.4491850E-15   0.4103705E-16   0.8025264E+01   0.1787332E+03
  0.1500000000000E+01  -0.8935994E-15  -0.1680513E-15   0.2422193E+02   0.4689174E-15   0.4742571E-15   0.8025963E+01   0.1787301E+03
  0.1541666666667E+01  -0.9405454E-15  -0.1123667E-14   0.2423469E+02   0.4784584E-15   0.2292274E-15   0.8027008E+01   0.1787267E+03
  0.1583333333333E+01  -0.9815282E-15  -0.9835882E-15   0.2424610E+02   0.4993022E-15   0.4995462E-15   0.8028196E+01   0.1787235E+03
  0.1625000000000E+01  -0.1011777E-14  -0.7259818E-15   0.2425483E+02   0.5154568E-15   0.3866265E-15   0.8029011E+01   0.1787203E+03
  0.1666666666667E+01  -0.9862987E-15   0.6129266E-15   0.2426113E+02   0.5209049E-15   0.1317306E-15   0.8028871E+01   0.1787166E+03
  0.1708333333333E+01  -0.1006031E-14  -0.4798679E-15   0.2426610E+02   0.5353248E-15   0.3444510E-15   0.8027414E+01   0.1787121E+03
  0.1750000000000E+01  -0.1016006E-14  -0.2402592E-15   0.2427066E+02   0.5362464E-15   0.2168404E-16   0.8024705E+01   0.1787072E+03
  0.1791666666667E+01  -0.1066963E-14  -0.1224064E-14   0.2427498E+02   0.5473053E-15   0.2668764E-15   0.8021201E+01   0.1787030E+03
  0.1833333333333E+01  -0.1075529E-14  -0.2040468E-15   0.2427864E+02   0.5642188E-15   0.4053290E-15   0.8017524E+01   0.1787001E+03
  0.1875000000000E+01  -0.1078890E-14  -0.7936360E-16   0.2428116E+02   0.5685556E-15   0.1026858E-15   0.8014179E+01   0.1786985E+03
  0.1916666666667E+01  -0.1110982E-14  -0.7682657E-15   0.2428241E+02   0.5847102E-15   0.3885781E-15   0.8011413E+01   0.1786973E+03
  0.1958333333333E+01  -0.1181997E-14  -0.1704691E-14   0.2428272E+02   0.5941970E-15   0.2296340E-15   0.8009271E+01   0.1786954E+03
  0.2000000000000E+01  -0.1236099E-14  -0.1298603E-14   0.2428251E+02   0.6176700E-15   0.5620504E-15   0.8007740E+01   0.1786920E+03
  0.2041666666667E+01  -0.1303970E-14  -0.1628146E-14   0.2428209E+02   0.6235247E-15   0.1379105E-15   0.8006847E+01   0.1786871E+03
  0.2083333333333E+01  -0.1343543E-14  -0.9546400E-15   0.2428165E+02   0.6447750E-15   0.5069729E-15   0.8006634E+01   0.1786814E+03
  0.2125000000000E+01  -0.1334436E-14   0.2174910E-15   0.2428139E+02   0.6673264E-15   0.5438358E-15   0.8007105E+01   0.1786757E+03
  0.2166666666667E+01  -0.1336930E-14  -0.5963112E-16   0.2428172E+02   0.6802284E-15   0.3096481E-15   0.8008212E+01   0.1786702E+03
  0.2208333333333E+01  -0.1363276E-14  -0.6411972E-15   0.2428323E+02   0.6906368E-15   0.2524023E-15   0.8009897E+01   0.1786650E+03
  0.2250000000000E+01  -0.1428436E-14  -0.1556481E-14   0.2428652E+02   0.6941062E-15   0.8326673E-16   0.8012104E+01   0.1786600E+03
  0.2291666666667E+01  -0.1489260E-14  -0.1465841E-14   0.2429195E+02   0.7079840E-15   0.3278627E-15   0.8014734E+01   0.1786554E+03
  0.2333333333333E+01  -0.1537182E-14  -0.1146869E-14   0.2429953E+02   0.7112366E-15   0.7806256E-16   0.8017587E+01   0.1786511E+03
  0.2375000000000E+01  -0.1523304E-14   0.3311153E-15   0.2430892E+02   0.7142724E-15   0.6938894E-16   0.8020374E+01   0.1786473E+03
  0.2416666666667E+01  -0.1564070E-14  -0.9753483E-15   0.2431959E+02   0.7177418E-15   0.9020562E-16   0.8022826E+01   0.1786433E+03
  0.2458333333333E+01  -0.1613076E-14  -0.1183949E-14   0.2433121E+02   0.7264155E-15   0.2012279E-15   0.8024737E+01   0.1786382E+03
  0.2500000000000E+01  -0.1676610E-14  -0.1514414E-14   0.2434378E+02   0.7385585E-15   0.2983724E-15   0.8025967E+01   0.1786317E+03
  0.2541666666667E+01  -0.1672273E-14   0.9714451E-16   0.2435711E+02   0.7494005E-15   0.2550044E-15   0.8026657E+01   0.1786239E+03
  0.2583333333333E+01  -0.1720195E-14  -0.1147520E-14   0.2437087E+02   0.7615436E-15   0.3139849E-15   0.8027120E+01   0.1786155E+03
  0.2625000000000E+01  -0.1731905E-14  -0.2814589E-15   0.2438466E+02   0.7840950E-15   0.5247539E-15   0.8027676E+01   0.1786076E+03
  0.2666666666667E+01  -0.1765732E-14  -0.8196568E-15   0.2439838E+02   0.8057791E-15   0.5186823E-15   0.8028550E+01   0.1786007E+03
  0.2708333333333E+01  -0.1788066E-14  -0.5360296E-15   0.2441242E+02   0.8109832E-15   0.1387779E-15   0.8029826E+01   0.1785948E+03
  0.2750000000000E+01  -0.1809750E-14  -0.5178150E-15   0.2442775E+02   0.8283305E-15   0.4024558E-15   0.8031463E+01   0.1785893E+03
  0.2791666666667E+01  -0.1855287E-14  -0.1095478E-14   0.2444603E+02   0.8309325E-15   0.8413409E-16   0.8033329E+01   0.1785829E+03
  0.2833333333333E+01  -0.1808883E-14   0.1110223E-14   0.2446966E+02   0.8465451E-15   0.3825065E-15   0.8035238E+01   0.1785739E+03
  0.2875000000000E+01  -0.1846613E-14  -0.9115972E-15   0.2450229E+02   0.8543513E-15   0.1882175E-15   0.8036896E+01   0.1785600E+03
  0.2916666666667E+01  -0.1839241E-14   0.1977585E-15   0.2455062E+02   0.8725659E-15   0.4362830E-15   0.8038103E+01   0.1785370E+03
  0.2958333333333E+01  -0.1847914E-14  -0.2237793E-15   0.2462671E+02   0.8786374E-15   0.2038300E-15   0.8039119E+01   0.1784995E+03
  0.3000000000000E+01  -0.1916002E-14  -0.1637579E-14   0.2474149E+02   0.8873111E-15   0.1942890E-15   0.8039457E+01   0.1784419E+03
  0.3041666666667E+01  -0.1960238E-14  -0.1075529E-14   0.2490256E+02   0.8977194E-15   0.2489328E-15   0.8038052E+01   0.1783607E+03
  0.3083333333333E+01  -0.2007075E-14  -0.1120631E-14   0.2511213E+02   0.9246076E-15   0.6279699E-15   0.8033987E+01   0.1782558E+03
  0.3125000000000E+01  -0.1972381E-14   0.8638923E-15   0.2536461E+02   0.9332812E-15   0.2289835E-15   0.8027432E+01   0.1781326E+03
  0.3166666666667E+01  -0.1982789E-14  -0.2844947E-15   0.2564401E+02   0.9436896E-15   0.2471981E-15   0.8019633E+01   0.1780033E+03
  0.3208333333333E+01  -0.2034831E-14  -0.1207368E-14   0.2592263E+02   0.9662410E-15   0.5481726E-15   0.8012360E+01   0.1778865E+03
  0.3250000000000E+01  -0.2046974E-14  -0.3122502E-15   0.2616374E+02   0.9783840E-15   0.3191891E-15   0.8007533E+01   0.1778023E+03
  0.3291666666667E+01  -0.2034831E-14   0.3261280E-15   0.2633036E+02   0.9905271E-15   0.2983724E-15   0.8006523E+01   0.1777646E+03
  0.3333333333333E+01  -0.2085138E-14  -0.1153591E-14   0.2639836E+02   0.9974660E-15   0.1890849E-15   0.8009246E+01   0.1777729E+03
  0.3375000000000E+01  -0.2090342E-14  -0.1821460E-15   0.2637371E+02   0.1011344E-14   0.3755676E-15   0.8009347E+01   0.1778114E+03
  0.3416666666667E+01  -0.2116363E-14  -0.6765422E-15   0.2631587E+02   0.1028691E-14   0.4024558E-15   0.8008465E+01   0.1778535E+03
  0.3458333333333E+01  -0.2130240E-14  -0.3590878E-15   0.2624397E+02   0.1047773E-14   0.4458239E-15   0.8004740E+01   0.1778909E+03
  0.3500000000000E+01  -0.2170139E-14  -0.9367507E-15   0.2617712E+02   0.1061651E-14   0.3269954E-15   0.7999975E+01   0.1779235E+03
  0.3541666666667E+01  -0.2161465E-14   0.1526557E-15   0.2615485E+02   0.1066855E-14   0.1656661E-15   0.8015248E+01   0.1779500E+03
  0.3583333333333E+01  -0.2179680E-14  -0.4232725E-15   0.2635730E+02   0.1085937E-14   0.3946496E-15   0.8102617E+01   0.1779482E+03
  0.3625000000000E+01  -0.2261212E-14  -0.1942890E-14   0.2737707E+02   0.1091141E-14   0.1474515E-15   0.8247963E+01   0.1777914E+03
  0.3666666666667E+01  -0.2277475E-14  -0.3608225E-15   0.2955498E+02   0.1099815E-14   0.1947227E-15   0.8345847E+01   0.1774056E+03
  0.3708333333333E+01  -0.2335805E-14  -0.1387779E-14   0.3125507E+02   0.1117162E-14   0.4371503E-15   0.7810541E+01   0.1767567E+03
  0.3750000000000E+01   0.9624419E-02   0.2309861E+00   0.3108634E+02   0.2405111E-02   0.5772267E-01   0.6464464E+01   0.1761156E+03
  0.3791666666667E+01   0.4737714E-01   0.9060653E+00   0.2996837E+02   0.1025586E-01   0.1884180E+00   0.4846549E+01   0.1759076E+03
  0.3833333333333E+01   0.1214685E+00   0.1778193E+01   0.2758485E+02   0.2223808E-01   0.2875732E+00   0.3271571E+01   0.1763001E+03
  0.3875000000000E+01   0.2250891E+00   0.2486895E+01   0.2413352E+02   0.3452751E-01   0.2949464E+00   0.2087639E+01   0.1772280E+03
  0.3916666666667E+01   0.3383295E+00   0.2717769E+01   0.2172895E+02   0.4432323E-01   0.2350972E+00   0.1610072E+01   0.1782377E+03
  0.3958333333333E+01   0.4333036E+00   0.2279379E+01   0.2176129E+02   0.5136062E-01   0.1688975E+00   0.1814066E+01   0.1786398E+03
  0.4000000000000E+01   0.4907955E+00   0.1379805E+01   0.2166043E+02   0.5615327E-01   0.1150234E+00   0.2158753E+01   0.1780645E+03
  0.4041666666667E+01   0.5275809E+00   0.8828491E+00   0.2156833E+02   0.5981942E-01   0.8798778E-01   0.2071449E+01   0.1772298E+03
  0.4083333333333E+01   0.5740081E+00   0.1114253E+01   0.2157147E+02   0.6427835E-01   0.1070142E+00   0.1648983E+01   0.1769534E+03
  0.4125000000000E+01   0.6432919E+00   0.1662811E+01   0.2165289E+02   0.6957460E-01   0.1271099E+00   0.1159728E+01   0.1773660E+03
  0.4166666666667E+01   0.7209393E+00   0.1863538E+01   0.2172350E+02   0.7373339E-01   0.9981106E-01   0.7659533E+00   0.1778083E+03
  0.4208333333333E+01   0.7837449E+00   0.1507334E+01   0.2171114E+02   0.7594786E-01   0.5314739E-01   0.6469022E+00   0.1776732E+03
  0.4250000000000E+01   0.8244634E+00   0.9772446E+00   0.2163547E+02   0.7716111E-01   0.2911784E-01   0.7878896E+00   0.1770817E+03
  0.4291666666667E+01   0.8559594E+00   0.7559031E+00   0.2158286E+02   0.7830808E-01   0.2752740E-01   0.8625900E+00   0.1766674E+03
  0.4333333333333E+01   0.8940868E+00   0.9150590E+00   0.2160555E+02   0.7983190E-01   0.3657165E-01   0.7423697E+00   0.1768191E+03
  0.4375000000000E+01   0.9409502E+00   0.1124720E+01   0.2167004E+02   0.8144213E-01   0.3864555E-01   0.5248163E+00   0.1773033E+03
  0.4416666666667E+01   0.9860175E+00   0.1081615E+01   0.2171015E+02   0.8253360E-01   0.2619513E-01   0.3513021E+00   0.1776083E+03
  0.4458333333333E+01   0.1020613E+01   0.8302884E+00   0.2169984E+02   0.8309340E-01   0.1343529E-01   0.3464758E+00   0.1775217E+03
  0.4500000000000E+01   0.1047718E+01   0.6505248E+00   0.2166955E+02   0.8352618E-01   0.1038676E-01   0.4580069E+00   0.1772865E+03
  0.4541666666667E+01   0.1076988E+01   0.7024876E+00   0.2166349E+02   0.8414484E-01   0.1484776E-01   0.5231376E+00   0.1772484E+03
  0.4583333333333E+01   0.1112623E+01   0.8552245E+00   0.2169011E+02   0.8500535E-01   0.2065226E-01   0.4905635E+00   0.1774638E+03
  0.4625000000000E+01   0.1148677E+01   0.8652924E+00   0.2171944E+02   0.8582078E-01   0.1957025E-01   0.4130251E+00   0.1776948E+03
  0.4666666666667E+01   0.1176464E+01   0.6669067E+00   0.2172264E+02   0.8634920E-01   0.1268215E-01   0.3928829E+00   0.1777183E+03
  0.4708333333333E+01   0.1194798E+01   0.4400180E+00   0.2170274E+02   0.8668080E-01   0.7958312E-02   0.4834506E+00   0.1775677E+03
  0.4750000000000E+01   0.1211467E+01   0.4000348E+00   0.2168704E+02   0.8705209E-01   0.8911179E-02   0.6030431E+00   0.1774619E+03
  0.4791666666667E+01   0.1234822E+01   0.5605265E+00   0.2169537E+02   0.8770153E-01   0.1558634E-01   0.6626485E+00   0.1775458E+03
  0.4833333333333E+01   0.1265128E+01   0.7273382E+00   0.2171956E+02   0.8862716E-01   0.2221532E-01   0.6530514E+00   0.1777448E+03
  0.4875000000000E+01   0.1294853E+01   0.7134171E+00   0.2173533E+02   0.8952094E-01   0.2145062E-01   0.6167259E+00   0.1778673E+03
  0.4916666666667E+01   0.1316995E+01   0.5313909E+00   0.2172900E+02   0.9014918E-01   0.1507787E-01   0.6187767E+00   0.1778151E+03
  0.4958333333333E+01   0.1332236E+01   0.3657839E+00   0.2171041E+02   0.9058320E-01   0.1041643E-01   0.6817864E+00   0.1776759E+03
  0.5000000000000E+01   0.1347742E+01   0.3721561E+00   0.2170088E+02   0.9107016E-01   0.1168706E-01   0.7563753E+00   0.1776172E+03
  0.5041666666667E+01   0.1369556E+01   0.5235435E+00   0.2171026E+02   0.9183049E-01   0.1824789E-01   0.8003450E+00   0.1777084E+03
  0.5083333333333E+01   0.1396860E+01   0.6552971E+00   0.2172798E+02   0.9283705E-01   0.2415742E-01   0.8150682E+00   0.1778606E+03
  0.5125000000000E+01   0.1423647E+01   0.6428756E+00   0.2173590E+02   0.9384188E-01   0.2411579E-01   0.8256741E+00   0.1779298E+03
  0.5166666666667E+01   0.1445320E+01   0.5201490E+00   0.2172693E+02   0.9466516E-01   0.1975872E-01   0.8542528E+00   0.1778643E+03
  0.5208333333333E+01   0.1463098E+01   0.4266773E+00   0.2171122E+02   0.9536415E-01   0.1677597E-01   0.8907746E+00   0.1777457E+03
  0.5250000000000E+01   0.1482084E+01   0.4556644E+00   0.2170466E+02   0.9614312E-01   0.1869514E-01   0.9035508E+00   0.1776955E+03
  0.5291666666667E+01   0.1505629E+01   0.5650790E+00   0.2171275E+02   0.9712328E-01   0.2352387E-01   0.8783395E+00   0.1777543E+03
  0.5333333333333E+01   0.1531998E+01   0.6328557E+00   0.2172679E+02   0.9818998E-01   0.2560073E-01   0.8271082E+00   0.1778544E+03
  0.5375000000000E+01   0.1556371E+01   0.5849466E+00   0.2173419E+02   0.9911781E-01   0.2226809E-01   0.7766649E+00   0.1779005E+03
  0.5416666666667E+01   0.1575627E+01   0.4621598E+00   0.2173086E+02   0.9980594E-01   0.1651514E-01   0.7493418E+00   0.1778648E+03
  0.5458333333333E+01   0.1590966E+01   0.3681326E+00   0.2172379E+02   0.1003349E+00   0.1269426E-01   0.7413583E+00   0.1778037E+03
  0.5500000000000E+01   0.1606116E+01   0.3635900E+00   0.2172266E+02   0.1008519E+00   0.1240807E-01   0.7302375E+00   0.1777911E+03
  0.5541666666667E+01   0.1623433E+01   0.4156012E+00   0.2173006E+02   0.1014340E+00   0.1397101E-01   0.7032936E+00   0.1778453E+03
  0.5583333333333E+01   0.1641881E+01   0.4427685E+00   0.2174026E+02   0.1020311E+00   0.1433021E-01   0.6667516E+00   0.1779207E+03
  0.5625000000000E+01   0.1658520E+01   0.3993245E+00   0.2174615E+02   0.1025414E+00   0.1224688E-01   0.6378039E+00   0.1779625E+03
  0.5666666666667E+01   0.1671532E+01   0.3122890E+00   0.2174607E+02   0.1029230E+00   0.9159285E-02   0.6302765E+00   0.1779600E+03
  0.5708333333333E+01   0.1681685E+01   0.2436851E+00   0.2174438E+02   0.1032173E+00   0.7062839E-02   0.6420449E+00   0.1779488E+03
  0.5750000000000E+01   0.1691096E+01   0.2258601E+00   0.2174616E+02   0.1034952E+00   0.6668955E-02   0.6599038E+00   0.1779681E+03
  0.5791666666667E+01   0.1700945E+01   0.2363674E+00   0.2175226E+02   0.1037940E+00   0.7172748E-02   0.6748439E+00   0.1780227E+03
  0.5833333333333E+01   0.1710544E+01   0.2303734E+00   0.2175941E+02   0.1040918E+00   0.7147122E-02   0.6871698E+00   0.1780855E+03
  0.5875000000000E+01   0.1718461E+01   0.1900145E+00   0.2176409E+02   0.1043419E+00   0.6000726E-02   0.7014665E+00   0.1781283E+03
  0.5916666666667E+01   0.1724281E+01   0.1396869E+00   0.2176592E+02   0.1045295E+00   0.4502173E-02   0.7193182E+00   0.1781483E+03
  0.5958333333333E+01   0.1729148E+01   0.1167945E+00   0.2176732E+02   0.1046903E+00   0.3859815E-02   0.7364420E+00   0.1781647E+03
  0.6000000000000E+01   0.1734666E+01   0.1324490E+00   0.2177066E+02   0.1048770E+00   0.4481077E-02   0.7471186E+00   0.1781956E+03
  0.6041666666667E+01   0.1741417E+01   0.1620102E+00   0.2177602E+02   0.1051087E+00   0.5559817E-02   0.7476331E+00   0.1782404E+03
  0.6083333333333E+01   0.1748573E+01   0.1717444E+00   0.2178156E+02   0.1053543E+00   0.5896478E-02   0.7428736E+00   0.1782852E+03
  0.6125000000000E+01   0.1754849E+01   0.1506167E+00   0.2178561E+02   0.1055684E+00   0.5136875E-02   0.7367459E+00   0.1783172E+03
  0.6166666666667E+01   0.1759771E+01   0.1181292E+00   0.2178814E+02   0.1057348E+00   0.3994895E-02   0.7317558E+00   0.1783368E+03
  0.6208333333333E+01   0.1764043E+01   0.1025450E+00   0.2179038E+02   0.1058783E+00   0.3443980E-02   0.7286074E+00   0.1783546E+03
  0.6250000000000E+01   0.1768789E+01   0.1138918E+00   0.2179328E+02   0.1060370E+00   0.3808212E-02   0.7274019E+00   0.1783785E+03
  0.6291666666667E+01   0.1774507E+01   0.1372408E+00   0.2179659E+02   0.1062279E+00   0.4580735E-02   0.7278325E+00   0.1784062E+03
  0.6333333333333E+01   0.1780734E+01   0.1494436E+00   0.2179934E+02   0.1064358E+00   0.4990226E-02   0.7278918E+00   0.1784291E+03
  0.6375000000000E+01   0.1786592E+01   0.1405809E+00   0.2180113E+02   0.1066314E+00   0.4694070E-02   0.7231331E+00   0.1784426E+03
  0.6416666666667E+01   0.1791595E+01   0.1200832E+00   0.2180261E+02   0.1067973E+00   0.3983105E-02   0.7082141E+00   0.1784509E+03
  0.6458333333333E+01   0.1795957E+01   0.1046965E+00   0.2180485E+02   0.1069390E+00   0.3400858E-02   0.6801425E+00   0.1784621E+03
  0.6500000000000E+01   0.1800220E+01   0.1023109E+00   0.2180818E+02   0.1070720E+00   0.3191308E-02   0.6402880E+00   0.1784798E+03
  0.6541666666667E+01   0.1804670E+01   0.1067927E+00   0.2181190E+02   0.1072027E+00   0.3135433E-02   0.5934837E+00   0.1784997E+03
  0.6583333333333E+01   0.1809097E+01   0.1062388E+00   0.2181508E+02   0.1073231E+00   0.2890671E-02   0.5456744E+00   0.1785159E+03
  0.6625000000000E+01   0.1813044E+01   0.9473323E-01   0.2181751E+02   0.1074218E+00   0.2369622E-02   0.5019739E+00   0.1785274E+03
  0.6666666666667E+01   0.1816241E+01   0.7674340E-01   0.2181986E+02   0.1074954E+00   0.1765700E-02   0.4658428E+00   0.1785403E+03
  0.6708333333333E+01   0.1818828E+01   0.6207183E-01   0.2182297E+02   0.1075506E+00   0.1325202E-02   0.4393630E+00   0.1785616E+03
  0.6750000000000E+01   0.1821232E+01   0.5770814E-01   0.2182708E+02   0.1075990E+00   0.1161841E-02   0.4237841E+00   0.1785932E+03
  0.6791666666667E+01   0.1823888E+01   0.6374005E-01   0.2183173E+02   0.1076506E+00   0.1237546E-02   0.4192160E+00   0.1786313E+03
  0.6833333333333E+01   0.1827015E+01   0.7503450E-01   0.2183636E+02   0.1077106E+00   0.1440823E-02   0.4236509E+00   0.1786706E+03
  0.6875000000000E+01   0.1830576E+01   0.8546437E-01   0.2184084E+02   0.1077797E+00   0.1658109E-02   0.4325678E+00   0.1787093E+03
  0.6916666666667E+01   0.1834367E+01   0.9100108E-01   0.2184551E+02   0.1078548E+00   0.1802318E-02   0.4405201E+00   0.1787496E+03
  0.6958333333333E+01   0.1838143E+01   0.9062225E-01   0.2185073E+02   0.1079310E+00   0.1827420E-02   0.4440099E+00   0.1787937E+03
  0.7000000000000E+01   0.1841724E+01   0.8593913E-01   0.2185658E+02   0.1080037E+00   0.1746295E-02   0.4438396E+00   0.1788424E+03
  0.7041666666667E+01   0.1845055E+01   0.7993444E-01   0.2186282E+02   0.1080714E+00   0.1623221E-02   0.4448500E+00   0.1788946E+03
  0.7083333333333E+01   0.1848206E+01   0.7563792E-01   0.2186909E+02   0.1081355E+00   0.1539029E-02   0.4529037E+00   0.1789481E+03
  0.7125000000000E+01   0.1851339E+01   0.7519011E-01   0.2187511E+02   0.1082004E+00   0.1557170E-02   0.4709252E+00   0.1790015E+03
  0.7166666666667E+01   0.1854649E+01   0.7943408E-01   0.2188089E+02   0.1082716E+00   0.1710049E-02   0.4961916E+00   0.1790543E+03
  0.7208333333333E+01   0.1858319E+01   0.8807774E-01   0.2188651E+02   0.1083548E+00   0.1997333E-02   0.5217929E+00   0.1791061E+03
  0.7250000000000E+01   0.1862504E+01   0.1004456E+00   0.2189205E+02   0.1084546E+00   0.2394707E-02   0.5410917E+00   0.1791561E+03
  0.7291666666667E+01   0.1867309E+01   0.1153221E+00   0.2189757E+02   0.1085734E+00   0.2850342E-02   0.5516817E+00   0.1792043E+03
  0.7333333333333E+01   0.1872721E+01   0.1298838E+00   0.2190303E+02   0.1087097E+00   0.3272259E-02   0.5555684E+00   0.1792506E+03
  0.7375000000000E+01   0.1878547E+01   0.1398220E+00   0.2190818E+02   0.1088575E+00   0.3546573E-02   0.5558588E+00   0.1792936E+03
  0.7416666666667E+01   0.1884455E+01   0.1417994E+00   0.2191268E+02   0.1090074E+00   0.3597763E-02   0.5532661E+00   0.1793305E+03
  0.7458333333333E+01   0.1890135E+01   0.1363186E+00   0.2191629E+02   0.1091508E+00   0.3441865E-02   0.5454942E+00   0.1793590E+03
  0.7500000000000E+01   0.1895463E+01   0.1278586E+00   0.2191905E+02   0.1092834E+00   0.3182386E-02   0.5298529E+00   0.1793788E+03
  0.7541666666667E+01   0.1900532E+01   0.1216744E+00   0.2192099E+02   0.1094060E+00   0.2941255E-02   0.5065368E+00   0.1793903E+03
  0.7583333333333E+01   0.1905542E+01   0.1202404E+00   0.2192189E+02   0.1095217E+00   0.2778442E-02   0.4794111E+00   0.1793928E+03
  0.7625000000000E+01   0.1910656E+01   0.1227370E+00   0.2192132E+02   0.1096336E+00   0.2684143E-02   0.4536931E+00   0.1793835E+03
  0.7666666666667E+01   0.1915975E+01   0.1276453E+00   0.2191903E+02   0.1097437E+00   0.2641801E-02   0.4327651E+00   0.1793609E+03
  0.7708333333333E+01   0.1921608E+01   0.1351833E+00   0.2191539E+02   0.1098549E+00   0.2669032E-02   0.4167299E+00   0.1793279E+03
  0.7750000000000E+01   0.1927722E+01   0.1467457E+00   0.2191135E+02   0.1099711E+00   0.2790429E-02   0.4035810E+00   0.1792922E+03
  0.7791666666667E+01   0.1934477E+01   0.1621120E+00   0.2190795E+02   0.1100955E+00   0.2985911E-02   0.3916456E+00   0.1792621E+03
  0.7833333333333E+01   0.1941886E+01   0.1778197E+00   0.2190575E+02   0.1102280E+00   0.3178860E-02   0.3810617E+00   0.1792422E+03
  0.7875000000000E+01   0.1949755E+01   0.1888489E+00   0.2190465E+02   0.1103649E+00   0.3285123E-02   0.3732764E+00   0.1792319E+03
  0.7916666666667E+01   0.1957761E+01   0.1921635E+00   0.2190427E+02   0.1105013E+00   0.3274651E-02   0.3693853E+00   0.1792282E+03
  0.7958333333333E+01   0.1965625E+01   0.1887375E+00   0.2190426E+02   0.1106339E+00   0.3182797E-02   0.3688308E+00   0.1792280E+03
  0.8000000000000E+01   0.1973224E+01   0.1823758E+00   0.2190438E+02   0.1107619E+00   0.3070901E-02   0.3694243E+00   0.1792291E+03
  0.8041666666667E+01   0.1980591E+01   0.1768017E+00   0.2190441E+02   0.1108861E+00   0.2981818E-02   0.3685679E+00   0.1792293E+03
  0.8083333333333E+01   0.1987829E+01   0.1737043E+00   0.2190413E+02   0.1110079E+00   0.2922782E-02   0.3647803E+00   0.1792264E+03
  0.8125000000000E+01   0.1995030E+01   0.1728209E+00   0.2190350E+02   0.1111278E+00   0.2878072E-02   0.3586672E+00   0.1792203E+03
  0.8166666666667E+01   0.2002236E+01   0.1729573E+00   0.2190288E+02   0.1112458E+00   0.2832156E-02   0.3529865E+00   0.1792143E+03
  0.8208333333333E+01   0.2009425E+01   0.1725331E+00   0.2190288E+02   0.1113617E+00   0.2780541E-02   0.3517045E+00   0.1792142E+03
  0.8250000000000E+01   0.2016495E+01   0.1696800E+00   0.2190390E+02   0.1114752E+00   0.2724629E-02   0.3583350E+00   0.1792236E+03
  0.8291666666667E+01   0.2023279E+01   0.1628124E+00   0.2190565E+02   0.1115862E+00   0.2663516E-02   0.3742821E+00   0.1792404E+03
  0.8333333333333E+01   0.2029609E+01   0.1519329E+00   0.2190731E+02   0.1116944E+00   0.2595940E-02   0.3978822E+00   0.1792577E+03
  0.8375000000000E+01   0.2035425E+01   0.1395770E+00   0.2190802E+02   0.1118000E+00   0.2535008E-02   0.4251576E+00   0.1792679E+03
  0.8416666666667E+01   0.2040835E+01   0.1298253E+00   0.2190748E+02   0.1119050E+00   0.2519452E-02   0.4518682E+00   0.1792678E+03
  0.8458333333333E+01   0.2046076E+01   0.1257833E+00   0.2190599E+02   0.1120131E+00   0.2594433E-02   0.4754970E+00   0.1792596E+03
  0.8500000000000E+01   0.2051397E+01   0.1277255E+00   0.2190416E+02   0.1121286E+00   0.2772443E-02   0.4957747E+00   0.1792481E+03
  0.8541666666667E+01   0.2056962E+01   0.1335568E+00   0.2190252E+02   0.1122545E+00   0.3022901E-02   0.5135122E+00   0.1792378E+03
  0.8583333333333E+01   0.2062832E+01   0.1408722E+00   0.2190149E+02   0.1123922E+00   0.3302799E-02   0.5288002E+00   0.1792323E+03
  0.8625000000000E+01   0.2069013E+01   0.1483434E+00   0.2190145E+02   0.1125414E+00   0.3581675E-02   0.5400279E+00   0.1792342E+03
  0.8666666666667E+01   0.2075478E+01   0.1551605E+00   0.2190265E+02   0.1127008E+00   0.3825820E-02   0.5444929E+00   0.1792451E+03
  0.8708333333333E+01   0.2082129E+01   0.1596362E+00   0.2190492E+02   0.1128662E+00   0.3968504E-02   0.5400973E+00   0.1792632E+03
  0.8750000000000E+01   0.2088759E+01   0.1591116E+00   0.2190755E+02   0.1130296E+00   0.3923124E-02   0.5267587E+00   0.1792823E+03
  0.8791666666667E+01   0.2095085E+01   0.1518136E+00   0.2190950E+02   0.1131817E+00   0.3650300E-02   0.5065177E+00   0.1792947E+03
  0.8833333333333E+01   0.2100874E+01   0.1389422E+00   0.2191005E+02   0.1133156E+00   0.3212154E-02   0.4824519E+00   0.1792947E+03
  0.8875000000000E+01   0.2106068E+01   0.1246654E+00   0.2190918E+02   0.1134299E+00   0.2745090E-02   0.4573730E+00   0.1792829E+03
  0.8916666666667E+01   0.2110801E+01   0.1135850E+00   0.2190754E+02   0.1135287E+00   0.2371185E-02   0.4332750E+00   0.1792652E+03
  0.8958333333333E+01   0.2115289E+01   0.1077006E+00   0.2190597E+02   0.1136175E+00   0.2130043E-02   0.4116467E+00   0.1792487E+03
  0.9000000000000E+01   0.2119682E+01   0.1054459E+00   0.2190496E+02   0.1137001E+00   0.1981490E-02   0.3938805E+00   0.1792375E+03
  0.9041666666667E+01   0.2123995E+01   0.1035042E+00   0.2190443E+02   0.1137776E+00   0.1861143E-02   0.3810447E+00   0.1792312E+03
  0.9083333333333E+01   0.2128149E+01   0.9970142E-01   0.2190399E+02   0.1138499E+00   0.1734384E-02   0.3731438E+00   0.1792264E+03
  0.9125000000000E+01   0.2132089E+01   0.9455141E-01   0.2190329E+02   0.1139170E+00   0.1610724E-02   0.3687240E+00   0.1792200E+03
  0.9166666666667E+01   0.2135857E+01   0.9045062E-01   0.2190229E+02   0.1139804E+00   0.1522662E-02   0.3655287E+00   0.1792112E+03
  0.9208333333333E+01   0.2139589E+01   0.8956158E-01   0.2190121E+02   0.1140427E+00   0.1494699E-02   0.3619515E+00   0.1792016E+03
  0.9250000000000E+01   0.2143433E+01   0.9224350E-01   0.2190036E+02   0.1141062E+00   0.1524467E-02   0.3581768E+00   0.1791941E+03
  0.9291666666667E+01   0.2147476E+01   0.9704548E-01   0.2190001E+02   0.1141724E+00   0.1587163E-02   0.3560651E+00   0.1791909E+03
  0.9333333333333E+01   0.2151720E+01   0.1018481E+00   0.2190021E+02   0.1142414E+00   0.1655915E-02   0.3578441E+00   0.1791928E+03
  0.9375000000000E+01   0.2156097E+01   0.1050497E+00   0.2190073E+02   0.1143129E+00   0.1716487E-02   0.3645615E+00   0.1791980E+03
  0.9416666666667E+01   0.2160517E+01   0.1060836E+00   0.2190113E+02   0.1143865E+00   0.1765877E-02   0.3753531E+00   0.1792028E+03
  0.9458333333333E+01   0.2164906E+01   0.1053281E+00   0.2190092E+02   0.1144617E+00   0.1805168E-02   0.3879171E+00   0.1792029E+03
  0.9500000000000E+01   0.2169231E+01   0.1038121E+00   0.2189981E+02   0.1145383E+00   0.1838758E-02   0.3997304E+00   0.1791955E+03
  0.9541666666667E+01   0.2173519E+01   0.1029035E+00   0.2189788E+02   0.1146165E+00   0.1878266E-02   0.4091587E+00   0.1791809E+03
  0.9583333333333E+01   0.2177847E+01   0.1038668E+00   0.2189559E+02   0.1146974E+00   0.1940736E-02   0.4158890E+00   0.1791629E+03
  0.9625000000000E+01   0.2182315E+01   0.1072441E+00   0.2189354E+02   0.1147823E+00   0.2037014E-02   0.4206867E+00   0.1791465E+03
  0.9666666666667E+01   0.2186997E+01   0.1123545E+00   0.2189216E+02   0.1148722E+00   0.2158904E-02   0.4248550E+00   0.1791357E+03
  0.9708333333333E+01   0.2191888E+01   0.1173815E+00   0.2189152E+02   0.1149672E+00   0.2277991E-02   0.4297331E+00   0.1791311E+03
  0.9750000000000E+01   0.2196897E+01   0.1202276E+00   0.2189131E+02   0.1150655E+00   0.2360082E-02   0.4363041E+00   0.1791305E+03
  0.9791666666667E+01   0.2201886E+01   0.1197428E+00   0.2189103E+02   0.1151649E+00   0.2386530E-02   0.4448317E+00   0.1791296E+03
  0.9833333333333E+01   0.2206743E+01   0.1165560E+00   0.2189027E+02   0.1152636E+00   0.2368450E-02   0.4545523E+00   0.1791249E+03
  0.9875000000000E+01   0.2211447E+01   0.1128978E+00   0.2188892E+02   0.1153613E+00   0.2344327E-02   0.4636515E+00   0.1791153E+03
  0.9916666666667E+01   0.2216090E+01   0.1114244E+00   0.2188720E+02   0.1154596E+00   0.2360194E-02   0.4697672E+00   0.1791020E+03
  0.9958333333333E+01   0.2220828E+01   0.1137105E+00   0.2188556E+02   0.1155613E+00   0.2440579E-02   0.4709579E+00   0.1790885E+03
  0.1000000000000E+02   0.2225799E+01   0.1193096E+00   0.2188445E+02   0.1156683E+00   0.2567439E-02   0.4666878E+00   0.1790786E+03
  0.1004166666667E+02   0.2231046E+01   0.1259318E+00   0.2188423E+02   0.1157802E+00   0.2685507E-02   0.4582679E+00   0.1790752E+03
  0.1008333333333E+02   0.2236487E+01   0.1305846E+00   0.2188500E+02   0.1158941E+00   0.2734515E-02   0.4484740E+00   0.1790800E+03
  0.1012500000000E+02   0.2241943E+01   0.1309544E+00   0.2188666E+02   0.1160060E+00   0.2683557E-02   0.4405162E+00   0.1790924E+03
  0.1016666666667E+02   0.2247203E+01   0.1262367E+00   0.2188891E+02   0.1161118E+00   0.2540786E-02   0.4368556E+00   0.1791106E+03
  0.1020833333333E+02   0.2252082E+01   0.1170800E+00   0.2189135E+02   0.1162092E+00   0.2336666E-02   0.4383905E+00   0.1791312E+03
  0.1025000000000E+02   0.2256453E+01   0.1049130E+00   0.2189356E+02   0.1162967E+00   0.2100960E-02   0.4442862E+00   0.1791506E+03
  0.1029166666667E+02   0.2260254E+01   0.9122620E-01   0.2189518E+02   0.1163739E+00   0.1851254E-02   0.4523807E+00   0.1791654E+03
  0.1033333333333E+02   0.2263471E+01   0.7720164E-01   0.2189605E+02   0.1164403E+00   0.1595078E-02   0.4598904E+00   0.1791740E+03
  0.1037500000000E+02   0.2266123E+01   0.6365630E-01   0.2189628E+02   0.1164960E+00   0.1336996E-02   0.4641460E+00   0.1791766E+03
  0.1041666666667E+02   0.2268249E+01   0.5101811E-01   0.2189627E+02   0.1165411E+00   0.1081456E-02   0.4632038E+00   0.1791764E+03
  0.1045833333333E+02   0.2269882E+01   0.3918910E-01   0.2189654E+02   0.1165756E+00   0.8290244E-03   0.4562839E+00   0.1791775E+03
  0.1050000000000E+02   0.2271026E+01   0.2745859E-01   0.2189754E+02   0.1165995E+00   0.5721868E-03   0.4439443E+00   0.1791837E+03
  0.1054166666667E+02   0.2271641E+01   0.1477400E-01   0.2189925E+02   0.1166119E+00   0.2995236E-03   0.4274470E+00   0.1791952E+03
  0.1058333333333E+02   0.2271688E+01   0.1104584E-02   0.2180749E+02   0.1166128E+00   0.2156014E-04   0.4074798E+00   0.1792093E+03
  0.1062500000000E+02   0.2271688E+01  -0.1696993E-14   0.2176655E+02   0.1166128E+00   0.3642919E-16   0.3896108E+00   0.1792316E+03
  0.1066666666667E+02   0.2271688E+01  -0.7541710E-15   0.2171065E+02   0.1166128E+00   0.2602085E-16   0.3712739E+00   0.1792543E+03
  0.1070833333333E+02   0.2271688E+01  -0.2526191E-15   0.2163829E+02   0.1166128E+00   0.3816392E-16   0.3530649E+00   0.1792722E+03
  0.1075000000000E+02   0.2271688E+01  -0.5126108E-15   0.2155990E+02   0.1166128E+00   0.1040834E-16   0.3353064E+00   0.1792836E+03
  0.1079166666667E+02   0.2271688E+01   0.9948639E-15   0.2148538E+02   0.1166128E+00   0.1908196E-16   0.3184799E+00   0.1792904E+03
  0.1083333333333E+02   0.2271688E+01  -0.1847481E-14   0.2142165E+02   0.1166128E+00   0.7806256E-16   0.3032910E+00   0.1792965E+03
  0.1087500000000E+02   0.2271688E+01  -0.2745200E-15   0.2137155E+02   0.1166128E+00   0.3295975E-16   0.2906355E+00   0.1793048E+03
  0.1091666666667E+02   0.2271688E+01  -0.7285839E-16   0.2133437E+02   0.1166128E+00   0.4510281E-16   0.2814516E+00   0.1793155E+03
  0.1095833333333E+02   0.2271688E+01   0.1877838E-15   0.2130735E+02   0.1166128E+00   0.1734723E-17   0.2765254E+00   0.1793269E+03
  0.1100000000000E+02   0.2271688E+01   0.1940722E-15   0.2128731E+02   0.1166128E+00   0.5030698E-16   0.2762870E+00   0.1793369E+03
  0.1104166666667E+02   0.2271688E+01  -0.7003946E-15   0.2127186E+02   0.1166128E+00   0.4336809E-16   0.2806445E+00   0.1793442E+03
  0.1108333333333E+02   0.2271688E+01  -0.1414667E-14   0.2126000E+02   0.1166128E+00   0.2081668E-16   0.2889425E+00   0.1793478E+03
  0.1112500000000E+02   0.2271688E+01  -0.1262011E-15   0.2125188E+02   0.1166128E+00   0.1040834E-16   0.3000793E+00   0.1793474E+03
  0.1116666666667E+02   0.2271688E+01  -0.7112366E-15   0.2124814E+02   0.1166128E+00   0.6071532E-16   0.3127288E+00   0.1793427E+03
  0.1120833333333E+02   0.2271688E+01  -0.1278491E-14   0.2124905E+02   0.1166128E+00   0.3295975E-16   0.3255871E+00   0.1793341E+03
  0.1125000000000E+02   0.2271688E+01  -0.2046540E-14   0.2125417E+02   0.1166128E+00   0.5551115E-16   0.3376091E+00   0.1793226E+03
  0.1129166666667E+02   0.2271688E+01  -0.1339207E-14   0.2126244E+02   0.1166128E+00   0.4857226E-16   0.3482156E+00   0.1793100E+03
  0.1133333333333E+02   0.2271688E+01  -0.4588344E-15   0.2127257E+02   0.1166128E+00   0.4163336E-16   0.3573894E+00   0.1792980E+03
  0.1137500000000E+02   0.2271688E+01  -0.3937822E-15   0.2128354E+02   0.1166128E+00   0.3642919E-16   0.3655629E+00   0.1792875E+03
  0.1141666666667E+02   0.2271688E+01  -0.6201636E-15   0.2129474E+02   0.1166128E+00   0.2428613E-16   0.3733196E+00   0.1792788E+03
  0.1145833333333E+02   0.2271688E+01  -0.7389922E-15   0.2130589E+02   0.1166128E+00  -0.1734723E-17   0.3811096E+00   0.1792711E+03
  0.1150000000000E+02   0.2271688E+01  -0.2081668E-16   0.2131682E+02   0.1166128E+00   0.1908196E-16   0.3891668E+00   0.1792638E+03
  0.1154166666667E+02   0.2271688E+01  -0.7424616E-15   0.2132728E+02   0.1166128E+00   0.4683753E-16   0.3976292E+00   0.1792559E+03
  0.1158333333333E+02   0.2271688E+01   0.9194034E-16   0.2133702E+02   0.1166128E+00  -0.6938894E-17   0.4066804E+00   0.1792471E+03
  0.1162500000000E+02   0.2271688E+01  -0.9037909E-15   0.2134593E+02   0.1166128E+00   0.2602085E-16   0.4165338E+00   0.1792372E+03
  0.1166666666667E+02   0.2271688E+01  -0.4874573E-15   0.2135416E+02   0.1166128E+00   0.4510281E-16   0.4272769E+00   0.1792267E+03
  0.1170833333333E+02   0.2271688E+01  -0.1571659E-14   0.2136210E+02   0.1166128E+00   0.7459311E-16   0.4387509E+00   0.1792159E+03
  0.1175000000000E+02   0.2271688E+01  -0.6652665E-15   0.2137020E+02   0.1166128E+00   0.1734723E-16   0.4506099E+00   0.1792052E+03
  0.1179166666667E+02   0.2271688E+01  -0.1630640E-14   0.2137885E+02   0.1166128E+00   0.1387779E-16   0.4625068E+00   0.1791946E+03
  0.1183333333333E+02   0.2271688E+01   0.7936360E-15   0.2138823E+02   0.1166128E+00   0.2081668E-16   0.4742400E+00   0.1791842E+03
  0.1187500000000E+02   0.2271688E+01  -0.1198694E-14   0.2139828E+02   0.1166128E+00   0.8500145E-16   0.4857474E+00   0.1791741E+03
  0.1191666666667E+02   0.2271688E+01   0.1142315E-14   0.2140856E+02   0.1166128E+00  -0.1734723E-17   0.4969845E+00   0.1791650E+03
  0.1195833333333E+02   0.2271688E+01   0.3295975E-15   0.2141837E+02   0.1166128E+00   0.2255141E-16   0.5078163E+00   0.1791573E+03
  0.1200000000000E+02   0.2271688E+01   0.2324529E-15   0.2142694E+02   0.1166128E+00   0.1908196E-16   0.5180106E+00   0.1791517E+03
  0.1204166666667E+02   0.2271688E+01  -0.1299308E-14   0.2143374E+02   0.1166128E+00   0.5204170E-16   0.5273152E+00   0.1791480E+03
  0.1208333333333E+02   0.2271688E+01  -0.9332812E-15   0.2143866E+02   0.1166128E+00   0.3816392E-16   0.5355325E+00   0.1791456E+03
  0.1212500000000E+02   0.2271688E+01   0.8422082E-15   0.2144188E+02   0.1166128E+00   0.2602085E-16   0.5425315E+00   0.1791440E+03
  0.1216666666667E+02   0.2271688E+01  -0.4111295E-15   0.2144364E+02   0.1166128E+00   0.4336809E-17   0.5482061E+00   0.1791428E+03
  0.1220833333333E+02   0.2271688E+01   0.3486794E-15   0.2144404E+02   0.1166128E+00   0.2949030E-16   0.5524439E+00   0.1791422E+03
  0.1225000000000E+02   0.2271688E+01  -0.1493597E-14   0.2144300E+02   0.1166128E+00   0.1032160E-15   0.5551493E+00   0.1791426E+03
  0.1229166666667E+02   0.2271688E+01  -0.7719519E-15   0.2144041E+02   0.1166128E+00   0.2602085E-17   0.5563055E+00   0.1791442E+03
  0.1233333333333E+02   0.2271688E+01  -0.9593021E-15   0.2143630E+02   0.1166128E+00   0.4163336E-16   0.5560146E+00   0.1791467E+03
  0.1237500000000E+02   0.2271688E+01  -0.1013079E-14   0.2143099E+02   0.1166128E+00   0.6158268E-16   0.5544683E+00   0.1791494E+03
  0.1241666666667E+02   0.2271688E+01  -0.1037365E-14   0.2142498E+02   0.1166128E+00   0.3729655E-16   0.5518726E+00   0.1791518E+03
  0.1245833333333E+02   0.2271688E+01  -0.1391248E-14   0.2141895E+02   0.1166128E+00   0.3989864E-16   0.5483984E+00   0.1791535E+03
  0.1250000000000E+02   0.2271688E+01  -0.1383442E-14   0.2141358E+02   0.1166128E+00   0.3469447E-16   0.5441957E+00   0.1791543E+03
  0.1254166666667E+02   0.2271688E+01  -0.1598548E-14   0.2140949E+02   0.1166128E+00   0.2255141E-16   0.5394438E+00   0.1791544E+03
  0.1258333333333E+02   0.2271688E+01   0.7667478E-15   0.2140715E+02   0.1166128E+00   0.3469447E-17   0.5343887E+00   0.1791541E+03
  0.1262500000000E+02   0.2271688E+01  -0.1509209E-15   0.2140685E+02   0.1166128E+00   0.3469447E-17   0.5293616E+00   0.1791535E+03
  0.1266666666667E+02   0.2271688E+01  -0.6522560E-15   0.2140864E+02   0.1166128E+00   0.5204170E-16   0.5247217E+00   0.1791529E+03
  0.1270833333333E+02   0.2271688E+01   0.1257675E-15   0.2141208E+02   0.1166128E+00   0.3122502E-16   0.5206949E+00   0.1791525E+03
  0.1275000000000E+02   0.2271688E+01  -0.1205633E-14   0.2141652E+02   0.1166128E+00   0.3295975E-16   0.5175106E+00   0.1791525E+03
  0.1279166666667E+02   0.2271688E+01  -0.7121040E-15   0.2142125E+02   0.1166128E+00   0.5724587E-16   0.5155237E+00   0.1791534E+03
  0.1283333333333E+02   0.2271688E+01  -0.1006140E-14   0.2142526E+02   0.1166128E+00   0.2602085E-16   0.5150035E+00   0.1791552E+03
  0.1287500000000E+02   0.2271688E+01  -0.1921206E-15   0.2142757E+02   0.1166128E+00   0.2775558E-16   0.5161949E+00   0.1791581E+03
  0.1291666666667E+02   0.2271688E+01  -0.1299308E-14   0.2142741E+02   0.1166128E+00   0.3295975E-16   0.5192597E+00   0.1791618E+03
  0.1295833333333E+02   0.2271688E+01   0.3191891E-15   0.2142430E+02   0.1166128E+00   0.1214306E-16   0.5242424E+00   0.1791660E+03
  0.1300000000000E+02   0.2271688E+01  -0.1046906E-14   0.2141810E+02   0.1166128E+00   0.4163336E-16   0.5310660E+00   0.1791704E+03
  0.1304166666667E+02   0.2271688E+01  -0.4172010E-15   0.2140891E+02   0.1166128E+00   0.2428613E-16   0.5395491E+00   0.1791751E+03
  0.1308333333333E+02   0.2271688E+01  -0.9072604E-15   0.2139706E+02   0.1166128E+00   0.2602085E-16   0.5494241E+00   0.1791800E+03
  0.1312500000000E+02   0.2271688E+01  -0.9107298E-15   0.2138296E+02   0.1166128E+00   0.1734723E-16   0.5603425E+00   0.1791852E+03
  0.1316666666667E+02   0.2271688E+01  -0.4076600E-15   0.2136714E+02   0.1166128E+00   0.3989864E-16   0.5718704E+00   0.1791906E+03
  0.1320833333333E+02   0.2271688E+01  -0.5568462E-15   0.2135018E+02   0.1166128E+00   0.4163336E-16   0.5834870E+00   0.1791963E+03
  0.1325000000000E+02   0.2271688E+01   0.1063385E-14   0.2133277E+02   0.1166128E+00   0.2255141E-16   0.5946004E+00   0.1792019E+03
  0.1329166666667E+02   0.2271688E+01  -0.1191755E-14   0.2131570E+02   0.1166128E+00   0.1214306E-16   0.6045814E+00   0.1792071E+03
  0.1333333333333E+02   0.2271688E+01  -0.5689893E-15   0.2129978E+02   0.1166128E+00   0.3816392E-16   0.6128079E+00   0.1792118E+03
  0.1337500000000E+02   0.2271688E+01  -0.9298118E-15   0.2128579E+02   0.1166128E+00   0.1561251E-16   0.6187137E+00   0.1792157E+03
  0.1341666666667E+02   0.2271688E+01  -0.3608225E-15   0.2127432E+02   0.1166128E+00   0.2602085E-16   0.6218356E+00   0.1792186E+03
  0.1345833333333E+02   0.2271688E+01  -0.8656270E-15   0.2126568E+02   0.1166128E+00   0.6071532E-16   0.6218522E+00   0.1792207E+03
  0.1350000000000E+02   0.2271688E+01  -0.9298118E-15   0.2125977E+02   0.1166128E+00   0.5551115E-16   0.6186090E+00   0.1792222E+03
  0.1354166666667E+02   0.2271688E+01  -0.3521489E-15   0.2125617E+02   0.1166128E+00   0.3122502E-16   0.6121273E+00   0.1792233E+03
  0.1358333333333E+02   0.2271688E+01  -0.1651457E-14   0.2125414E+02   0.1166128E+00   0.8673617E-16   0.6026025E+00   0.1792243E+03
  0.1362500000000E+02   0.2271688E+01  -0.8326673E-15   0.2125286E+02   0.1166128E+00   0.4336809E-16   0.5903964E+00   0.1792254E+03
  0.1366666666667E+02   0.2271688E+01  -0.1115427E-14   0.2125156E+02   0.1166128E+00   0.3469447E-16   0.5760186E+00   0.1792266E+03
  0.1370833333333E+02   0.2271688E+01  -0.7199102E-15   0.2124970E+02   0.1166128E+00  -0.3469447E-17   0.5600889E+00   0.1792280E+03
  0.1375000000000E+02   0.2271688E+01  -0.3911801E-15   0.2124699E+02   0.1166128E+00   0.1561251E-16   0.5432797E+00   0.1792295E+03
  0.1379166666667E+02   0.2271688E+01  -0.7806256E-15   0.2124344E+02   0.1166128E+00   0.2602085E-16   0.5262559E+00   0.1792311E+03
  0.1383333333333E+02   0.2271688E+01  -0.7060325E-15   0.2123925E+02   0.1166128E+00  -0.8673617E-17   0.5096292E+00   0.1792327E+03
  0.1387500000000E+02   0.2271688E+01  -0.9050920E-15   0.2123472E+02   0.1166128E+00   0.2255141E-16   0.4939334E+00   0.1792343E+03
  0.1391666666667E+02   0.2271688E+01  -0.1161831E-14   0.2123014E+02   0.1166128E+00   0.6765422E-16   0.4796109E+00   0.1792357E+03
  0.1395833333333E+02   0.2271688E+01  -0.1314270E-14   0.2122570E+02   0.1166128E+00   0.3469447E-16   0.4669948E+00   0.1792370E+03
  0.1400000000000E+02   0.2271688E+01   0.3148523E-15   0.2122147E+02   0.1166128E+00  -0.5204170E-17   0.4562812E+00   0.1792381E+03
  0.1404166666667E+02   0.2271688E+01   0.2886146E-15   0.2121739E+02   0.1166128E+00   0.1734723E-16   0.4475033E+00   0.1792391E+03
  0.1408333333333E+02   0.2271688E+01  -0.3942159E-15   0.2121339E+02   0.1166128E+00   0.2255141E-16   0.4405228E+00   0.1792400E+03
  0.1412500000000E+02   0.2271688E+01  -0.1277624E-14   0.2120947E+02   0.1166128E+00   0.2949030E-16   0.4350479E+00   0.1792409E+03
  0.1416666666667E+02   0.2271688E+01  -0.1380406E-14   0.2120571E+02   0.1166128E+00   0.5377643E-16   0.4306786E+00   0.1792419E+03
  0.1420833333333E+02   0.2271688E+01   0.1925543E-15   0.2120229E+02   0.1166128E+00   0.1908196E-16   0.4269651E+00   0.1792429E+03
  0.1425000000000E+02   0.2271688E+01  -0.2133710E-15   0.2119942E+02   0.1166128E+00   0.1040834E-16   0.4234691E+00   0.1792441E+03
  0.1429166666667E+02   0.2271688E+01  -0.1776357E-14   0.2119724E+02   0.1166128E+00   0.6418477E-16   0.4198178E+00   0.1792455E+03
  0.1433333333333E+02   0.2271688E+01  -0.9341486E-15   0.2119577E+02   0.1166128E+00   0.1908196E-16   0.4157450E+00   0.1792471E+03
  0.1437500000000E+02   0.2271688E+01   0.6722053E-16   0.2119481E+02   0.1166128E+00   0.4510281E-16   0.4111188E+00   0.1792490E+03
  0.1441666666667E+02   0.2271688E+01  -0.2164068E-15   0.2119403E+02   0.1166128E+00   0.1734723E-17   0.4059545E+00   0.1792513E+03
  0.1445833333333E+02   0.2271688E+01  -0.8651933E-15   0.2119297E+02   0.1166128E+00   0.3642919E-16   0.4004092E+00   0.1792538E+03
  0.1450000000000E+02   0.2271688E+01  -0.7246807E-15   0.2119118E+02   0.1166128E+00   0.1214306E-16   0.3947591E+00   0.1792567E+03
  0.1454166666667E+02   0.2271688E+01  -0.5069729E-15   0.2118826E+02   0.1166128E+00   0.1908196E-16   0.3893605E+00   0.1792599E+03
  0.1458333333333E+02   0.2271688E+01  -0.6756748E-15   0.2118401E+02   0.1166128E+00   0.5724587E-16   0.3846004E+00   0.1792634E+03
  0.1462500000000E+02   0.2271688E+01  -0.1491862E-14   0.2117841E+02   0.1166128E+00  -0.5204170E-17   0.3808472E+00   0.1792669E+03
  0.1466666666667E+02   0.2271688E+01   0.2090342E-15   0.2117163E+02   0.1166128E+00  -0.0000000E+00   0.3784078E+00   0.1792703E+03
  0.1470833333333E+02   0.2271688E+01  -0.1183949E-14   0.2116403E+02   0.1166128E+00   0.3989864E-16   0.3774972E+00   0.1792736E+03
  0.1475000000000E+02   0.2271688E+01  -0.9055257E-15   0.2115600E+02   0.1166128E+00   0.3816392E-16   0.3782187E+00   0.1792766E+03
  0.1479166666667E+02   0.2271688E+01  -0.3764350E-15   0.2114796E+02   0.1166128E+00   0.4336809E-16   0.3805538E+00   0.1792792E+03
  0.1483333333333E+02   0.2271688E+01  -0.4388850E-15   0.2114024E+02   0.1166128E+00   0.4163336E-16   0.3843581E+00   0.1792814E+03
  0.1487500000000E+02   0.2271688E+01  -0.1301043E-15   0.2113301E+02   0.1166128E+00   0.1040834E-16   0.3893670E+00   0.1792832E+03
  0.1491666666667E+02   0.2271688E+01   0.3421742E-15   0.2112633E+02   0.1166128E+00   0.2775558E-16   0.3952131E+00   0.1792845E+03
  0.1495833333333E+02   0.2271688E+01   0.7589415E-16   0.2112011E+02   0.1166128E+00   0.1561251E-16   0.4014574E+00   0.1792855E+03
  0.1500000000000E+02   0.2271688E+01  -0.1562118E-14   0.2111424E+02   0.1166128E+00   0.4510281E-16   0.4076322E+00   0.1792861E+03
  0.1504166666667E+02   0.2271688E+01  -0.7723856E-15   0.2110863E+02   0.1166128E+00   0.7459311E-16   0.4132886E+00   0.1792864E+03
  0.1508333333333E+02   0.2271688E+01  -0.1277624E-14   0.2110324E+02   0.1166128E+00   0.2949030E-16   0.4180434E+00   0.1792865E+03
  0.1512500000000E+02   0.2271688E+01   0.1251169E-15   0.2109816E+02   0.1166128E+00   0.2255141E-16   0.4216167E+00   0.1792863E+03
  0.1516666666667E+02   0.2271688E+01  -0.2010111E-15   0.2109356E+02   0.1166128E+00   0.1214306E-16   0.4238585E+00   0.1792860E+03
  0.1520833333333E+02   0.2271688E+01  -0.8630249E-15   0.2108962E+02   0.1166128E+00   0.2602085E-16   0.4247598E+00   0.1792856E+03
  0.1525000000000E+02   0.2271688E+01   0.1301043E-15   0.2108651E+02   0.1166128E+00   0.1561251E-16   0.4244467E+00   0.1792850E+03
  0.1529166666667E+02   0.2271688E+01  -0.1606788E-14   0.2108432E+02   0.1166128E+00   0.5551115E-16   0.4231572E+00   0.1792844E+03
  0.1533333333333E+02   0.2271688E+01  -0.1379105E-14   0.2108302E+02   0.1166128E+00   0.4163336E-16   0.4212041E+00   0.1792836E+03
  0.1537500000000E+02   0.2271688E+01  -0.8738670E-15   0.2108243E+02   0.1166128E+00   0.3989864E-16   0.4189304E+00   0.1792828E+03
  0.1541666666667E+02   0.2271688E+01   0.4857226E-15   0.2108232E+02   0.1166128E+00   0.3295975E-16   0.4166649E+00   0.1792819E+03
  0.1545833333333E+02   0.2271688E+01  -0.2012279E-15   0.2108239E+02   0.1166128E+00   0.3122502E-16   0.4146839E+00   0.1792809E+03
  0.1550000000000E+02   0.2271688E+01  -0.3898791E-15   0.2108237E+02   0.1166128E+00   0.1214306E-16   0.4131822E+00   0.1792800E+03
  0.1554166666667E+02   0.2271688E+01  -0.2732189E-15   0.2108209E+02   0.1166128E+00   0.2949030E-16   0.4122539E+00   0.1792792E+03
  0.1558333333333E+02   0.2271688E+01  -0.2372234E-15   0.2108147E+02   0.1166128E+00   0.1387779E-16   0.4118836E+00   0.1792785E+03
  0.1562500000000E+02   0.2271688E+01  -0.7676151E-15   0.2108057E+02   0.1166128E+00   0.1214306E-16   0.4119504E+00   0.1792780E+03
  0.1566666666667E+02   0.2271688E+01  -0.6930220E-15   0.2107954E+02   0.1166128E+00   0.7025630E-16   0.4122457E+00   0.1792775E+03
  0.1570833333333E+02   0.2271688E+01   0.9280771E-16   0.2107855E+02   0.1166128E+00   0.7806256E-17   0.4125049E+00   0.1792771E+03
  0.1575000000000E+02   0.2271688E+01  -0.8031770E-15   0.2107776E+02   0.1166128E+00   0.4857226E-16   0.4124494E+00   0.1792767E+03
  0.1579166666667E+02   0.2271688E+01  -0.1860491E-15   0.2107729E+02   0.1166128E+00   0.2168404E-16   0.4118315E+00   0.1792764E+03
  0.1583333333333E+02   0.2271688E+01  -0.3382711E-15   0.2107717E+02   0.1166128E+00   0.3035766E-16   0.4104729E+00   0.1792759E+03
  0.1587500000000E+02   0.2271688E+01  -0.1343543E-14   0.2107736E+02   0.1166128E+00   0.6938894E-16   0.4082879E+00   0.1792753E+03
  0.1591666666667E+02   0.2271688E+01   0.4835542E-15   0.2107778E+02   0.1166128E+00   0.3642919E-16   0.4052886E+00   0.1792747E+03
  0.1595833333333E+02   0.2271688E+01   0.2870967E-15   0.2107833E+02   0.1166128E+00   0.8673617E-18   0.4015721E+00   0.1792739E+03
  0.1600000000000E+02   0.2271688E+01  -0.1094177E-14   0.2107892E+02   0.1166128E+00   0.5204170E-16   0.3972962E+00   0.1792731E+03
  0.1604166666667E+02   0.2271688E+01  -0.9462917E-15   0.2107947E+02   0.1166128E+00   0.6938894E-16   0.3926527E+00   0.1792723E+03
  0.1608333333333E+02   0.2271688E+01  -0.4119968E-15   0.2107992E+02   0.1166128E+00   0.1994932E-16   0.3878442E+00   0.1792717E+03
  0.1612500000000E+02   0.2271688E+01   0.8109832E-16   0.2108023E+02   0.1166128E+00   0.1474515E-16   0.3830684E+00   0.1792713E+03
  0.1616666666667E+02   0.2271688E+01  -0.1073794E-14   0.2108036E+02   0.1166128E+00   0.2775558E-16   0.3785098E+00   0.1792712E+03
  0.1620833333333E+02   0.2271688E+01   0.3777360E-15   0.2108026E+02   0.1166128E+00   0.5811324E-16   0.3743344E+00   0.1792714E+03
  0.1625000000000E+02   0.2271688E+01  -0.5971786E-15   0.2107992E+02   0.1166128E+00   0.5811324E-16   0.3706858E+00   0.1792719E+03
  0.1629166666667E+02   0.2271688E+01  -0.6370772E-15   0.2107931E+02   0.1166128E+00   0.4423545E-16   0.3676798E+00   0.1792725E+03
  0.1633333333333E+02   0.2271688E+01  -0.8682291E-15   0.2107845E+02   0.1166128E+00   0.9540979E-17   0.3653987E+00   0.1792733E+03
  0.1637500000000E+02   0.2271688E+01  -0.3538836E-15   0.2107736E+02   0.1166128E+00   0.2862294E-16   0.3638869E+00   0.1792741E+03
  0.1641666666667E+02   0.2271688E+01  -0.5013351E-15   0.2107611E+02   0.1166128E+00   0.1387779E-16   0.3631484E+00   0.1792749E+03
  0.1645833333333E+02   0.2271688E+01   0.6071532E-16   0.2107478E+02   0.1166128E+00   0.6765422E-16   0.3631470E+00   0.1792757E+03
  0.1650000000000E+02   0.2271688E+01  -0.6821800E-15   0.2107344E+02   0.1166128E+00   0.1127570E-16   0.3638080E+00   0.1792765E+03
  0.1654166666667E+02   0.2271688E+01  -0.5061056E-15   0.2107219E+02   0.1166128E+00  -0.1040834E-16   0.3650217E+00   0.1792774E+03
  0.1658333333333E+02   0.2271688E+01  -0.4111295E-15   0.2107107E+02   0.1166128E+00   0.3556183E-16   0.3666466E+00   0.1792784E+03
  0.1662500000000E+02   0.2271688E+01  -0.9406538E-15   0.2107008E+02   0.1166128E+00   0.3903128E-16   0.3685160E+00   0.1792795E+03
  0.1666666666667E+02   0.2271688E+01   0.3404395E-15   0.2106916E+02   0.1166128E+00   0.1908196E-16   0.3704475E+00   0.1792808E+03
  0.1670833333333E+02   0.2271688E+01  -0.3209238E-15   0.2106822E+02   0.1166128E+00   0.4510281E-16   0.3722594E+00   0.1792822E+03
  0.1675000000000E+02   0.2271688E+01  -0.9974660E-17   0.2106717E+02   0.1166128E+00   0.1994932E-16   0.3737913E+00   0.1792837E+03
  0.1679166666667E+02   0.2271688E+01  -0.1021969E-14   0.2106590E+02   0.1166128E+00   0.5290907E-16   0.3749254E+00   0.1792853E+03
  0.1683333333333E+02   0.2271688E+01  -0.1075529E-14   0.2106438E+02   0.1166128E+00   0.2949030E-16   0.3756037E+00   0.1792868E+03
  0.1687500000000E+02   0.2271688E+01  -0.7962381E-15   0.2106261E+02   0.1166128E+00   0.2949030E-16   0.3758350E+00   0.1792884E+03
  0.1691666666667E+02   0.2271688E+01  -0.5416674E-15   0.2106066E+02   0.1166128E+00   0.2428613E-16   0.3756893E+00   0.1792899E+03
  0.1695833333333E+02   0.2271688E+01  -0.5973954E-15   0.2105863E+02   0.1166128E+00  -0.2081668E-16   0.3752821E+00   0.1792913E+03
  0.1700000000000E+02   0.2271688E+01  -0.8916479E-15   0.2105663E+02   0.1166128E+00   0.7806256E-16   0.3747529E+00   0.1792927E+03
  0.1704166666667E+02   0.2271688E+01  -0.2255141E-15   0.2105473E+02   0.1166128E+00   0.2515349E-16   0.3742429E+00   0.1792941E+03
  0.1708333333333E+02   0.2271688E+01  -0.6919378E-15   0.2105297E+02   0.1166128E+00   0.5724587E-16   0.3738780E+00   0.1792954E+03
  0.1712500000000E+02   0.2271688E+01  -0.9458580E-15   0.2105131E+02   0.1166128E+00   0.5030698E-16   0.3737575E+00   0.1792968E+03
  0.1716666666667E+02   0.2271688E+01  -0.3478121E-15   0.2104971E+02   0.1166128E+00   0.2688821E-16   0.3739485E+00   0.1792982E+03
  0.1720833333333E+02   0.2271688E+01  -0.8365704E-15   0.2104810E+02   0.1166128E+00   0.4076600E-16   0.3744856E+00   0.1792996E+03
  0.1725000000000E+02   0.2271688E+01   0.1366095E-16   0.2104643E+02   0.1166128E+00   0.2341877E-16   0.3753732E+00   0.1793011E+03
  0.1729166666667E+02   0.2271688E+01   0.9389191E-16   0.2104472E+02   0.1166128E+00   0.2775558E-16   0.3765912E+00   0.1793024E+03
  0.1733333333333E+02   0.2271688E+01  -0.9141993E-15   0.2104297E+02   0.1166128E+00   0.3989864E-16   0.3781017E+00   0.1793037E+03
  0.1737500000000E+02   0.2271688E+01  -0.4740132E-15   0.2104125E+02   0.1166128E+00   0.9540979E-17   0.3798574E+00   0.1793048E+03
  0.1741666666667E+02   0.2271688E+01   0.2029626E-15   0.2103960E+02   0.1166128E+00   0.1734723E-17   0.3818078E+00   0.1793057E+03
  0.1745833333333E+02   0.2271688E+01   0.6548581E-16   0.2103810E+02   0.1166128E+00   0.2081668E-16   0.3839022E+00   0.1793065E+03
  0.1750000000000E+02   0.2271688E+01  -0.6648328E-15   0.2103678E+02   0.1166128E+00   0.5030698E-16   0.3860888E+00   0.1793071E+03
  0.1754166666667E+02   0.2271688E+01  -0.7101524E-15   0.2103567E+02   0.1166128E+00   0.4336809E-16   0.3883091E+00   0.1793075E+03
  0.1758333333333E+02   0.2271688E+01  -0.1909605E-14   0.2103481E+02   0.1166128E+00   0.6158268E-16   0.3904931E+00   0.1793079E+03
  0.1762500000000E+02   0.2271688E+01  -0.7431122E-15   0.2103420E+02   0.1166128E+00   0.3903128E-16   0.3925557E+00   0.1793081E+03
  0.1766666666667E+02   0.2271688E+01  -0.5091413E-15   0.2103386E+02   0.1166128E+00   0.3556183E-16   0.3944013E+00   0.1793082E+03
  0.1770833333333E+02   0.2271688E+01  -0.5310422E-15   0.2103379E+02   0.1166128E+00   0.6245005E-16   0.3959340E+00   0.1793082E+03
  0.1775000000000E+02   0.2271688E+01   0.8115524E-15   0.2103394E+02   0.1166128E+00   0.1734723E-16   0.3970740E+00   0.1793081E+03
  0.1779166666667E+02   0.2271688E+01  -0.8795861E-15   0.2103423E+02   0.1166128E+00   0.3816392E-16   0.3977740E+00   0.1793079E+03
  0.1783333333333E+02   0.2271688E+01  -0.2572134E-15   0.2103458E+02   0.1166128E+00   0.3122502E-16   0.3980327E+00   0.1793076E+03
  0.1787500000000E+02   0.2271688E+01  -0.1282974E-14   0.2103485E+02   0.1166128E+00   0.4336809E-16   0.3978997E+00   0.1793073E+03
  0.1791666666667E+02   0.2271688E+01  -0.3175764E-15   0.2103498E+02   0.1166128E+00   0.3122502E-16   0.3974698E+00   0.1793069E+03
  0.1795833333333E+02   0.2271688E+01  -0.5415319E-15   0.2103489E+02   0.1166128E+00   0.3295975E-16   0.3968681E+00   0.1793067E+03
  0.1800000000000E+02   0.2271688E+01  -0.4606233E-15   0.2103459E+02   0.1166128E+00   0.4683753E-16   0.3962297E+00   0.1793065E+03
  0.1804166666667E+02   0.2271688E+01  -0.1186497E-14   0.2103412E+02   0.1166128E+00   0.4163336E-16   0.3956769E+00   0.1793063E+03
  0.1808333333333E+02   0.2271688E+01  -0.7029425E-15   0.2103356E+02   0.1166128E+00   0.4336809E-17   0.3953011E+00   0.1793062E+03
  0.1812500000000E+02   0.2271688E+01   0.4645806E-15   0.2103300E+02   0.1166128E+00   0.2428613E-16   0.3951518E+00   0.1793061E+03
  0.1816666666667E+02   0.2271688E+01  -0.7941781E-15   0.2103251E+02   0.1166128E+00   0.5898060E-16   0.3952351E+00   0.1793060E+03
  0.1820833333333E+02   0.2271688E+01  -0.3751882E-15   0.2103216E+02   0.1166128E+00   0.3903128E-16   0.3955199E+00   0.1793059E+03
  0.1825000000000E+02   0.2271688E+01  -0.5676883E-15   0.2103200E+02   0.1166128E+00   0.1647987E-16   0.3959490E+00   0.1793058E+03
  0.1829166666667E+02   0.2271688E+01  -0.3805550E-15   0.2103205E+02   0.1166128E+00   0.5551115E-16   0.3964515E+00   0.1793056E+03
  0.1833333333333E+02   0.2271688E+01  -0.1550789E-14   0.2103231E+02   0.1166128E+00   0.5030698E-16   0.3969545E+00   0.1793054E+03
  0.1837500000000E+02   0.2271688E+01   0.4445229E-17   0.2103277E+02   0.1166128E+00   0.5984796E-16   0.3973906E+00   0.1793050E+03
  0.1841666666667E+02   0.2271688E+01  -0.8535924E-15   0.2103344E+02   0.1166128E+00   0.1994932E-16   0.3977045E+00   0.1793046E+03
  0.1845833333333E+02   0.2271688E+01  -0.5387943E-15   0.2103428E+02   0.1166128E+00   0.3816392E-16   0.3978573E+00   0.1793041E+03
  0.1850000000000E+02   0.2271688E+01  -0.7890823E-15   0.2103525E+02   0.1166128E+00   0.7025630E-16   0.3978297E+00   0.1793035E+03
  0.1854166666667E+02   0.2271688E+01  -0.3479205E-15   0.2103628E+02   0.1166128E+00   0.2688821E-16   0.3976251E+00   0.1793028E+03
  0.1858333333333E+02   0.2271688E+01  -0.8628081E-15   0.2103730E+02   0.1166128E+00   0.3903128E-16   0.3972703E+00   0.1793021E+03
  0.1862500000000E+02   0.2271688E+01  -0.4575333E-15   0.2103820E+02   0.1166128E+00   0.6071532E-16   0.3968137E+00   0.1793015E+03
  0.1866666666667E+02   0.2271688E+01  -0.8018759E-15   0.2103891E+02   0.1166128E+00   0.1734723E-16   0.3963196E+00   0.1793009E+03
  0.1870833333333E+02   0.2271688E+01  -0.9486769E-15   0.2103934E+02   0.1166128E+00   0.3729655E-16   0.3958594E+00   0.1793004E+03
  0.1875000000000E+02   0.2271688E+01  -0.8015507E-15   0.2103946E+02   0.1166128E+00   0.6071532E-17   0.3955008E+00   0.1793000E+03
  0.1879166666667E+02   0.2271688E+01  -0.1435375E-14   0.2103926E+02   0.1166128E+00   0.4597017E-16   0.3952967E+00   0.1792998E+03
  0.1883333333333E+02   0.2271688E+01  -0.6488950E-15   0.2103879E+02   0.1166128E+00   0.5204170E-16   0.3952765E+00   0.1792998E+03
  0.1887500000000E+02   0.2271688E+01  -0.4275009E-15   0.2103812E+02   0.1166128E+00   0.5811324E-16   0.3954423E+00   0.1792998E+03
  0.1891666666667E+02   0.2271688E+01  -0.7903834E-15   0.2103734E+02   0.1166128E+00   0.1040834E-16   0.3957690E+00   0.1792999E+03
  0.1895833333333E+02   0.2271688E+01   0.5689893E-15   0.2103655E+02   0.1166128E+00   0.3989864E-16   0.3962107E+00   0.1793000E+03
  0.1900000000000E+02   0.2271688E+01  -0.8323420E-15   0.2103583E+02   0.1166128E+00   0.5464379E-16   0.3967097E+00   0.1793002E+03
  0.1904166666667E+02   0.2271688E+01  -0.8666028E-15   0.2103521E+02   0.1166128E+00   0.5204170E-16   0.3972073E+00   0.1793004E+03
  0.1908333333333E+02   0.2271688E+01  -0.2730021E-15   0.2103471E+02   0.1166128E+00   0.2341877E-16   0.3976527E+00   0.1793006E+03
  0.1912500000000E+02   0.2271688E+01  -0.6685733E-15   0.2103428E+02   0.1166128E+00   0.4076600E-16   0.3980110E+00   0.1793007E+03
  0.1916666666667E+02   0.2271688E+01  -0.3091602E-15   0.2103387E+02   0.1166128E+00   0.2341877E-16   0.3982660E+00   0.1793008E+03
  0.1920833333333E+02   0.2271688E+01   0.6238499E-15   0.2103341E+02   0.1166128E+00   0.6938894E-17   0.3984204E+00   0.1793009E+03
  0.1925000000000E+02   0.2271688E+01   0.3740497E-16   0.2103284E+02   0.1166128E+00   0.1647987E-16   0.3984925E+00   0.1793009E+03
  0.1929166666667E+02   0.2271688E+01  -0.6998525E-15   0.2103214E+02   0.1166128E+00   0.3382711E-16   0.3985113E+00   0.1793008E+03
  0.1933333333333E+02   0.2271688E+01  -0.8148864E-15   0.2103132E+02   0.1166128E+00   0.2515349E-16   0.3985103E+00   0.1793007E+03
  0.1937500000000E+02   0.2271688E+01  -0.2105087E-14   0.2103042E+02   0.1166128E+00   0.1561251E-16   0.3985221E+00   0.1793004E+03
  0.1941666666667E+02   0.2271688E+01  -0.1098839E-14   0.2102952E+02   0.1166128E+00   0.6071532E-16   0.3985726E+00   0.1793001E+03
  0.1945833333333E+02   0.2271688E+01  -0.2965293E-15   0.2102871E+02   0.1166128E+00   0.2168404E-16   0.3986785E+00   0.1792998E+03
  0.1950000000000E+02   0.2271688E+01  -0.2235625E-15   0.2102806E+02   0.1166128E+00   0.1994932E-16   0.3988447E+00   0.1792995E+03
  0.1954166666667E+02   0.2271688E+01  -0.7795414E-15   0.2102764E+02   0.1166128E+00   0.3469447E-16   0.3990652E+00   0.1792993E+03
  0.1958333333333E+02   0.2271688E+01   0.3413068E-15   0.2102746E+02   0.1166128E+00  -0.2341877E-16   0.3993247E+00   0.1792990E+03
  0.1962500000000E+02   0.2271688E+01  -0.6075869E-15   0.2102748E+02   0.1166128E+00   0.5117434E-16   0.3996028E+00   0.1792989E+03
  0.1966666666667E+02   0.2271688E+01  -0.3485168E-15   0.2102764E+02   0.1166128E+00   0.8153200E-16   0.3998781E+00   0.1792988E+03
  0.1970833333333E+02   0.2271688E+01  -0.3274291E-16   0.2102785E+02   0.1166128E+00   0.9540979E-17   0.4001327E+00   0.1792987E+03
  0.1975000000000E+02   0.2271688E+01  -0.6281325E-15   0.2102800E+02   0.1166128E+00   0.3295975E-16   0.4003548E+00   0.1792986E+03
  0.1979166666667E+02   0.2271688E+01  -0.5722419E-15   0.2102800E+02   0.1166128E+00   0.3729655E-16   0.4005409E+00   0.1792985E+03
  0.1983333333333E+02   0.2271688E+01   0.8093569E-16   0.2102779E+02   0.1166128E+00   0.2081668E-16   0.4006946E+00   0.1792985E+03
  0.1987500000000E+02   0.2271688E+01  -0.1021644E-14   0.2102734E+02   0.1166128E+00   0.4163336E-16   0.4008251E+00   0.1792984E+03
  0.1991666666667E+02   0.2271688E+01  -0.1469744E-14   0.2102665E+02   0.1166128E+00   0.4163336E-16   0.4009443E+00   0.1792984E+03
  0.1995833333333E+02   0.2271688E+01   0.6691696E-15   0.2102579E+02   0.1166128E+00  -0.8673617E-17   0.4010639E+00   0.1792983E+03
  0.2000000000000E+02   0.2271688E+01  -0.1384201E-14   0.2102482E+02   0.1166128E+00   0.4076600E-16   0.4011932E+00   0.1792983E+03
