 # Project=San-Ti                        
 # Author=Sophon                        
 # date =  9/22/2026 13:57:33
 # code = EQdyna
 # element_size =   500.00000000000000     
 # time_step =  0.0417  s
 # num_time_steps =   480
 # Time series in 11 columns in format E15.7
 # Column #1 = Time (s)
 # Column #2 = horizontal slip (m)
 # Column #3 = horizontal slip rate (m/s)
 # Column #4 = horizontal shear stress (MPa)
 # Column #5 = down-dip slip (m)
 # Column #6 = down-dip slip rate (m/s)
 # Column #7 = down-dip shear stress (MPa)
 # Column #8 = normal stress (MPa)
 # The line below lists the names of the data fields:
 t h-slip h-slip-rate h-shear-stress v-slip v-slip-rate v-shear-stress n-stress
  0.4166666666667E-01   0.0000000E+00   0.0000000E+00   0.5775822E+00  -0.0000000E+00  -0.0000000E+00  -0.2454738E+00   0.4373426E+01
  0.8333333333333E-01  -0.1798914E-17  -0.4317394E-16   0.5777987E+00  -0.2168404E-17  -0.5204170E-16  -0.2596304E+00   0.4343210E+01
  0.1250000000000E+00  -0.3697034E-17  -0.4555597E-16   0.5781309E+00  -0.2710505E-17  -0.1214306E-16  -0.2751223E+00   0.4311062E+01
  0.1666666666667E+00  -0.3727792E-17  -0.7369187E-18   0.5783810E+00  -0.2385245E-17  -0.0000000E+00  -0.2814787E+00   0.4299311E+01
  0.2083333333333E+00  -0.4374608E-17  -0.1552357E-16   0.5783698E+00  -0.2385245E-17   0.8673617E-18  -0.2772638E+00   0.4309743E+01
  0.2500000000000E+00  -0.5578983E-17  -0.2890415E-16   0.5781420E+00  -0.2602085E-17  -0.7806256E-17  -0.2694349E+00   0.4326364E+01
  0.2916666666667E+00  -0.5271933E-17   0.7365799E-17   0.5779427E+00  -0.2818926E-17  -0.1214306E-16  -0.2658689E+00   0.4332553E+01
  0.3333333333333E+00  -0.7008562E-17  -0.4167402E-16   0.5779526E+00  -0.4336809E-17  -0.2688821E-16  -0.2686045E+00   0.4325126E+01
  0.3750000000000E+00  -0.7891806E-17  -0.2119615E-16   0.5781047E+00  -0.1734723E-17   0.4857226E-16  -0.2735049E+00   0.4313836E+01
  0.4166666666667E+00  -0.5483056E-17   0.5780830E-16   0.5781926E+00  -0.0000000E+00   0.4683753E-16  -0.2753991E+00   0.4309753E+01
  0.4583333333333E+00  -0.6521307E-17  -0.2490954E-16   0.5781100E+00   0.8673617E-18   0.3209238E-16  -0.2730524E+00   0.4314990E+01
  0.5000000000000E+00  -0.7536052E-17  -0.2438777E-16   0.5779374E+00   0.4336809E-18  -0.1474515E-16  -0.2695093E+00   0.4322597E+01
  0.5416666666667E+00  -0.8035802E-17  -0.1198721E-16   0.5778182E+00  -0.1301043E-17  -0.4076600E-16  -0.2683868E+00   0.4324735E+01
  0.5833333333333E+00  -0.9870475E-17  -0.4403555E-16   0.5778089E+00  -0.4336809E-18   0.1821460E-16  -0.2703178E+00   0.4320175E+01
  0.6250000000000E+00  -0.1182204E-16  -0.4679349E-16   0.5778551E+00  -0.8673617E-18  -0.8673617E-17  -0.2728551E+00   0.4314298E+01
  0.6666666666667E+00  -0.1404042E-16  -0.5328176E-16   0.5778759E+00  -0.8673617E-18  -0.1647987E-16  -0.2733345E+00   0.4312876E+01
  0.7083333333333E+00  -0.1566672E-16  -0.3900417E-16   0.5778428E+00  -0.5204170E-17  -0.6678685E-16  -0.2714897E+00   0.4316476E+01
  0.7500000000000E+00  -0.1629014E-16  -0.1494166E-16   0.5777891E+00  -0.6071532E-17  -0.9540979E-17  -0.2693602E+00   0.4320727E+01
  0.7916666666667E+00  -0.1597165E-16   0.7521653E-17   0.5777663E+00  -0.4336809E-17   0.5204170E-17  -0.2689964E+00   0.4321291E+01
  0.8333333333333E+00  -0.1557185E-16   0.9588413E-17   0.5778001E+00  -0.3469447E-17   0.9540979E-17  -0.2704926E+00   0.4318046E+01
  0.8750000000000E+00  -0.1664250E-16  -0.2567526E-16   0.5778798E+00  -0.5204170E-17  -0.1908196E-16  -0.2721901E+00   0.4314577E+01
  0.9166666666667E+00  -0.1563962E-16   0.2408284E-16   0.5779817E+00  -0.5204170E-17   0.9540979E-17  -0.2725332E+00   0.4314155E+01
  0.9583333333333E+00  -0.1635112E-16  -0.1716428E-16   0.5780960E+00  -0.5204170E-17  -0.3469447E-17  -0.2715439E+00   0.4316622E+01
  0.1000000000000E+01  -0.1666283E-16  -0.7420009E-17   0.5782299E+00  -0.5204170E-17   0.1734723E-16  -0.2705444E+00   0.4319062E+01
  0.1041666666667E+01  -0.1788256E-16  -0.2940221E-16   0.5783845E+00  -0.6071532E-17  -0.2341877E-16  -0.2706553E+00   0.4319049E+01
  0.1083333333333E+01  -0.1643922E-16   0.3463348E-16   0.5785321E+00  -0.3469447E-17   0.1040834E-16  -0.2717075E+00   0.4316946E+01
  0.1125000000000E+01  -0.1706263E-16  -0.1509074E-16   0.5786214E+00  -0.3469447E-17  -0.9540979E-17  -0.2725745E+00   0.4315141E+01
  0.1166666666667E+01  -0.1892610E-16  -0.4473689E-16   0.5786041E+00  -0.5204170E-17  -0.1734723E-16  -0.2724035E+00   0.4315402E+01
  0.1208333333333E+01  -0.2154852E-16  -0.6304636E-16   0.5784612E+00  -0.5204170E-17  -0.1561251E-16  -0.2714187E+00   0.4317186E+01
  0.1250000000000E+01  -0.2309351E-16  -0.3676801E-16   0.5782080E+00  -0.6938894E-17  -0.1561251E-16  -0.2705650E+00   0.4318455E+01
  0.1291666666667E+01  -0.2420481E-16  -0.2672558E-16   0.5778828E+00  -0.5204170E-17  -0.1301043E-16  -0.2704933E+00   0.4317863E+01
  0.1333333333333E+01  -0.2448264E-16  -0.6803369E-17   0.5775337E+00  -0.5204170E-17  -0.1647987E-16  -0.2709691E+00   0.4316003E+01
  0.1375000000000E+01  -0.2489599E-16  -0.9730714E-17   0.5772126E+00  -0.3469447E-17   0.1301043E-16  -0.2712325E+00   0.4314597E+01
  0.1416666666667E+01  -0.2528902E-16  -0.9364796E-17   0.5769686E+00  -0.5204170E-17   0.1734723E-16  -0.2708366E+00   0.4314680E+01
  0.1458333333333E+01  -0.2610217E-16  -0.1975958E-16   0.5768358E+00  -0.5204170E-17  -0.1040834E-16  -0.2700743E+00   0.4315672E+01
  0.1500000000000E+01  -0.2764716E-16  -0.3708649E-16   0.5768159E+00  -0.5204170E-17   0.1474515E-16  -0.2696170E+00   0.4316156E+01
  0.1541666666667E+01  -0.2795886E-16  -0.7237050E-17   0.5768690E+00  -0.5204170E-17  -0.8673617E-17  -0.2698133E+00   0.4315373E+01
  0.1583333333333E+01  -0.2879912E-16  -0.2046432E-16   0.5769250E+00  -0.8673617E-17  -0.1908196E-16  -0.2703777E+00   0.4313890E+01
  0.1625000000000E+01  -0.2900241E-16  -0.5122855E-17   0.5769150E+00  -0.5204170E-17   0.2341877E-16  -0.2707316E+00   0.4312883E+01
  0.1666666666667E+01  -0.2967326E-16  -0.1587001E-16   0.5768118E+00  -0.3469447E-17   0.8673617E-17  -0.2705887E+00   0.4312916E+01
  0.1708333333333E+01  -0.3159772E-16  -0.4625478E-16   0.5766586E+00  -0.8673617E-17  -0.2515349E-16  -0.2701868E+00   0.4313485E+01
  0.1750000000000E+01  -0.3289876E-16  -0.3126568E-16   0.5765649E+00  -0.5204170E-17   0.7806256E-17  -0.2699871E+00   0.4313684E+01
  0.1791666666667E+01  -0.3258028E-16   0.7752046E-17   0.5766666E+00  -0.6938894E-17   0.1127570E-16  -0.2702020E+00   0.4313193E+01
  0.1833333333333E+01  -0.3309527E-16  -0.1233280E-16   0.5770637E+00  -0.6938894E-17   0.7806256E-17  -0.2706303E+00   0.4312564E+01
  0.1875000000000E+01  -0.3387115E-16  -0.1872959E-16   0.5777676E+00  -0.6938894E-17   0.6071532E-17  -0.2709141E+00   0.4312595E+01
  0.1916666666667E+01  -0.3358316E-16   0.6938894E-17   0.5786838E+00  -0.5204170E-17  -0.2602085E-16  -0.2709055E+00   0.4313502E+01
  0.1958333333333E+01  -0.3537210E-16  -0.4288020E-16   0.5796378E+00  -0.6938894E-17   0.3469447E-17  -0.2707617E+00   0.4314738E+01
  0.2000000000000E+01  -0.3691708E-16  -0.3713392E-16   0.5804325E+00  -0.8673617E-17  -0.2862294E-16  -0.2707122E+00   0.4315559E+01
  0.2041666666667E+01  -0.3678156E-16   0.3198396E-17   0.5809152E+00  -0.8673617E-17   0.7806256E-17  -0.2707777E+00   0.4315707E+01
  0.2083333333333E+01  -0.3613443E-16   0.1544988E-16   0.5810274E+00  -0.1040834E-16  -0.1040834E-16  -0.2707440E+00   0.4315529E+01
  0.2125000000000E+01  -0.3582272E-16   0.7372575E-17   0.5808195E+00  -0.1387779E-16  -0.1734723E-17  -0.2704023E+00   0.4315489E+01
  0.2166666666667E+01  -0.3564992E-16   0.4065758E-17   0.5804251E+00  -0.1214306E-16   0.3469447E-17  -0.2697920E+00   0.4315627E+01
  0.2208333333333E+01  -0.3595824E-16  -0.7277707E-17   0.5800063E+00  -0.1387779E-16   0.6938894E-17  -0.2691934E+00   0.4315501E+01
  0.2250000000000E+01  -0.3662570E-16  -0.1607330E-16   0.5796928E+00  -0.1387779E-16  -0.1387779E-16  -0.2688853E+00   0.4314626E+01
  0.2291666666667E+01  -0.3720508E-16  -0.1401331E-16   0.5795394E+00  -0.1387779E-16  -0.3469447E-17  -0.2689098E+00   0.4312918E+01
  0.2333333333333E+01  -0.3816730E-16  -0.2301219E-16   0.5795141E+00  -0.1040834E-16   0.5204170E-17  -0.2690611E+00   0.4310716E+01
  0.2375000000000E+01  -0.3837737E-16  -0.5065257E-17   0.5795094E+00  -0.6938894E-17  -0.1734723E-17  -0.2690822E+00   0.4308419E+01
  0.2416666666667E+01  -0.3889236E-16  -0.1230569E-16   0.5793617E+00  -0.1387779E-16  -0.3816392E-16  -0.2688580E+00   0.4306130E+01
  0.2458333333333E+01  -0.3911937E-16  -0.5475221E-17   0.5788666E+00  -0.1734723E-16   0.1387779E-16  -0.2684320E+00   0.4303672E+01
  0.2500000000000E+01  -0.4037298E-16  -0.3035766E-16   0.5777952E+00  -0.1387779E-16   0.1734723E-17  -0.2678685E+00   0.4300879E+01
  0.2541666666667E+01  -0.4071179E-16  -0.8239937E-17   0.5759226E+00  -0.1387779E-16  -0.2341877E-16  -0.2671321E+00   0.4297822E+01
  0.2583333333333E+01  -0.3924812E-16   0.3556183E-16   0.5730737E+00  -0.1734723E-16  -0.2515349E-16  -0.2661147E+00   0.4294721E+01
  0.2625000000000E+01  -0.3979022E-16  -0.1322727E-16   0.5691695E+00  -0.1040834E-16   0.5204170E-17  -0.2647710E+00   0.4291631E+01
  0.2666666666667E+01  -0.4098284E-16  -0.2862294E-16   0.5642477E+00  -0.1387779E-16  -0.0000000E+00  -0.2632126E+00   0.4288235E+01
  0.2708333333333E+01  -0.4353072E-16  -0.6179952E-16   0.5584406E+00  -0.1387779E-16   0.1561251E-16  -0.2616564E+00   0.4283979E+01
  0.2750000000000E+01  -0.4396440E-16  -0.1084202E-16   0.5519213E+00  -0.1387779E-16  -0.3469447E-17  -0.2602716E+00   0.4278427E+01
  0.2791666666667E+01  -0.4597017E-16  -0.4683753E-16   0.5448465E+00  -0.1387779E-16   0.1040834E-16  -0.2590648E+00   0.4271565E+01
  0.2833333333333E+01  -0.4450650E-16   0.3361027E-16   0.5373268E+00  -0.1387779E-16   0.8673617E-17  -0.2578950E+00   0.4263797E+01
  0.2875000000000E+01  -0.4358493E-16   0.2320193E-16   0.5294315E+00  -0.1387779E-16   0.4163336E-16  -0.2565928E+00   0.4255711E+01
  0.2916666666667E+01  -0.4325967E-16   0.7155734E-17   0.5212188E+00  -0.1040834E-16  -0.1734723E-16  -0.2550741E+00   0.4247798E+01
  0.2958333333333E+01  -0.4369335E-16  -0.1257675E-16   0.5127700E+00  -0.1734723E-16   0.3295975E-16  -0.2533693E+00   0.4240343E+01
  0.3000000000000E+01  -0.4466913E-16  -0.2200930E-16   0.5042183E+00  -0.2081668E-16  -0.2255141E-16  -0.2515766E+00   0.4233469E+01
  0.3041666666667E+01  -0.4315125E-16   0.3615814E-16   0.4957684E+00  -0.1734723E-16  -0.2602085E-16  -0.2498098E+00   0.4227244E+01
  0.3083333333333E+01  -0.4434387E-16  -0.2856873E-16   0.4877025E+00  -0.2081668E-16  -0.3295975E-16  -0.2481865E+00   0.4221718E+01
  0.3125000000000E+01  -0.4564491E-16  -0.3176712E-16   0.4803601E+00  -0.2428613E-16  -0.5204170E-16  -0.2468448E+00   0.4216919E+01
  0.3166666666667E+01  -0.4510281E-16   0.1561251E-16   0.4740784E+00  -0.2428613E-16  -0.1214306E-16  -0.2459407E+00   0.4212861E+01
  0.3208333333333E+01  -0.4499439E-16   0.1734723E-17   0.4691045E+00  -0.2428613E-16  -0.4683753E-16  -0.2456042E+00   0.4209560E+01
  0.3250000000000E+01  -0.4510281E-16  -0.6071532E-17   0.4655194E+00  -0.2775558E-16  -0.4163336E-16  -0.2458861E+00   0.4207051E+01
  0.3291666666667E+01  -0.4765069E-16  -0.5898060E-16   0.4632211E+00  -0.2775558E-16   0.3469447E-17  -0.2467484E+00   0.4205326E+01
  0.3333333333333E+01  -0.4830121E-16  -0.1778092E-16   0.4619892E+00  -0.3469447E-16   0.1040834E-16  -0.2481127E+00   0.4204242E+01
  0.3375000000000E+01  -0.5014435E-16  -0.4423545E-16   0.4616081E+00  -0.3469447E-16  -0.1561251E-16  -0.2499293E+00   0.4203486E+01
  0.3416666666667E+01  -0.5046961E-16  -0.7806256E-17   0.4619903E+00  -0.3469447E-16  -0.1387779E-16  -0.2522045E+00   0.4202696E+01
  0.3458333333333E+01  -0.4900594E-16   0.3469447E-16   0.4632451E+00  -0.3122502E-16   0.5204170E-17  -0.2549609E+00   0.4201680E+01
  0.3500000000000E+01  -0.4954804E-16  -0.1127570E-16   0.4656731E+00  -0.3122502E-16   0.1561251E-16  -0.2581679E+00   0.4200615E+01
  0.3541666666667E+01  -0.4998172E-16  -0.7806256E-17   0.4697018E+00  -0.3122502E-16  -0.2081668E-16  -0.2617111E+00   0.4200052E+01
  0.3583333333333E+01  -0.5117434E-16  -0.2255141E-16   0.4757962E+00  -0.3816392E-16  -0.4336809E-16  -0.2654380E+00   0.4200697E+01
  0.3625000000000E+01  -0.5225854E-16  -0.3556183E-16   0.4843707E+00  -0.3469447E-16   0.3469447E-17  -0.2692512E+00   0.4203069E+01
  0.3666666666667E+01  -0.5355959E-16  -0.3209238E-16   0.4957141E+00  -0.3469447E-16  -0.3469447E-17  -0.2731757E+00   0.4207204E+01
  0.3708333333333E+01  -0.5507747E-16  -0.3295975E-16   0.5099302E+00  -0.4163336E-16   0.1561251E-16  -0.2773389E+00   0.4212583E+01
  0.3750000000000E+01  -0.5551115E-16   0.3469447E-17   0.5268978E+00  -0.3816392E-16  -0.2081668E-16  -0.2818624E+00   0.4218302E+01
  0.3791666666667E+01  -0.5681219E-16  -0.3859760E-16   0.5462560E+00  -0.3816392E-16  -0.8673617E-17  -0.2867271E+00   0.4223411E+01
  0.3833333333333E+01  -0.5811324E-16  -0.2818926E-16   0.5674276E+00  -0.4163336E-16   0.3469447E-17  -0.2916929E+00   0.4227241E+01
  0.3875000000000E+01  -0.5984796E-16  -0.4857226E-16   0.5896870E+00  -0.4163336E-16  -0.1734723E-16  -0.2963302E+00   0.4229582E+01
  0.3916666666667E+01  -0.6028164E-16   0.5421011E-17   0.6122753E+00  -0.3469447E-16   0.2949030E-16  -0.3001571E+00   0.4230615E+01
  0.3958333333333E+01  -0.6028164E-16   0.3035766E-17   0.6345467E+00  -0.3469447E-16   0.1387779E-16  -0.3028247E+00   0.4230671E+01
  0.4000000000000E+01  -0.6093216E-16  -0.8673617E-17   0.6561090E+00  -0.3469447E-16   0.2081668E-16  -0.3042621E+00   0.4229956E+01
  0.4041666666667E+01  -0.5963112E-16   0.1301043E-16   0.6769107E+00  -0.2775558E-16   0.2081668E-16  -0.3047101E+00   0.4228426E+01
  0.4083333333333E+01  -0.6093216E-16  -0.1387779E-16   0.6972312E+00  -0.2775558E-16   0.1040834E-16  -0.3046191E+00   0.4225887E+01
  0.4125000000000E+01  -0.6223320E-16  -0.3642919E-16   0.7175599E+00  -0.2081668E-16   0.6938894E-17  -0.3044508E+00   0.4222245E+01
  0.4166666666667E+01  -0.6201636E-16   0.3469447E-17   0.7383879E+00  -0.3469447E-16   0.6938894E-17  -0.3044682E+00   0.4217695E+01
  0.4208333333333E+01  -0.6331741E-16  -0.2255141E-16   0.7599765E+00  -0.3469447E-16  -0.1040834E-16  -0.3046081E+00   0.4212670E+01
  0.4250000000000E+01  -0.6375109E-16  -0.1734723E-16   0.7821848E+00  -0.2081668E-16   0.1040834E-16  -0.3044946E+00   0.4207525E+01
  0.4291666666667E+01  -0.6418477E-16  -0.1040834E-16   0.8044341E+00  -0.4163336E-16  -0.1734723E-16  -0.3035805E+00   0.4202189E+01
  0.4333333333333E+01  -0.6310057E-16   0.2255141E-16   0.8258474E+00  -0.2775558E-16   0.6938894E-17  -0.3013385E+00   0.4196107E+01
  0.4375000000000E+01  -0.6310057E-16   0.6938894E-17   0.8455344E+00  -0.3469447E-16  -0.3816392E-16  -0.2973996E+00   0.4188590E+01
  0.4416666666667E+01  -0.6505213E-16  -0.4163336E-16   0.8629072E+00  -0.4163336E-16  -0.1387779E-16  -0.2916062E+00   0.4179362E+01
  0.4458333333333E+01  -0.6548581E-16  -0.1734723E-16   0.8778560E+00  -0.4163336E-16  -0.4857226E-16  -0.2840216E+00   0.4168781E+01
  0.4500000000000E+01  -0.6678685E-16  -0.3122502E-16   0.8905926E+00  -0.4163336E-16   0.3469447E-16  -0.2750673E+00   0.4157256E+01
  0.4541666666667E+01  -0.6982262E-16  -0.5204170E-16   0.9011688E+00  -0.4857226E-16   0.6938894E-17  -0.2657625E+00   0.4144180E+01
  0.4583333333333E+01  -0.7112366E-16  -0.3295975E-16   0.9091768E+00  -0.4857226E-16   0.3469447E-17  -0.2576414E+00   0.4127786E+01
  0.4625000000000E+01  -0.7112366E-16   0.1561251E-16   0.9141764E+00  -0.4857226E-16   0.2081668E-16  -0.2520631E+00   0.4106674E+01
  0.4666666666667E+01  -0.7112366E-16  -0.1908196E-16   0.9166771E+00  -0.4163336E-16   0.2775558E-16  -0.2487935E+00   0.4082219E+01
  0.4708333333333E+01  -0.7112366E-16  -0.1040834E-16   0.9182441E+00  -0.4163336E-16   0.1387779E-16  -0.2459794E+00   0.4057872E+01
  0.4750000000000E+01  -0.7285839E-16  -0.2775558E-16   0.9205053E+00  -0.4857226E-16  -0.4510281E-16  -0.2429438E+00   0.4034636E+01
  0.4791666666667E+01  -0.7285839E-16  -0.3469447E-17   0.9251804E+00  -0.4163336E-16  -0.0000000E+00  -0.2418109E+00   0.4008989E+01
  0.4833333333333E+01  -0.7806256E-16  -0.8673617E-16   0.9400280E+00  -0.4163336E-16  -0.6938894E-17  -0.2505434E+00   0.3974605E+01
  0.4875000000000E+01  -0.7632783E-16  -0.6938894E-17   0.1026766E+01  -0.4857226E-16   0.4857226E-16  -0.3048318E+00   0.3926158E+01
  0.4916666666667E+01  -0.7979728E-16  -0.2081668E-16   0.1283466E+01  -0.6245005E-16  -0.0000000E+00  -0.4257039E+00   0.3862887E+01
  0.4958333333333E+01  -0.7979728E-16  -0.1387779E-16   0.1707876E+01  -0.4857226E-16   0.1040834E-16  -0.5981986E+00   0.3796021E+01
  0.5000000000000E+01  -0.7979728E-16  -0.6938894E-16   0.1772665E+01  -0.4857226E-16  -0.4163336E-16  -0.6189958E+00   0.3764615E+01
  0.5041666666667E+01   0.2908015E-02   0.6979237E-01   0.1781150E+01  -0.1015448E-02  -0.2437075E-01  -0.5832818E+00   0.3758548E+01
  0.5083333333333E+01   0.1091253E-01   0.1921083E+00   0.1801762E+01  -0.3636724E-02  -0.6291063E-01  -0.5164477E+00   0.3794709E+01
  0.5125000000000E+01   0.2474899E-01   0.3320751E+00   0.1824678E+01  -0.7602735E-02  -0.9518426E-01  -0.4292684E+00   0.3858192E+01
  0.5166666666667E+01   0.4430651E-01   0.4693805E+00   0.1837381E+01  -0.1220378E-01  -0.1104251E+00  -0.3416252E+00   0.3916047E+01
  0.5208333333333E+01   0.6933814E-01   0.6007592E+00   0.1833699E+01  -0.1685793E-01  -0.1116995E+00  -0.2723778E+00   0.3945552E+01
  0.5250000000000E+01   0.9967188E-01   0.7280097E+00   0.1816450E+01  -0.2136370E-01  -0.1081386E+00  -0.2272760E+00   0.3951781E+01
  0.5291666666667E+01   0.1348182E+00   0.8435128E+00   0.1791138E+01  -0.2576125E-01  -0.1055412E+00  -0.2003355E+00   0.3949735E+01
  0.5333333333333E+01   0.1736993E+00   0.9331446E+00   0.1763249E+01  -0.3011002E-01  -0.1043705E+00  -0.1831697E+00   0.3958971E+01
  0.5375000000000E+01   0.2148541E+00   0.9877166E+00   0.1736365E+01  -0.3438527E-01  -0.1026059E+00  -0.1726161E+00   0.3995253E+01
  0.5416666666667E+01   0.2567597E+00   0.1005735E+01   0.1710374E+01  -0.3855120E-01  -0.9998242E-01  -0.1669144E+00   0.4051714E+01
  0.5458333333333E+01   0.2980322E+00   0.9905387E+00   0.1685670E+01  -0.4257895E-01  -0.9666608E-01  -0.1642759E+00   0.4113799E+01
  0.5500000000000E+01   0.3374697E+00   0.9465001E+00   0.1692511E+01  -0.4642231E-01  -0.9224054E-01  -0.1661901E+00   0.4172085E+01
  0.5541666666667E+01   0.3738202E+00   0.8724132E+00   0.1697338E+01  -0.4999162E-01  -0.8566353E-01  -0.1688885E+00   0.4214330E+01
  0.5583333333333E+01   0.4061506E+00   0.7759297E+00   0.1700054E+01  -0.5320856E-01  -0.7720656E-01  -0.1735722E+00   0.4240762E+01
  0.5625000000000E+01   0.4340963E+00   0.6706948E+00   0.1701669E+01  -0.5606176E-01  -0.6847664E-01  -0.1824179E+00   0.4261821E+01
  0.5666666666667E+01   0.4579664E+00   0.5728842E+00   0.1702947E+01  -0.5862063E-01  -0.6141285E-01  -0.1945548E+00   0.4283534E+01
  0.5708333333333E+01   0.4785688E+00   0.4944575E+00   0.1704667E+01  -0.6097437E-01  -0.5648978E-01  -0.2049736E+00   0.4307884E+01
  0.5750000000000E+01   0.4968944E+00   0.4398125E+00   0.1707662E+01  -0.6317788E-01  -0.5288421E-01  -0.2084318E+00   0.4336125E+01
  0.5791666666667E+01   0.5138753E+00   0.4075430E+00   0.1712801E+01  -0.6525052E-01  -0.4974341E-01  -0.2034623E+00   0.4373696E+01
  0.5833333333333E+01   0.5302975E+00   0.3941323E+00   0.1720548E+01  -0.6720130E-01  -0.4681867E-01  -0.1916089E+00   0.4426538E+01
  0.5875000000000E+01   0.5467603E+00   0.3951084E+00   0.1730801E+01  -0.6903468E-01  -0.4400127E-01  -0.1746520E+00   0.4496588E+01
  0.5916666666667E+01   0.5635983E+00   0.4041109E+00   0.1743481E+01  -0.7073377E-01  -0.4077811E-01  -0.1535723E+00   0.4585262E+01
  0.5958333333333E+01   0.5808162E+00   0.4132306E+00   0.1757610E+01  -0.7225039E-01  -0.3639888E-01  -0.1293356E+00   0.4686349E+01
  0.6000000000000E+01   0.5980944E+00   0.4146750E+00   0.1771773E+01  -0.7352182E-01  -0.3051432E-01  -0.1038696E+00   0.4790128E+01
  0.6041666666667E+01   0.6149128E+00   0.4036415E+00   0.1784786E+01  -0.7450779E-01  -0.2366335E-01  -0.7984619E-01   0.4888094E+01
  0.6083333333333E+01   0.6307453E+00   0.3799804E+00   0.1796029E+01  -0.7521609E-01  -0.1699923E-01  -0.5957152E-01   0.4975137E+01
  0.6125000000000E+01   0.6452224E+00   0.3474506E+00   0.1804802E+01  -0.7569628E-01  -0.1152440E-01  -0.4279848E-01   0.5044243E+01
  0.6166666666667E+01   0.6581842E+00   0.3110835E+00   0.1811335E+01  -0.7600365E-01  -0.7376932E-02  -0.3089769E-01   0.5096658E+01
  0.6208333333333E+01   0.6697274E+00   0.2770358E+00   0.1815918E+01  -0.7620055E-01  -0.4725667E-02  -0.2688206E-01   0.5134307E+01
  0.6250000000000E+01   0.6802113E+00   0.2516137E+00   0.1818637E+01  -0.7635575E-01  -0.3724781E-02  -0.3340075E-01   0.5157865E+01
  0.6291666666667E+01   0.6902094E+00   0.2399548E+00   0.1819224E+01  -0.7653938E-01  -0.4406965E-02  -0.5058714E-01   0.5166063E+01
  0.6333333333333E+01   0.7003977E+00   0.2445198E+00   0.1817669E+01  -0.7682268E-01  -0.6799357E-02  -0.7651911E-01   0.5160660E+01
  0.6375000000000E+01   0.7114217E+00   0.2645759E+00   0.1814185E+01  -0.7728676E-01  -0.1113795E-01  -0.1073501E+00   0.5144650E+01
  0.6416666666667E+01   0.7237537E+00   0.2959688E+00   0.1809413E+01  -0.7801648E-01  -0.1751326E-01  -0.1387692E+00   0.5122717E+01
  0.6458333333333E+01   0.7376036E+00   0.3323977E+00   0.1804314E+01  -0.7907867E-01  -0.2549257E-01  -0.1672327E+00   0.5100398E+01
  0.6500000000000E+01   0.7529355E+00   0.3679653E+00   0.1799711E+01  -0.8049971E-01  -0.3410483E-01  -0.1902458E+00   0.5081150E+01
  0.6541666666667E+01   0.7695592E+00   0.3989682E+00   0.1795942E+01  -0.8225698E-01  -0.4217458E-01  -0.2062738E+00   0.5064573E+01
  0.6583333333333E+01   0.7872116E+00   0.4236571E+00   0.1792976E+01  -0.8428445E-01  -0.4865935E-01  -0.2146684E+00   0.5048174E+01
  0.6625000000000E+01   0.8055773E+00   0.4407762E+00   0.1789949E+01  -0.8648333E-01  -0.5277302E-01  -0.2148653E+00   0.5023323E+01
  0.6666666666667E+01   0.8242516E+00   0.4481845E+00   0.1787401E+01  -0.8872500E-01  -0.5380003E-01  -0.2078530E+00   0.4995386E+01
  0.6708333333333E+01   0.8427124E+00   0.4430582E+00   0.1786142E+01  -0.9087176E-01  -0.5152228E-01  -0.1957793E+00   0.4973662E+01
  0.6750000000000E+01   0.8605064E+00   0.4270574E+00   0.1786149E+01  -0.9282217E-01  -0.4680985E-01  -0.1810959E+00   0.4960880E+01
  0.6791666666667E+01   0.8773742E+00   0.4048277E+00   0.1787017E+01  -0.9453238E-01  -0.4104510E-01  -0.1654861E+00   0.4955522E+01
  0.6833333333333E+01   0.8932457E+00   0.3809149E+00   0.1788389E+01  -0.9600215E-01  -0.3527451E-01  -0.1494415E+00   0.4955183E+01
  0.6875000000000E+01   0.9081498E+00   0.3576992E+00   0.1789720E+01  -0.9724757E-01  -0.2989009E-01  -0.1337200E+00   0.4955908E+01
  0.6916666666667E+01   0.9221130E+00   0.3351162E+00   0.1790940E+01  -0.9829084E-01  -0.2503840E-01  -0.1199828E+00   0.4957952E+01
  0.6958333333333E+01   0.9351456E+00   0.3127820E+00   0.1792462E+01  -0.9916395E-01  -0.2095462E-01  -0.1099912E+00   0.4965276E+01
  0.7000000000000E+01   0.9473050E+00   0.2918269E+00   0.1794212E+01  -0.9991009E-01  -0.1790744E-01  -0.1045158E+00   0.4977110E+01
  0.7041666666667E+01   0.9587289E+00   0.2741724E+00   0.1795823E+01  -0.1005756E+00  -0.1597100E-01  -0.1023920E+00   0.4989500E+01
  0.7083333333333E+01   0.9696143E+00   0.2612494E+00   0.1796950E+01  -0.1011962E+00  -0.1489560E-01  -0.1013133E+00   0.4998365E+01
  0.7125000000000E+01   0.9801645E+00   0.2532055E+00   0.1797486E+01  -0.1017910E+00  -0.1427590E-01  -0.9942692E-01   0.5001950E+01
  0.7166666666667E+01   0.9905357E+00   0.2489076E+00   0.1797597E+01  -0.1023647E+00  -0.1376818E-01  -0.9605883E-01   0.5001345E+01
  0.7208333333333E+01   0.1000803E+01   0.2464072E+00   0.1797581E+01  -0.1029133E+00  -0.1316735E-01  -0.9147705E-01   0.4999230E+01
  0.7250000000000E+01   0.1010956E+01   0.2436845E+00   0.1797685E+01  -0.1034300E+00  -0.1240085E-01  -0.8638365E-01   0.4997993E+01
  0.7291666666667E+01   0.1020927E+01   0.2393033E+00   0.1797970E+01  -0.1039092E+00  -0.1149917E-01  -0.8152017E-01   0.4998478E+01
  0.7333333333333E+01   0.1030619E+01   0.2326108E+00   0.1798388E+01  -0.1043486E+00  -0.1054660E-01  -0.7730471E-01   0.5000405E+01
  0.7375000000000E+01   0.1039934E+01   0.2235531E+00   0.1798917E+01  -0.1047490E+00  -0.9609554E-02  -0.7372120E-01   0.5003561E+01
  0.7416666666667E+01   0.1048785E+01   0.2124289E+00   0.1799564E+01  -0.1051117E+00  -0.8705522E-02  -0.7054833E-01   0.5007890E+01
  0.7458333333333E+01   0.1057112E+01   0.1998395E+00   0.1800277E+01  -0.1054382E+00  -0.7834310E-02  -0.6769540E-01   0.5012908E+01
  0.7500000000000E+01   0.1064895E+01   0.1868037E+00   0.1800935E+01  -0.1057309E+00  -0.7024336E-02  -0.6528001E-01   0.5017652E+01
  0.7541666666667E+01   0.1072177E+01   0.1747507E+00   0.1801460E+01  -0.1059948E+00  -0.6334335E-02  -0.6339464E-01   0.5021463E+01
  0.7583333333333E+01   0.1079058E+01   0.1651552E+00   0.1801927E+01  -0.1062370E+00  -0.5811925E-02  -0.6183371E-01   0.5024893E+01
  0.7625000000000E+01   0.1085676E+01   0.1588424E+00   0.1802617E+01  -0.1064641E+00  -0.5450729E-02  -0.6003878E-01   0.5030136E+01
  0.7666666666667E+01   0.1092148E+01   0.1553230E+00   0.1803912E+01  -0.1066796E+00  -0.5173259E-02  -0.5765900E-01   0.5040278E+01
  0.7708333333333E+01   0.1098539E+01   0.1533721E+00   0.1806058E+01  -0.1068839E+00  -0.4902280E-02  -0.5479687E-01   0.5057406E+01
  0.7750000000000E+01   0.1104860E+01   0.1516982E+00   0.1808818E+01  -0.1070757E+00  -0.4602614E-02  -0.5184318E-01   0.5079671E+01
  0.7791666666667E+01   0.1111084E+01   0.1493908E+00   0.1811815E+01  -0.1072541E+00  -0.4281745E-02  -0.4979207E-01   0.5104155E+01
  0.7833333333333E+01   0.1117178E+01   0.1462501E+00   0.1814654E+01  -0.1074215E+00  -0.4019227E-02  -0.4918700E-01   0.5127673E+01
  0.7875000000000E+01   0.1123114E+01   0.1424640E+00   0.1817143E+01  -0.1075824E+00  -0.3861550E-02  -0.4963157E-01   0.5148508E+01
  0.7916666666667E+01   0.1128874E+01   0.1382466E+00   0.1819224E+01  -0.1077398E+00  -0.3775924E-02  -0.5034511E-01   0.5166003E+01
  0.7958333333333E+01   0.1134448E+01   0.1337682E+00   0.1820789E+01  -0.1078940E+00  -0.3701894E-02  -0.5105003E-01   0.5179206E+01
  0.8000000000000E+01   0.1139836E+01   0.1293056E+00   0.1821698E+01  -0.1080451E+00  -0.3625382E-02  -0.5211646E-01   0.5187029E+01
  0.8041666666667E+01   0.1145056E+01   0.1253018E+00   0.1821958E+01  -0.1081944E+00  -0.3584726E-02  -0.5372869E-01   0.5189582E+01
  0.8083333333333E+01   0.1150145E+01   0.1221167E+00   0.1821745E+01  -0.1083445E+00  -0.3601166E-02  -0.5521370E-01   0.5188180E+01
  0.8125000000000E+01   0.1155129E+01   0.1196124E+00   0.1821229E+01  -0.1084955E+00  -0.3625228E-02  -0.5523520E-01   0.5183890E+01
  0.8166666666667E+01   0.1160005E+01   0.1170426E+00   0.1820201E+01  -0.1086434E+00  -0.3549729E-02  -0.5286045E-01   0.5174738E+01
  0.8208333333333E+01   0.1164735E+01   0.1135198E+00   0.1818553E+01  -0.1087808E+00  -0.3296728E-02  -0.4818192E-01   0.5159926E+01
  0.8250000000000E+01   0.1169265E+01   0.1087223E+00   0.1816583E+01  -0.1089008E+00  -0.2880558E-02  -0.4177782E-01   0.5142194E+01
  0.8291666666667E+01   0.1173565E+01   0.1031863E+00   0.1814826E+01  -0.1089997E+00  -0.2373082E-02  -0.3393365E-01   0.5126191E+01
  0.8333333333333E+01   0.1177645E+01   0.9791269E-01   0.1813668E+01  -0.1090760E+00  -0.1830774E-02  -0.2472466E-01   0.5115308E+01
  0.8375000000000E+01   0.1181547E+01   0.9365115E-01   0.1813176E+01  -0.1091292E+00  -0.1276690E-02  -0.1473569E-01   0.5110299E+01
  0.8416666666667E+01   0.1185315E+01   0.9044845E-01   0.1813218E+01  -0.1091598E+00  -0.7350752E-03  -0.5262910E-02   0.5110217E+01
  0.8458333333333E+01   0.1188970E+01   0.8770670E-01   0.1813678E+01  -0.1091704E+00  -0.2545708E-03   0.2236196E-02   0.5113992E+01
  0.8500000000000E+01   0.1192499E+01   0.8469403E-01   0.1814422E+01  -0.1091661E+00   0.1044246E-03   0.7021926E-02   0.5120296E+01
  0.8541666666667E+01   0.1195871E+01   0.8094272E-01   0.1815230E+01  -0.1091530E+00   0.3132534E-03   0.9278899E-02   0.5127110E+01
  0.8583333333333E+01   0.1199048E+01   0.7625216E-01   0.1815831E+01  -0.1091368E+00   0.3897778E-03   0.9628199E-02   0.5132138E+01
  0.8625000000000E+01   0.1201982E+01   0.7039820E-01   0.1816033E+01  -0.1091212E+00   0.3732769E-03   0.8589362E-02   0.5133776E+01
  0.8666666666667E+01   0.1204604E+01   0.6294232E-01   0.1815805E+01  -0.1091088E+00   0.2977008E-03   0.6396776E-02   0.5131799E+01
  0.8708333333333E+01   0.1206829E+01   0.5340233E-01   0.1815254E+01  -0.1091010E+00   0.1881275E-03   0.3366445E-02   0.5127142E+01
  0.8750000000000E+01   0.1208563E+01   0.4160287E-01   0.1814480E+01  -0.1090978E+00   0.7715384E-04   0.5229660E-03   0.5120671E+01
  0.8791666666667E+01   0.1209723E+01   0.2783083E-01   0.1813810E+01  -0.1090974E+00   0.8021346E-05  -0.1957142E-02   0.5115088E+01
  0.8833333333333E+01   0.1210267E+01   0.1307192E-01   0.1801200E+01  -0.1090980E+00  -0.1410491E-04  -0.3056974E-02   0.5112757E+01
  0.8875000000000E+01   0.1210267E+01  -0.4683753E-16   0.1706318E+01  -0.1090980E+00  -0.4857226E-16  -0.2220875E-02   0.5112803E+01
  0.8916666666667E+01   0.1210267E+01  -0.1561251E-16   0.1683691E+01  -0.1090980E+00   0.4163336E-16  -0.2573652E-03   0.5116329E+01
  0.8958333333333E+01   0.1210267E+01  -0.2775558E-16   0.1649433E+01  -0.1090980E+00  -0.3122502E-16   0.1781392E-02   0.5122780E+01
  0.9000000000000E+01   0.1210267E+01   0.6591949E-16   0.1610567E+01  -0.1090980E+00   0.5551115E-16   0.3776900E-02   0.5128941E+01
  0.9041666666667E+01   0.1210267E+01  -0.1509209E-15   0.1576534E+01  -0.1090980E+00  -0.2428613E-16   0.4569359E-02   0.5135386E+01
  0.9083333333333E+01   0.1210267E+01  -0.8847090E-16   0.1552545E+01  -0.1090980E+00  -0.2081668E-16   0.3443174E-02   0.5141321E+01
  0.9125000000000E+01   0.1210267E+01  -0.6071532E-16   0.1538560E+01  -0.1090980E+00  -0.1387779E-16   0.3811135E-03   0.5144914E+01
  0.9166666666667E+01   0.1210267E+01  -0.9367507E-16   0.1530852E+01  -0.1090980E+00  -0.1734723E-16  -0.4101013E-02   0.5144674E+01
  0.9208333333333E+01   0.1210267E+01  -0.5204170E-16   0.1524835E+01  -0.1090980E+00  -0.7979728E-16  -0.9284540E-02   0.5140726E+01
  0.9250000000000E+01   0.1210267E+01  -0.2775558E-16   0.1517205E+01  -0.1090980E+00   0.2428613E-16  -0.1458224E-01   0.5134828E+01
  0.9291666666667E+01   0.1210267E+01  -0.5377643E-16   0.1506362E+01  -0.1090980E+00   0.4510281E-16  -0.1978931E-01   0.5128958E+01
  0.9333333333333E+01   0.1210267E+01  -0.2949030E-16   0.1491545E+01  -0.1090980E+00  -0.1179612E-15  -0.2484834E-01   0.5124181E+01
  0.9375000000000E+01   0.1210267E+01   0.2081668E-16   0.1472033E+01  -0.1090980E+00   0.1040834E-16  -0.2938680E-01   0.5120635E+01
  0.9416666666667E+01   0.1210267E+01  -0.8500145E-16   0.1446982E+01  -0.1090980E+00   0.4510281E-16  -0.3254775E-01   0.5118264E+01
  0.9458333333333E+01   0.1210267E+01  -0.8847090E-16   0.1415851E+01  -0.1090980E+00  -0.4163336E-16  -0.3335741E-01   0.5117403E+01
  0.9500000000000E+01   0.1210267E+01  -0.5551115E-16   0.1378931E+01  -0.1090980E+00  -0.6938894E-17  -0.3130822E-01   0.5118639E+01
  0.9541666666667E+01   0.1210267E+01  -0.6765422E-16   0.1337551E+01  -0.1090980E+00   0.2775558E-16  -0.2661986E-01   0.5122246E+01
  0.9583333333333E+01   0.1210267E+01  -0.6938894E-16   0.1293796E+01  -0.1090980E+00  -0.3122502E-16  -0.1999501E-01   0.5127874E+01
  0.9625000000000E+01   0.1210267E+01   0.3816392E-16   0.1249957E+01  -0.1090980E+00   0.3816392E-16  -0.1220798E-01   0.5134801E+01
  0.9666666666667E+01   0.1210267E+01  -0.2602085E-17   0.1208037E+01  -0.1090980E+00  -0.1387779E-16  -0.3954845E-02   0.5142417E+01
  0.9708333333333E+01   0.1210267E+01  -0.1275022E-15   0.1169503E+01  -0.1090980E+00  -0.6938894E-17   0.4005718E-02   0.5150413E+01
  0.9750000000000E+01   0.1210267E+01   0.2949030E-16   0.1135248E+01  -0.1090980E+00  -0.8673617E-17   0.1075306E-01   0.5158595E+01
  0.9791666666667E+01   0.1210267E+01  -0.8153200E-16   0.1105660E+01  -0.1090980E+00  -0.3989864E-16   0.1538004E-01   0.5166667E+01
  0.9833333333333E+01   0.1210267E+01  -0.2949030E-16   0.1080733E+01  -0.1090980E+00   0.3122502E-16   0.1730917E-01   0.5174286E+01
  0.9875000000000E+01   0.1210267E+01  -0.1561251E-16   0.1060214E+01  -0.1090980E+00  -0.5898060E-16   0.1646544E-01   0.5181240E+01
  0.9916666666667E+01   0.1210267E+01  -0.5204170E-17   0.1043756E+01  -0.1090980E+00   0.2255141E-16   0.1321699E-01   0.5187535E+01
  0.9958333333333E+01   0.1210267E+01  -0.2602085E-16   0.1030994E+01  -0.1090980E+00  -0.2255141E-16   0.8218874E-02   0.5193332E+01
  0.1000000000000E+02   0.1210267E+01  -0.3642919E-16   0.1021514E+01  -0.1090980E+00   0.6938894E-17   0.2286504E-02   0.5198846E+01
  0.1004166666667E+02   0.1210267E+01  -0.9020562E-16   0.1014758E+01  -0.1090980E+00  -0.7285839E-16  -0.3711181E-02   0.5204278E+01
  0.1008333333333E+02   0.1210267E+01  -0.3642919E-16   0.1009942E+01  -0.1090980E+00  -0.1734723E-17  -0.8990036E-02   0.5209727E+01
  0.1012500000000E+02   0.1210267E+01  -0.5204170E-16   0.1006103E+01  -0.1090980E+00  -0.1214306E-16  -0.1300193E-01   0.5215115E+01
  0.1016666666667E+02   0.1210267E+01  -0.5898060E-16   0.1002273E+01  -0.1090980E+00  -0.5377643E-16  -0.1553980E-01   0.5220191E+01
  0.1020833333333E+02   0.1210267E+01   0.1040834E-16   0.9977354E+00  -0.1090980E+00   0.2775558E-16  -0.1677052E-01   0.5224622E+01
  0.1025000000000E+02   0.1210267E+01  -0.5204170E-17   0.9922353E+00  -0.1090980E+00   0.1908196E-16  -0.1719767E-01   0.5228100E+01
  0.1029166666667E+02   0.1210267E+01  -0.3469447E-17   0.9860479E+00  -0.1090980E+00  -0.1561251E-16  -0.1754622E-01   0.5230407E+01
  0.1033333333333E+02   0.1210267E+01  -0.3469447E-16   0.9798955E+00  -0.1090980E+00  -0.6591949E-16  -0.1857126E-01   0.5231437E+01
  0.1037500000000E+02   0.1210267E+01  -0.4163336E-16   0.9747310E+00  -0.1090980E+00  -0.5204170E-16  -0.2084531E-01   0.5231208E+01
  0.1041666666667E+02   0.1210267E+01  -0.1561251E-16   0.9714352E+00  -0.1090980E+00   0.4163336E-16  -0.2461004E-01   0.5229813E+01
  0.1045833333333E+02   0.1210267E+01  -0.1058181E-15   0.9704944E+00  -0.1090980E+00  -0.5377643E-16  -0.2973772E-01   0.5227332E+01
  0.1050000000000E+02   0.1210267E+01  -0.9020562E-16   0.9717641E+00  -0.1090980E+00  -0.3989864E-16  -0.3578306E-01   0.5223789E+01
  0.1054166666667E+02   0.1210267E+01   0.3816392E-16   0.9744242E+00  -0.1090980E+00  -0.6938894E-16  -0.4208450E-01   0.5219226E+01
  0.1058333333333E+02   0.1210267E+01  -0.5377643E-16   0.9771615E+00  -0.1090980E+00  -0.1387779E-16  -0.4789605E-01   0.5213853E+01
  0.1062500000000E+02   0.1210267E+01  -0.6938894E-16   0.9785103E+00  -0.1090980E+00   0.5204170E-17  -0.5253959E-01   0.5208127E+01
  0.1066666666667E+02   0.1210267E+01  -0.2775558E-16   0.9772165E+00  -0.1090980E+00   0.1734723E-17  -0.5554691E-01   0.5202667E+01
  0.1070833333333E+02   0.1210267E+01  -0.1214306E-16   0.9724992E+00  -0.1090980E+00   0.3729655E-16  -0.5674412E-01   0.5198035E+01
  0.1075000000000E+02   0.1210267E+01  -0.7459311E-16   0.9641449E+00  -0.1090980E+00  -0.8673617E-17  -0.5625112E-01   0.5194529E+01
  0.1079166666667E+02   0.1210267E+01  -0.2428613E-16   0.9524465E+00  -0.1090980E+00  -0.4163336E-16  -0.5441030E-01   0.5192118E+01
  0.1083333333333E+02   0.1210267E+01  -0.6938894E-16   0.9380412E+00  -0.1090980E+00  -0.4510281E-16  -0.5168465E-01   0.5190556E+01
  0.1087500000000E+02   0.1210267E+01  -0.2081668E-16   0.9217122E+00  -0.1090980E+00  -0.3903128E-16  -0.4856210E-01   0.5189566E+01
  0.1091666666667E+02   0.1210267E+01   0.3469447E-17   0.9042040E+00  -0.1090980E+00  -0.1734723E-17  -0.4548172E-01   0.5189004E+01
  0.1095833333333E+02   0.1210267E+01  -0.4857226E-16   0.8860955E+00  -0.1090980E+00   0.4510281E-16  -0.4278095E-01   0.5188898E+01
  0.1100000000000E+02   0.1210267E+01  -0.6938894E-17   0.8677682E+00  -0.1090980E+00  -0.2255141E-16  -0.4066119E-01   0.5189407E+01
  0.1104166666667E+02   0.1210267E+01   0.2775558E-16   0.8494884E+00  -0.1090980E+00  -0.4336809E-16  -0.3917763E-01   0.5190731E+01
  0.1108333333333E+02   0.1210267E+01  -0.3469447E-17   0.8315701E+00  -0.1090980E+00  -0.7199102E-16  -0.3826466E-01   0.5193032E+01
  0.1112500000000E+02   0.1210267E+01  -0.6418477E-16   0.8145377E+00  -0.1090980E+00  -0.9627715E-16  -0.3779734E-01   0.5196380E+01
  0.1116666666667E+02   0.1210267E+01   0.6938894E-17   0.7991929E+00  -0.1090980E+00  -0.2081668E-16  -0.3766741E-01   0.5200739E+01
  0.1120833333333E+02   0.1210267E+01  -0.3469447E-17   0.7865311E+00  -0.1090980E+00  -0.3469447E-17  -0.3783726E-01   0.5206007E+01
  0.1125000000000E+02   0.1210267E+01  -0.6938894E-16   0.7775216E+00  -0.1090980E+00  -0.5724587E-16  -0.3834629E-01   0.5212072E+01
  0.1129166666667E+02   0.1210267E+01  -0.3469447E-17   0.7728252E+00  -0.1090980E+00  -0.2602085E-16  -0.3927639E-01   0.5218853E+01
  0.1133333333333E+02   0.1210267E+01  -0.1561251E-16   0.7725535E+00  -0.1090980E+00  -0.1387779E-16  -0.4070935E-01   0.5226287E+01
  0.1137500000000E+02   0.1210267E+01  -0.9020562E-16   0.7761632E+00  -0.1090980E+00   0.3469447E-17  -0.4270594E-01   0.5234257E+01
  0.1141666666667E+02   0.1210267E+01  -0.1734723E-16   0.7825269E+00  -0.1090980E+00   0.1734723E-17  -0.4530676E-01   0.5242523E+01
  0.1145833333333E+02   0.1210267E+01  -0.1040834E-16   0.7901619E+00  -0.1090980E+00  -0.2949030E-16  -0.4853005E-01   0.5250680E+01
  0.1150000000000E+02   0.1210267E+01  -0.2081668E-16   0.7975405E+00  -0.1090980E+00   0.1387779E-16  -0.5234352E-01   0.5258177E+01
  0.1154166666667E+02   0.1210267E+01   0.3469447E-17   0.8033859E+00  -0.1090980E+00  -0.1387779E-16  -0.5661508E-01   0.5264383E+01
  0.1158333333333E+02   0.1210267E+01  -0.3122502E-16   0.8068676E+00  -0.1090980E+00  -0.3816392E-16  -0.6107283E-01   0.5268687E+01
  0.1162500000000E+02   0.1210267E+01  -0.4163336E-16   0.8076525E+00  -0.1090980E+00  -0.2862294E-16  -0.6530670E-01   0.5270620E+01
  0.1166666666667E+02   0.1210267E+01  -0.4857226E-16   0.8058162E+00  -0.1090980E+00  -0.9887924E-16  -0.6882335E-01   0.5269964E+01
  0.1170833333333E+02   0.1210267E+01  -0.2081668E-16   0.8016617E+00  -0.1090980E+00  -0.5681219E-16  -0.7113862E-01   0.5266829E+01
  0.1175000000000E+02   0.1210267E+01  -0.3469447E-17   0.7955189E+00  -0.1090980E+00  -0.5290907E-16  -0.7187564E-01   0.5261647E+01
  0.1179166666667E+02   0.1210267E+01  -0.5204170E-16   0.7875979E+00  -0.1090980E+00  -0.3816392E-16  -0.7083628E-01   0.5255064E+01
  0.1183333333333E+02   0.1210267E+01  -0.3816392E-16   0.7779463E+00  -0.1090980E+00   0.2081668E-16  -0.6802688E-01   0.5247766E+01
  0.1187500000000E+02   0.1210267E+01   0.6938894E-17   0.7665227E+00  -0.1090980E+00  -0.5898060E-16  -0.6363853E-01   0.5240292E+01
  0.1191666666667E+02   0.1210267E+01   0.1734723E-16   0.7533594E+00  -0.1090980E+00  -0.2081668E-16  -0.5799963E-01   0.5232931E+01
  0.1195833333333E+02   0.1210267E+01  -0.2949030E-16   0.7387505E+00  -0.1090980E+00  -0.1734723E-16  -0.5152415E-01   0.5225744E+01
  0.1200000000000E+02   0.1210267E+01  -0.3469447E-17   0.7233864E+00  -0.1090980E+00  -0.2775558E-16  -0.4467064E-01   0.5218670E+01
  0.1204166666667E+02   0.1210267E+01  -0.3816392E-16   0.7083610E+00  -0.1090980E+00  -0.6938894E-16  -0.3790962E-01   0.5211666E+01
  0.1208333333333E+02   0.1210267E+01  -0.3122502E-16   0.6950208E+00  -0.1090980E+00  -0.1387779E-16  -0.3168656E-01   0.5204793E+01
  0.1212500000000E+02   0.1210267E+01   0.0000000E+00   0.6846832E+00  -0.1090980E+00   0.3469447E-17  -0.2637053E-01   0.5198221E+01
  0.1216666666667E+02   0.1210267E+01  -0.5204170E-16   0.6783132E+00  -0.1090980E+00  -0.4510281E-16  -0.2219475E-01   0.5192153E+01
  0.1220833333333E+02   0.1210267E+01  -0.5204170E-17   0.6762722E+00  -0.1090980E+00   0.3816392E-16  -0.1920998E-01   0.5186744E+01
  0.1225000000000E+02   0.1210267E+01  -0.1908196E-16   0.6782358E+00  -0.1090980E+00  -0.5204170E-16  -0.1727499E-01   0.5182052E+01
  0.1229166666667E+02   0.1210267E+01  -0.3295975E-16   0.6833147E+00  -0.1090980E+00  -0.0000000E+00  -0.1609722E-01   0.5178054E+01
  0.1233333333333E+02   0.1210267E+01  -0.3469447E-17   0.6903321E+00  -0.1090980E+00  -0.1040834E-16  -0.1531691E-01   0.5174716E+01
  0.1237500000000E+02   0.1210267E+01   0.8673617E-17   0.6981511E+00  -0.1090980E+00   0.1387779E-16  -0.1460851E-01   0.5172035E+01
  0.1241666666667E+02   0.1210267E+01  -0.1474515E-16   0.7059297E+00  -0.1090980E+00  -0.6938894E-17  -0.1376400E-01   0.5170037E+01
  0.1245833333333E+02   0.1210267E+01  -0.1647987E-16   0.7132233E+00  -0.1090980E+00   0.3469447E-16  -0.1272991E-01   0.5168719E+01
  0.1250000000000E+02   0.1210267E+01   0.1040834E-16   0.7199261E+00  -0.1090980E+00   0.4857226E-16  -0.1159050E-01   0.5167986E+01
  0.1254166666667E+02   0.1210267E+01  -0.2862294E-16   0.7261099E+00  -0.1090980E+00  -0.2775558E-16  -0.1051373E-01   0.5167612E+01
  0.1258333333333E+02   0.1210267E+01  -0.3469447E-16   0.7318486E+00  -0.1090980E+00   0.3122502E-16  -0.9688273E-02   0.5167272E+01
  0.1262500000000E+02   0.1210267E+01  -0.2602085E-16   0.7371011E+00  -0.1090980E+00  -0.6938894E-17  -0.9273709E-02   0.5166623E+01
  0.1266666666667E+02   0.1210267E+01  -0.1908196E-16   0.7416853E+00  -0.1090980E+00  -0.5551115E-16  -0.9369751E-02   0.5165400E+01
  0.1270833333333E+02   0.1210267E+01   0.8673617E-18   0.7453302E+00  -0.1090980E+00  -0.3122502E-16  -0.9998987E-02   0.5163487E+01
  0.1275000000000E+02   0.1210267E+01  -0.1474515E-16   0.7477663E+00  -0.1090980E+00  -0.1734723E-16  -0.1109757E-01   0.5160940E+01
  0.1279166666667E+02   0.1210267E+01  -0.6418477E-16   0.7488146E+00  -0.1090980E+00  -0.2081668E-16  -0.1251533E-01   0.5157935E+01
  0.1283333333333E+02   0.1210267E+01  -0.3989864E-16   0.7484455E+00  -0.1090980E+00  -0.1040834E-16  -0.1403070E-01   0.5154697E+01
  0.1287500000000E+02   0.1210267E+01  -0.2211772E-16   0.7468014E+00  -0.1090980E+00   0.7285839E-16  -0.1538238E-01   0.5151437E+01
  0.1291666666667E+02   0.1210267E+01  -0.6071532E-17   0.7441823E+00  -0.1090980E+00  -0.3122502E-16  -0.1631283E-01   0.5148318E+01
  0.1295833333333E+02   0.1210267E+01  -0.3079134E-16   0.7410070E+00  -0.1090980E+00  -0.1040834E-15  -0.1661359E-01   0.5145453E+01
  0.1300000000000E+02   0.1210267E+01  -0.1734723E-17   0.7377594E+00  -0.1090980E+00  -0.2428613E-16  -0.1616241E-01   0.5142919E+01
  0.1304166666667E+02   0.1210267E+01  -0.2168404E-16   0.7349355E+00  -0.1090980E+00  -0.1734723E-16  -0.1494461E-01   0.5140752E+01
  0.1308333333333E+02   0.1210267E+01  -0.2775558E-16   0.7330034E+00  -0.1090980E+00   0.1734723E-16  -0.1305508E-01   0.5138936E+01
  0.1312500000000E+02   0.1210267E+01  -0.1734723E-16   0.7323752E+00  -0.1090980E+00  -0.0000000E+00  -0.1068082E-01   0.5137387E+01
  0.1316666666667E+02   0.1210267E+01  -0.9540979E-17   0.7333843E+00  -0.1090980E+00   0.1387779E-16  -0.8067362E-02   0.5135961E+01
  0.1320833333333E+02   0.1210267E+01  -0.2255141E-16   0.7362503E+00  -0.1090980E+00  -0.3816392E-16  -0.5475605E-02   0.5134469E+01
  0.1325000000000E+02   0.1210267E+01   0.9540979E-17   0.7410246E+00  -0.1090980E+00  -0.1040834E-16  -0.3138112E-02   0.5132710E+01
  0.1329166666667E+02   0.1210267E+01  -0.2775558E-16   0.7475280E+00  -0.1090980E+00  -0.6938894E-17  -0.1223693E-02   0.5130491E+01
  0.1333333333333E+02   0.1210267E+01  -0.1994932E-16   0.7553066E+00  -0.1090980E+00  -0.3122502E-16   0.1843053E-03   0.5127620E+01
  0.1337500000000E+02   0.1210267E+01  -0.6071532E-16   0.7636397E+00  -0.1090980E+00  -0.3122502E-16   0.1096371E-02   0.5123906E+01
  0.1341666666667E+02   0.1210267E+01  -0.5269223E-16   0.7716202E+00  -0.1090980E+00  -0.2775558E-16   0.1615647E-02   0.5119164E+01
  0.1345833333333E+02   0.1210267E+01   0.8456777E-17   0.7783005E+00  -0.1090980E+00   0.2428613E-16   0.1929168E-02   0.5113245E+01
  0.1350000000000E+02   0.1210267E+01  -0.1301043E-17   0.7828660E+00  -0.1090980E+00   0.1214306E-16   0.2288435E-02   0.5106086E+01
  0.1354166666667E+02   0.1210267E+01   0.6938894E-17   0.7847841E+00  -0.1090980E+00  -0.1734723E-17   0.2974137E-02   0.5097741E+01
  0.1358333333333E+02   0.1210267E+01  -0.1127570E-16   0.7838809E+00  -0.1090980E+00   0.2081668E-16   0.4244920E-02   0.5088387E+01
  0.1362500000000E+02   0.1210267E+01   0.1387779E-16   0.7803274E+00  -0.1090980E+00   0.1908196E-16   0.6280094E-02   0.5078279E+01
  0.1366666666667E+02   0.1210267E+01   0.1214306E-16   0.7745473E+00  -0.1090980E+00  -0.1734723E-16   0.9133965E-02   0.5067695E+01
  0.1370833333333E+02   0.1210267E+01  -0.2255141E-16   0.7670900E+00  -0.1090980E+00  -0.3469447E-17   0.1271916E-01   0.5056874E+01
  0.1375000000000E+02   0.1210267E+01  -0.3122502E-16   0.7585164E+00  -0.1090980E+00  -0.1387779E-16   0.1682733E-01   0.5045990E+01
  0.1379166666667E+02   0.1210267E+01  -0.5898060E-16   0.7493324E+00  -0.1090980E+00  -0.2081668E-16   0.2118227E-01   0.5035167E+01
  0.1383333333333E+02   0.1210267E+01  -0.5724587E-16   0.7399794E+00  -0.1090980E+00  -0.5551115E-16   0.2550864E-01   0.5024514E+01
  0.1387500000000E+02   0.1210267E+01  -0.2862294E-16   0.7308600E+00  -0.1090980E+00  -0.4510281E-16   0.2959406E-01   0.5014174E+01
  0.1391666666667E+02   0.1210267E+01  -0.3252607E-16   0.7223670E+00  -0.1090980E+00  -0.5204170E-16   0.3332544E-01   0.5004343E+01
  0.1395833333333E+02   0.1210267E+01  -0.4206704E-16   0.7148869E+00  -0.1090980E+00  -0.1734723E-16   0.3669103E-01   0.4995255E+01
  0.1400000000000E+02   0.1210267E+01   0.4510281E-16   0.7087683E+00  -0.1090980E+00   0.3122502E-16   0.3975236E-01   0.4987132E+01
  0.1404166666667E+02   0.1210267E+01  -0.2515349E-16   0.7042647E+00  -0.1090980E+00   0.2081668E-16   0.4260085E-01   0.4980136E+01
  0.1408333333333E+02   0.1210267E+01   0.3469447E-17   0.7014743E+00  -0.1090980E+00  -0.3469447E-17   0.4531701E-01   0.4974320E+01
  0.1412500000000E+02   0.1210267E+01   0.3469447E-16   0.7003039E+00  -0.1090980E+00  -0.2775558E-16   0.4794666E-01   0.4969626E+01
  0.1416666666667E+02   0.1210267E+01  -0.5377643E-16   0.7004726E+00  -0.1090980E+00  -0.4510281E-16   0.5049957E-01   0.4965900E+01
  0.1420833333333E+02   0.1210267E+01  -0.3816392E-16   0.7015598E+00  -0.1090980E+00  -0.2775558E-16   0.5296571E-01   0.4962937E+01
  0.1425000000000E+02   0.1210267E+01  -0.3469447E-16   0.7030868E+00  -0.1090980E+00  -0.1387779E-16   0.5533714E-01   0.4960515E+01
  0.1429166666667E+02   0.1210267E+01  -0.6418477E-16   0.7046105E+00  -0.1090980E+00  -0.7285839E-16   0.5762255E-01   0.4958432E+01
  0.1433333333333E+02   0.1210267E+01  -0.7112366E-16   0.7058048E+00  -0.1090980E+00   0.2428613E-16   0.5984711E-01   0.4956517E+01
  0.1437500000000E+02   0.1210267E+01   0.1561251E-16   0.7065064E+00  -0.1090980E+00  -0.3816392E-16   0.6203883E-01   0.4954633E+01
  0.1441666666667E+02   0.1210267E+01   0.1387779E-16   0.7067156E+00  -0.1090980E+00   0.2775558E-16   0.6420949E-01   0.4952669E+01
  0.1445833333333E+02   0.1210267E+01  -0.4336809E-16   0.7065547E+00  -0.1090980E+00  -0.3469447E-17   0.6634017E-01   0.4950535E+01
  0.1450000000000E+02   0.1210267E+01   0.1040834E-16   0.7062035E+00  -0.1090980E+00  -0.1734723E-16   0.6837818E-01   0.4948152E+01
  0.1454166666667E+02   0.1210267E+01  -0.1387779E-16   0.7058394E+00  -0.1090980E+00  -0.2428613E-16   0.7024659E-01   0.4945462E+01
  0.1458333333333E+02   0.1210267E+01  -0.1561251E-16   0.7056041E+00  -0.1090980E+00  -0.1040834E-16   0.7186233E-01   0.4942442E+01
  0.1462500000000E+02   0.1210267E+01  -0.3469447E-16   0.7056071E+00  -0.1090980E+00  -0.3122502E-16   0.7315579E-01   0.4939124E+01
  0.1466666666667E+02   0.1210267E+01  -0.3469447E-17   0.7059561E+00  -0.1090980E+00   0.1387779E-16   0.7408451E-01   0.4935611E+01
  0.1470833333333E+02   0.1210267E+01  -0.1734723E-17   0.7067924E+00  -0.1090980E+00   0.3469447E-17   0.7463690E-01   0.4932075E+01
  0.1475000000000E+02   0.1210267E+01   0.1561251E-16   0.7083054E+00  -0.1090980E+00  -0.3122502E-16   0.7482642E-01   0.4928730E+01
  0.1479166666667E+02   0.1210267E+01   0.2081668E-16   0.7107109E+00  -0.1090980E+00   0.2255141E-16   0.7468175E-01   0.4925793E+01
  0.1483333333333E+02   0.1210267E+01  -0.2081668E-16   0.7141926E+00  -0.1090980E+00  -0.6591949E-16   0.7424034E-01   0.4923436E+01
  0.1487500000000E+02   0.1210267E+01  -0.2255141E-16   0.7188258E+00  -0.1090980E+00  -0.5551115E-16   0.7355058E-01   0.4921752E+01
  0.1491666666667E+02   0.1210267E+01   0.5204170E-17   0.7245108E+00  -0.1090980E+00  -0.5204170E-16   0.7268198E-01   0.4920740E+01
  0.1495833333333E+02   0.1210267E+01   0.1040834E-16   0.7309464E+00  -0.1090980E+00  -0.3989864E-16   0.7173594E-01   0.4920310E+01
  0.1500000000000E+02   0.1210267E+01  -0.4163336E-16   0.7376599E+00  -0.1090980E+00  -0.2081668E-16   0.7084697E-01   0.4920302E+01
  0.1504166666667E+02   0.1210267E+01  -0.2428613E-16   0.7440931E+00  -0.1090980E+00  -0.1561251E-16   0.7016682E-01   0.4920510E+01
  0.1508333333333E+02   0.1210267E+01  -0.5551115E-16   0.7497191E+00  -0.1090980E+00  -0.6765422E-16   0.6983260E-01   0.4920714E+01
  0.1512500000000E+02   0.1210267E+01  -0.5204170E-17   0.7541585E+00  -0.1090980E+00  -0.0000000E+00   0.6992895E-01   0.4920716E+01
  0.1516666666667E+02   0.1210267E+01  -0.4510281E-16   0.7572547E+00  -0.1090980E+00  -0.3989864E-16   0.7045986E-01   0.4920359E+01
  0.1520833333333E+02   0.1210267E+01  -0.3469447E-16   0.7590897E+00  -0.1090980E+00  -0.4336809E-16   0.7134376E-01   0.4919549E+01
  0.1525000000000E+02   0.1210267E+01  -0.7025630E-16   0.7599384E+00  -0.1090980E+00   0.5204170E-17   0.7243639E-01   0.4918263E+01
  0.1529166666667E+02   0.1210267E+01  -0.4336809E-17   0.7601825E+00  -0.1090980E+00  -0.3729655E-16   0.7357416E-01   0.4916544E+01
  0.1533333333333E+02   0.1210267E+01   0.1127570E-16   0.7602199E+00  -0.1090980E+00   0.1127570E-16   0.7462100E-01   0.4914504E+01
  0.1537500000000E+02   0.1210267E+01  -0.3382711E-16   0.7603970E+00  -0.1090980E+00  -0.2428613E-16   0.7550021E-01   0.4912316E+01
  0.1541666666667E+02   0.1210267E+01  -0.8673617E-18   0.7609847E+00  -0.1090980E+00   0.1994932E-16   0.7619897E-01   0.4910210E+01
  0.1545833333333E+02   0.1210267E+01   0.1561251E-16   0.7621926E+00  -0.1090980E+00   0.3122502E-16   0.7674552E-01   0.4908459E+01
  0.1550000000000E+02   0.1210267E+01  -0.4510281E-16   0.7642041E+00  -0.1090980E+00   0.1994932E-16   0.7717041E-01   0.4907348E+01
  0.1554166666667E+02   0.1210267E+01  -0.1040834E-16   0.7672078E+00  -0.1090980E+00  -0.8673617E-18   0.7746902E-01   0.4907138E+01
  0.1558333333333E+02   0.1210267E+01  -0.2558717E-16   0.7714049E+00  -0.1090980E+00  -0.1474515E-16   0.7758078E-01   0.4908018E+01
  0.1562500000000E+02   0.1210267E+01  -0.2818926E-16   0.7769855E+00  -0.1090980E+00   0.1908196E-16   0.7739288E-01   0.4910073E+01
  0.1566666666667E+02   0.1210267E+01  -0.2385245E-16   0.7840824E+00  -0.1090980E+00  -0.5377643E-16   0.7676675E-01   0.4913274E+01
  0.1570833333333E+02   0.1210267E+01  -0.2168404E-16   0.7927191E+00  -0.1090980E+00  -0.3469447E-16   0.7557795E-01   0.4917495E+01
  0.1575000000000E+02   0.1210267E+01  -0.5160802E-16   0.8027716E+00  -0.1090980E+00  -0.7199102E-16   0.7375597E-01   0.4922551E+01
  0.1579166666667E+02   0.1210267E+01  -0.2385245E-16   0.8139581E+00  -0.1090980E+00  -0.5811324E-16   0.7131138E-01   0.4928243E+01
  0.1583333333333E+02   0.1210267E+01  -0.1734723E-17   0.8258596E+00  -0.1090980E+00   0.5204170E-17   0.6834194E-01   0.4934385E+01
  0.1587500000000E+02   0.1210267E+01  -0.4163336E-16   0.8379636E+00  -0.1090980E+00  -0.1387779E-16   0.6501668E-01   0.4940820E+01
  0.1591666666667E+02   0.1210267E+01  -0.1994932E-16   0.8497171E+00  -0.1090980E+00   0.4336809E-17   0.6154369E-01   0.4947402E+01
  0.1595833333333E+02   0.1210267E+01  -0.1431147E-16   0.8605741E+00  -0.1090980E+00  -0.8673617E-17   0.5813206E-01   0.4953971E+01
  0.1600000000000E+02   0.1210267E+01   0.1387779E-16   0.8700265E+00  -0.1090980E+00   0.6158268E-16   0.5495926E-01   0.4960330E+01
  0.1604166666667E+02   0.1210267E+01   0.1387779E-16   0.8776207E+00  -0.1090980E+00  -0.5637851E-16   0.5215216E-01   0.4966238E+01
  0.1608333333333E+02   0.1210267E+01  -0.1118897E-15   0.8829645E+00  -0.1090980E+00  -0.8239937E-16   0.4978482E-01   0.4971419E+01
  0.1612500000000E+02   0.1210267E+01   0.4163336E-16   0.8857376E+00  -0.1090980E+00   0.1994932E-16   0.4788975E-01   0.4975600E+01
  0.1616666666667E+02   0.1210267E+01  -0.1821460E-16   0.8857116E+00  -0.1090980E+00   0.2602085E-17   0.4647598E-01   0.4978549E+01
  0.1620833333333E+02   0.1210267E+01  -0.1387779E-16   0.8827805E+00  -0.1090980E+00  -0.9540979E-17   0.4554555E-01   0.4980123E+01
  0.1625000000000E+02   0.1210267E+01  -0.8326673E-16   0.8769902E+00  -0.1090980E+00  -0.1214306E-16   0.4510265E-01   0.4980287E+01
  0.1629166666667E+02   0.1210267E+01   0.6938894E-17   0.8685545E+00  -0.1090980E+00   0.7285839E-16   0.4515340E-01   0.4979123E+01
  0.1633333333333E+02   0.1210267E+01   0.2255141E-16   0.8578465E+00  -0.1090980E+00  -0.1214306E-16   0.4569861E-01   0.4976812E+01
  0.1637500000000E+02   0.1210267E+01  -0.3382711E-16   0.8453616E+00  -0.1090980E+00  -0.2688821E-16   0.4672367E-01   0.4973596E+01
  0.1641666666667E+02   0.1210267E+01  -0.1734723E-17   0.8316618E+00  -0.1090980E+00  -0.6158268E-16   0.4819034E-01   0.4969743E+01
  0.1645833333333E+02   0.1210267E+01  -0.3773024E-16   0.8173184E+00  -0.1090980E+00  -0.3903128E-16   0.5003311E-01   0.4965506E+01
  0.1650000000000E+02   0.1210267E+01  -0.2038300E-16   0.8028663E+00  -0.1090980E+00  -0.1734723E-17   0.5216120E-01   0.4961107E+01
  0.1654166666667E+02   0.1210267E+01  -0.1170938E-16   0.7887809E+00  -0.1090980E+00  -0.8673617E-17   0.5446533E-01   0.4956727E+01
  0.1658333333333E+02   0.1210267E+01  -0.2168404E-17   0.7754731E+00  -0.1090980E+00  -0.1734723E-17   0.5682783E-01   0.4952512E+01
  0.1662500000000E+02   0.1210267E+01  -0.4033232E-16   0.7632905E+00  -0.1090980E+00  -0.6938894E-16   0.5913450E-01   0.4948579E+01
  0.1666666666667E+02   0.1210267E+01   0.2298509E-16   0.7525117E+00  -0.1090980E+00   0.6678685E-16   0.6128662E-01   0.4945023E+01
  0.1670833333333E+02   0.1210267E+01  -0.2645453E-16   0.7433266E+00  -0.1090980E+00  -0.2775558E-16   0.6321142E-01   0.4941918E+01
  0.1675000000000E+02   0.1210267E+01  -0.4423545E-16   0.7358070E+00  -0.1090980E+00  -0.1994932E-16   0.6486916E-01   0.4939318E+01
  0.1679166666667E+02   0.1210267E+01  -0.2168404E-17   0.7298807E+00  -0.1090980E+00  -0.2515349E-16   0.6625498E-01   0.4937253E+01
  0.1683333333333E+02   0.1210267E+01  -0.3079134E-16   0.7253276E+00  -0.1090980E+00  -0.6028164E-16   0.6739378E-01   0.4935734E+01
  0.1687500000000E+02   0.1210267E+01  -0.2970714E-16   0.7218086E+00  -0.1090980E+00  -0.5290907E-16   0.6832868E-01   0.4934747E+01
  0.1691666666667E+02   0.1210267E+01  -0.1409463E-16   0.7189268E+00  -0.1090980E+00   0.2602085E-17   0.6910535E-01   0.4934253E+01
  0.1695833333333E+02   0.1210267E+01  -0.3751340E-16   0.7163071E+00  -0.1090980E+00  -0.4900594E-16   0.6975701E-01   0.4934190E+01
  0.1700000000000E+02   0.1210267E+01   0.1084202E-16   0.7136694E+00  -0.1090980E+00  -0.2255141E-16   0.7029525E-01   0.4934462E+01
  0.1704166666667E+02   0.1210267E+01  -0.1257675E-16   0.7108734E+00  -0.1090980E+00   0.1040834E-16   0.7070990E-01   0.4934950E+01
  0.1708333333333E+02   0.1210267E+01  -0.1517883E-17   0.7079197E+00  -0.1090980E+00  -0.3079134E-16   0.7097770E-01   0.4935510E+01
  0.1712500000000E+02   0.1210267E+01  -0.7415943E-16   0.7049093E+00  -0.1090980E+00  -0.2298509E-16   0.7107591E-01   0.4935991E+01
  0.1716666666667E+02   0.1210267E+01   0.1951564E-17   0.7019793E+00  -0.1090980E+00  -0.2992398E-16   0.7099495E-01   0.4936247E+01
  0.1720833333333E+02   0.1210267E+01  -0.1149254E-16   0.6992389E+00  -0.1090980E+00  -0.4163336E-16   0.7074511E-01   0.4936159E+01
  0.1725000000000E+02   0.1210267E+01  -0.1951564E-16   0.6967296E+00  -0.1090980E+00  -0.2905662E-16   0.7035531E-01   0.4935656E+01
  0.1729166666667E+02   0.1210267E+01  -0.2081668E-16   0.6944231E+00  -0.1090980E+00  -0.4163336E-16   0.6986529E-01   0.4934726E+01
  0.1733333333333E+02   0.1210267E+01  -0.2645453E-16   0.6922539E+00  -0.1090980E+00  -0.3079134E-16   0.6931545E-01   0.4933428E+01
  0.1737500000000E+02   0.1210267E+01  -0.5399327E-16   0.6901705E+00  -0.1090980E+00  -0.3512815E-16   0.6873879E-01   0.4931883E+01
  0.1741666666667E+02   0.1210267E+01  -0.2580401E-16   0.6881835E+00  -0.1090980E+00  -0.3469447E-17   0.6815769E-01   0.4930260E+01
  0.1745833333333E+02   0.1210267E+01  -0.3686287E-16   0.6863878E+00  -0.1090980E+00  -0.1127570E-16   0.6758593E-01   0.4928745E+01
  0.1750000000000E+02   0.1210267E+01  -0.2103352E-16   0.6849507E+00  -0.1090980E+00  -0.6938894E-17   0.6703372E-01   0.4927509E+01
  0.1754166666667E+02   0.1210267E+01  -0.1409463E-16   0.6840664E+00  -0.1090980E+00  -0.2341877E-16   0.6651342E-01   0.4926678E+01
  0.1758333333333E+02   0.1210267E+01  -0.1366095E-16   0.6838933E+00  -0.1090980E+00  -0.1561251E-16   0.6604375E-01   0.4926311E+01
  0.1762500000000E+02   0.1210267E+01  -0.1539567E-16   0.6844956E+00  -0.1090980E+00  -0.2949030E-16   0.6565140E-01   0.4926394E+01
  0.1766666666667E+02   0.1210267E+01  -0.2406929E-16   0.6858094E+00  -0.1090980E+00  -0.6505213E-17   0.6536981E-01   0.4926848E+01
  0.1770833333333E+02   0.1210267E+01  -0.5160802E-16   0.6876459E+00  -0.1090980E+00  -0.4423545E-16   0.6523521E-01   0.4927552E+01
  0.1775000000000E+02   0.1210267E+01  -0.2059984E-17   0.6897319E+00  -0.1090980E+00   0.5204170E-17   0.6528042E-01   0.4928371E+01
  0.1779166666667E+02   0.1210267E+01   0.2309351E-16   0.6917744E+00  -0.1090980E+00   0.1734723E-16   0.6552736E-01   0.4929186E+01
  0.1783333333333E+02   0.1210267E+01  -0.7589415E-17   0.6935293E+00  -0.1090980E+00  -0.2298509E-16   0.6597985E-01   0.4929911E+01
  0.1787500000000E+02   0.1210267E+01  -0.5247539E-16   0.6948533E+00  -0.1090980E+00  -0.5637851E-17   0.6661830E-01   0.4930508E+01
  0.1791666666667E+02   0.1210267E+01  -0.3035766E-17   0.6957244E+00  -0.1090980E+00  -0.0000000E+00   0.6739832E-01   0.4930978E+01
  0.1795833333333E+02   0.1210267E+01  -0.5204170E-17   0.6962285E+00  -0.1090980E+00  -0.2428613E-16   0.6825418E-01   0.4931349E+01
  0.1800000000000E+02   0.1210267E+01  -0.4922278E-16   0.6965167E+00  -0.1090980E+00  -0.4770490E-16   0.6910775E-01   0.4931652E+01
  0.1804166666667E+02   0.1210267E+01  -0.4553649E-17   0.6967505E+00  -0.1090980E+00  -0.6765422E-16   0.6988184E-01   0.4931904E+01
  0.1808333333333E+02   0.1210267E+01  -0.5355959E-16   0.6970491E+00  -0.1090980E+00  -0.3382711E-16   0.7051507E-01   0.4932091E+01
  0.1812500000000E+02   0.1210267E+01  -0.1235990E-16   0.6974546E+00  -0.1090980E+00  -0.3469447E-16   0.7097454E-01   0.4932169E+01
  0.1816666666667E+02   0.1210267E+01  -0.9324139E-17   0.6979218E+00  -0.1090980E+00  -0.5724587E-16   0.7126224E-01   0.4932076E+01
  0.1820833333333E+02   0.1210267E+01  -0.1713039E-16   0.6983320E+00  -0.1090980E+00  -0.4510281E-16   0.7141292E-01   0.4931755E+01
  0.1825000000000E+02   0.1210267E+01  -0.1843144E-16   0.6985265E+00  -0.1090980E+00   0.1214306E-16   0.7148385E-01   0.4931171E+01
  0.1829166666667E+02   0.1210267E+01  -0.1940722E-16   0.6983487E+00  -0.1090980E+00  -0.1301043E-16   0.7153944E-01   0.4930330E+01
  0.1833333333333E+02   0.1210267E+01  -0.3827234E-16   0.6976850E+00  -0.1090980E+00  -0.3556183E-16   0.7163542E-01   0.4929285E+01
  0.1837500000000E+02   0.1210267E+01  -0.9324139E-17   0.6964965E+00  -0.1090980E+00  -0.9540979E-17   0.7180721E-01   0.4928127E+01
  0.1841666666667E+02   0.1210267E+01   0.1409463E-16   0.6948335E+00  -0.1090980E+00   0.8673617E-17   0.7206521E-01   0.4926959E+01
  0.1845833333333E+02   0.1210267E+01   0.3686287E-17   0.6928319E+00  -0.1090980E+00  -0.1734723E-17   0.7239745E-01   0.4925880E+01
  0.1850000000000E+02   0.1210267E+01  -0.3187554E-16   0.6906919E+00  -0.1090980E+00  -0.2428613E-16   0.7277746E-01   0.4924959E+01
  0.1854166666667E+02   0.1210267E+01  -0.1109139E-15   0.6886428E+00  -0.1090980E+00  -0.6158268E-16   0.7317396E-01   0.4924222E+01
  0.1858333333333E+02   0.1210267E+01  -0.1615461E-16   0.6869006E+00  -0.1090980E+00  -0.7806256E-16   0.7355934E-01   0.4923654E+01
  0.1862500000000E+02   0.1210267E+01  -0.7177418E-16   0.6856271E+00  -0.1090980E+00  -0.5334275E-16   0.7391492E-01   0.4923202E+01
  0.1866666666667E+02   0.1210267E+01  -0.3252607E-18   0.6848979E+00  -0.1090980E+00  -0.5637851E-16   0.7423247E-01   0.4922796E+01
  0.1870833333333E+02   0.1210267E+01  -0.6179952E-17   0.6846877E+00  -0.1090980E+00  -0.2341877E-16   0.7451310E-01   0.4922359E+01
  0.1875000000000E+02   0.1210267E+01  -0.3545341E-16   0.6848747E+00  -0.1090980E+00  -0.5334275E-16   0.7476445E-01   0.4921824E+01
  0.1879166666667E+02   0.1210267E+01  -0.6928052E-16   0.6852651E+00  -0.1090980E+00  -0.5681219E-16   0.7499746E-01   0.4921150E+01
  0.1883333333333E+02   0.1210267E+01  -0.6765422E-16   0.6856321E+00  -0.1090980E+00  -0.5290907E-16   0.7522320E-01   0.4920325E+01
  0.1887500000000E+02   0.1210267E+01  -0.5128276E-16   0.6857611E+00  -0.1090980E+00  -0.5204170E-17   0.7545004E-01   0.4919373E+01
  0.1891666666667E+02   0.1210267E+01  -0.2537033E-16   0.6854911E+00  -0.1090980E+00   0.1040834E-16   0.7568157E-01   0.4918345E+01
  0.1895833333333E+02   0.1210267E+01  -0.1951564E-17   0.6847432E+00  -0.1090980E+00  -0.6071532E-17   0.7591568E-01   0.4917314E+01
  0.1900000000000E+02   0.1210267E+01  -0.1745565E-16   0.6835323E+00  -0.1090980E+00   0.5204170E-16   0.7614535E-01   0.4916353E+01
  0.1904166666667E+02   0.1210267E+01   0.3176712E-16   0.6819575E+00  -0.1090980E+00  -0.1864828E-16   0.7636117E-01   0.4915522E+01
  0.1908333333333E+02   0.1210267E+01   0.1669671E-16   0.6801784E+00  -0.1090980E+00  -0.1040834E-16   0.7655503E-01   0.4914850E+01
  0.1912500000000E+02   0.1210267E+01  -0.1723881E-16   0.6783803E+00  -0.1090980E+00   0.1604619E-16   0.7672372E-01   0.4914327E+01
  0.1916666666667E+02   0.1210267E+01   0.1517883E-17   0.6767393E+00  -0.1090980E+00   0.2038300E-16   0.7687107E-01   0.4913909E+01
  0.1920833333333E+02   0.1210267E+01   0.3133344E-16   0.6753920E+00  -0.1090980E+00   0.3469447E-17   0.7700802E-01   0.4913526E+01
  0.1925000000000E+02   0.1210267E+01   0.5529431E-17   0.6744175E+00  -0.1090980E+00  -0.8673617E-18   0.7715024E-01   0.4913106E+01
  0.1929166666667E+02   0.1210267E+01  -0.1702197E-16   0.6738319E+00  -0.1090980E+00  -0.2341877E-16   0.7731430E-01   0.4912591E+01
  0.1933333333333E+02   0.1210267E+01  -0.3382711E-16   0.6735946E+00  -0.1090980E+00  -0.6938894E-17   0.7751327E-01   0.4911961E+01
  0.1937500000000E+02   0.1210267E+01  -0.1637145E-16   0.6736236E+00  -0.1090980E+00  -0.1431147E-16   0.7775323E-01   0.4911231E+01
  0.1941666666667E+02   0.1210267E+01  -0.5464379E-16   0.6738141E+00  -0.1090980E+00  -0.2992398E-16   0.7803111E-01   0.4910450E+01
  0.1945833333333E+02   0.1210267E+01   0.1420305E-16   0.6740581E+00  -0.1090980E+00   0.2602085E-16   0.7833482E-01   0.4909686E+01
  0.1950000000000E+02   0.1210267E+01   0.1344411E-16   0.6742596E+00  -0.1090980E+00   0.4033232E-16   0.7864525E-01   0.4909001E+01
  0.1954166666667E+02   0.1210267E+01  -0.2992398E-16   0.6743451E+00  -0.1090980E+00  -0.3035766E-16   0.7894011E-01   0.4908437E+01
  0.1958333333333E+02   0.1210267E+01  -0.4336809E-18   0.6742688E+00  -0.1090980E+00  -0.2818926E-16   0.7919873E-01   0.4908005E+01
  0.1962500000000E+02   0.1210267E+01   0.7372575E-17   0.6740134E+00  -0.1090980E+00   0.2818926E-16   0.7940679E-01   0.4907681E+01
  0.1966666666667E+02   0.1210267E+01  -0.1170938E-16   0.6735868E+00  -0.1090980E+00   0.1734723E-17   0.7955986E-01   0.4907414E+01
  0.1970833333333E+02   0.1210267E+01  -0.3046608E-16   0.6730163E+00  -0.1090980E+00  -0.3035766E-17   0.7966462E-01   0.4907139E+01
  0.1975000000000E+02   0.1210267E+01  -0.6288373E-17   0.6723414E+00  -0.1090980E+00  -0.1301043E-16   0.7973744E-01   0.4906792E+01
  0.1979166666667E+02   0.1210267E+01  -0.4228388E-16   0.6716048E+00  -0.1090980E+00  -0.5854692E-16   0.7980056E-01   0.4906321E+01
  0.1983333333333E+02   0.1210267E+01  -0.2677979E-16   0.6708447E+00  -0.1090980E+00  -0.5464379E-16   0.7987699E-01   0.4905703E+01
  0.1987500000000E+02   0.1210267E+01  -0.1713039E-16   0.6700880E+00  -0.1090980E+00  -0.2038300E-16   0.7998570E-01   0.4904945E+01
  0.1991666666667E+02   0.1210267E+01  -0.3642919E-16   0.6693474E+00  -0.1090980E+00  -0.8673617E-17   0.8013819E-01   0.4904089E+01
  0.1995833333333E+02   0.1210267E+01  -0.1241411E-16   0.6686230E+00  -0.1090980E+00   0.5204170E-17   0.8033725E-01   0.4903203E+01
  0.2000000000000E+02   0.1210267E+01  -0.7795414E-16   0.6679083E+00  -0.1090980E+00  -0.7762888E-16   0.8057778E-01   0.4902373E+01
