 # Project=San-Ti                        
 # Author=Sophon                        
 # date =  9/22/2026 13:57:33
 # code = EQdyna
 # element_size =   500.00000000000000     
 # time_step =  0.0417  s
 # num_time_steps =   480
 # Time series in 11 columns in format E15.7
 # Column #1 = Time (s)
 # Column #2 = horizontal slip (m)
 # Column #3 = horizontal slip rate (m/s)
 # Column #4 = horizontal shear stress (MPa)
 # Column #5 = down-dip slip (m)
 # Column #6 = down-dip slip rate (m/s)
 # Column #7 = down-dip shear stress (MPa)
 # Column #8 = normal stress (MPa)
 # The line below lists the names of the data fields:
 t h-slip h-slip-rate h-shear-stress v-slip v-slip-rate v-shear-stress n-stress
  0.4166666666667E-01   0.0000000E+00   0.0000000E+00   0.4073144E+02  -0.0000000E+00  -0.0000000E+00  -0.5423585E+01   0.2457762E+03
  0.8333333333333E-01  -0.2369327E-16  -0.5686385E-15   0.4096389E+02  -0.6524434E-18  -0.1565864E-16  -0.5349715E+01   0.2457511E+03
  0.1250000000000E+00  -0.4662228E-16  -0.5502961E-15   0.4127165E+02  -0.7561040E-17  -0.1658084E-15  -0.5235382E+01   0.2457227E+03
  0.1666666666667E+00  -0.9902154E-16  -0.1257566E-14   0.4154523E+02  -0.7223497E-17   0.8077306E-17  -0.5115687E+01   0.2457044E+03
  0.2083333333333E+00  -0.1443344E-15  -0.1087455E-14   0.4173208E+02  -0.4357137E-17   0.6852158E-16  -0.5026632E+01   0.2456972E+03
  0.2500000000000E+00  -0.1822815E-15  -0.9107298E-15   0.4189490E+02   0.8809143E-18   0.1264180E-15  -0.4960354E+01   0.2456895E+03
  0.2916666666667E+00  -0.2087631E-15  -0.6349088E-15   0.4208149E+02  -0.2981556E-18  -0.2873136E-16  -0.4929228E+01   0.2456755E+03
  0.3333333333333E+00  -0.2142383E-15  -0.1322727E-15   0.4223238E+02  -0.2846031E-17  -0.6179952E-16  -0.4929188E+01   0.2456653E+03
  0.3750000000000E+00  -0.2094679E-15   0.1138412E-15   0.4231281E+02   0.9310586E-17   0.2927346E-15  -0.4941382E+01   0.2456640E+03
  0.4166666666667E+00  -0.2281161E-15  -0.4486429E-15   0.4235708E+02   0.2086412E-16   0.2771221E-15  -0.4943982E+01   0.2456644E+03
  0.4583333333333E+00  -0.2522938E-15  -0.5793976E-15   0.4239324E+02   0.2354413E-16   0.6440161E-16  -0.4930275E+01   0.2456603E+03
  0.5000000000000E+00  -0.3187554E-15  -0.1595512E-14   0.4243170E+02   0.3241764E-16   0.2129373E-15  -0.4910774E+01   0.2456516E+03
  0.5416666666667E+00  -0.3874125E-15  -0.1646361E-14   0.4246761E+02   0.2251075E-16  -0.2377113E-15  -0.4899556E+01   0.2456437E+03
  0.5833333333333E+00  -0.4492934E-15  -0.1485357E-14   0.4248849E+02   0.3416931E-16   0.2799410E-15  -0.4901971E+01   0.2456421E+03
  0.6250000000000E+00  -0.4790547E-15  -0.7131882E-15   0.4248189E+02   0.3875345E-16   0.1100194E-15  -0.4916927E+01   0.2456480E+03
  0.6666666666667E+00  -0.4936372E-15  -0.3501973E-15   0.4247334E+02   0.4108872E-16   0.5605325E-16  -0.4935238E+01   0.2456543E+03
  0.7083333333333E+00  -0.5592044E-15  -0.1573286E-14   0.4247180E+02   0.4087442E-16  -0.5421011E-17  -0.4946485E+01   0.2456552E+03
  0.7500000000000E+00  -0.6223592E-15  -0.1515931E-14   0.4248210E+02   0.3308172E-16  -0.1871333E-15  -0.4945739E+01   0.2456489E+03
  0.7916666666667E+00  -0.6743195E-15  -0.1246399E-14   0.4250242E+02   0.4050850E-16   0.1782428E-15  -0.4934664E+01   0.2456379E+03
  0.8333333333333E+00  -0.6853920E-15  -0.2658464E-15   0.4252611E+02   0.5122855E-16   0.2563054E-15  -0.4918326E+01   0.2456264E+03
  0.8750000000000E+00  -0.7060053E-15  -0.4952636E-15   0.4254616E+02   0.5155381E-16   0.9107298E-17  -0.4901434E+01   0.2456167E+03
  0.9166666666667E+00  -0.7964007E-15  -0.2171006E-14   0.4255826E+02   0.6228741E-16   0.2571728E-15  -0.4886763E+01   0.2456086E+03
  0.9583333333333E+00  -0.8489845E-15  -0.1261144E-14   0.4256094E+02   0.6163689E-16  -0.1517883E-16  -0.4875753E+01   0.2456010E+03
  0.1000000000000E+01  -0.8710480E-15  -0.5303917E-15   0.4255426E+02   0.6049848E-16  -0.2688821E-16  -0.4869565E+01   0.2455945E+03
  0.1041666666667E+01  -0.8951173E-15  -0.5746272E-15   0.4253897E+02   0.5789640E-16  -0.6310057E-16  -0.4869263E+01   0.2455915E+03
  0.1083333333333E+01  -0.9726378E-15  -0.1861792E-14   0.4251711E+02   0.5551115E-16  -0.5876376E-16  -0.4875114E+01   0.2455940E+03
  0.1125000000000E+01  -0.9922618E-15  -0.4729290E-15   0.4249280E+02   0.5681219E-16   0.3469447E-16  -0.4885882E+01   0.2456014E+03
  0.1166666666667E+01  -0.1038666E-14  -0.1113692E-14   0.4247190E+02   0.5778798E-16   0.2753874E-16  -0.4898845E+01   0.2456106E+03
  0.1208333333333E+01  -0.1037365E-14   0.3426079E-16   0.4246013E+02   0.5833008E-16   0.1073360E-16  -0.4910597E+01   0.2456177E+03
  0.1250000000000E+01  -0.1056555E-14  -0.4605691E-15   0.4246067E+02   0.6364267E-16   0.1289116E-15  -0.4918202E+01   0.2456207E+03
  0.1291666666667E+01  -0.1118897E-14  -0.1498584E-14   0.4247295E+02   0.6255847E-16  -0.2721347E-16  -0.4920121E+01   0.2456203E+03
  0.1333333333333E+01  -0.1196959E-14  -0.1876537E-14   0.4249334E+02   0.6028164E-16  -0.5244828E-16  -0.4916550E+01   0.2456180E+03
  0.1375000000000E+01  -0.1214632E-14  -0.4206704E-15   0.4251714E+02   0.6754580E-16   0.1733639E-15  -0.4909116E+01   0.2456150E+03
  0.1416666666667E+01  -0.1204115E-14   0.2509928E-15   0.4254036E+02   0.7177418E-16   0.1024571E-15  -0.4900160E+01   0.2456110E+03
  0.1458333333333E+01  -0.1229702E-14  -0.6173447E-15   0.4256044E+02   0.8500145E-16   0.3181049E-15  -0.4891939E+01   0.2456056E+03
  0.1500000000000E+01  -0.1262337E-14  -0.7846371E-15   0.4257575E+02   0.8467619E-16  -0.7589415E-17  -0.4886007E+01   0.2455993E+03
  0.1541666666667E+01  -0.1309499E-14  -0.1130931E-14   0.4258495E+02   0.9150666E-16   0.1669671E-15  -0.4882910E+01   0.2455936E+03
  0.1583333333333E+01  -0.1337689E-14  -0.6835895E-15   0.4258694E+02   0.9573505E-16   0.9974660E-16  -0.4882220E+01   0.2455898E+03
  0.1625000000000E+01  -0.1386369E-14  -0.1167903E-14   0.4258159E+02   0.9519295E-16  -0.1235990E-16  -0.4882863E+01   0.2455884E+03
  0.1666666666667E+01  -0.1446109E-14  -0.1432665E-14   0.4257046E+02   0.9692767E-16   0.3968180E-16  -0.4883624E+01   0.2455889E+03
  0.1708333333333E+01  -0.1473973E-14  -0.6674349E-15   0.4255688E+02   0.1006140E-15   0.8738670E-16  -0.4883592E+01   0.2455908E+03
  0.1750000000000E+01  -0.1481291E-14  -0.1743397E-15   0.4254492E+02   0.9367507E-16  -0.1700029E-15  -0.4882311E+01   0.2455932E+03
  0.1791666666667E+01  -0.1519889E-14  -0.9267760E-15   0.4253800E+02   0.1040834E-15   0.2580401E-15  -0.4879581E+01   0.2455957E+03
  0.1833333333333E+01  -0.1588790E-14  -0.1655794E-14   0.4253797E+02   0.1027824E-15  -0.3426079E-16  -0.4875052E+01   0.2455975E+03
  0.1875000000000E+01  -0.1660727E-14  -0.1725725E-14   0.4254508E+02   0.1008308E-15  -0.4597017E-16  -0.4867828E+01   0.2455980E+03
  0.1916666666667E+01  -0.1731308E-14  -0.1694391E-14   0.4255905E+02   0.9844556E-16  -0.5204170E-16  -0.4856378E+01   0.2455969E+03
  0.1958333333333E+01  -0.1833711E-14  -0.2455935E-14   0.4258010E+02   0.9237403E-16  -0.1413800E-15  -0.4838806E+01   0.2455935E+03
  0.2000000000000E+01  -0.1877947E-14  -0.1062518E-14   0.4260937E+02   0.9497611E-16   0.5290907E-16  -0.4813177E+01   0.2455862E+03
  0.2041666666667E+01  -0.1923700E-14  -0.1100682E-14   0.4264948E+02   0.8500145E-16  -0.2437286E-15  -0.4780121E+01   0.2455721E+03
  0.2083333333333E+01  -0.1963815E-14  -0.9601694E-15   0.4270251E+02   0.9063930E-16   0.1387779E-15  -0.4741470E+01   0.2455480E+03
  0.2125000000000E+01  -0.1991679E-14  -0.6730727E-15   0.4276836E+02   0.1010476E-15   0.2454634E-15  -0.4696193E+01   0.2455123E+03
  0.2166666666667E+01  -0.2069959E-14  -0.1875670E-14   0.4290835E+02   0.9150666E-16  -0.2376571E-15  -0.4582969E+01   0.2454609E+03
  0.2208333333333E+01  -0.2139348E-14  -0.1658396E-14   0.4324988E+02   0.8413409E-16  -0.1682682E-15  -0.4294280E+01   0.2453852E+03
  0.2250000000000E+01  -0.2185535E-14  -0.1111524E-14   0.4416926E+02   0.8630249E-16   0.6158268E-16  -0.3745170E+01   0.2452361E+03
  0.2291666666667E+01  -0.2224566E-14  -0.9384854E-15   0.4439034E+02   0.8023096E-16  -0.1547699E-15  -0.2749512E+01   0.2448634E+03
  0.2333333333333E+01   0.1181951E-01   0.2836681E+00   0.4376771E+02  -0.7320935E-03  -0.1757024E-01  -0.1653019E+01   0.2443198E+03
  0.2375000000000E+01   0.5346686E-01   0.9995365E+00   0.4166468E+02  -0.2305031E-02  -0.3775049E-01  -0.9587397E+00   0.2438077E+03
  0.2416666666667E+01   0.1395845E+00   0.2066823E+01   0.3742749E+02  -0.4286670E-02  -0.4755935E-01  -0.8625129E+00   0.2435582E+03
  0.2458333333333E+01   0.2742041E+00   0.3230871E+01   0.3087824E+02  -0.7388967E-02  -0.7445511E-01  -0.1136054E+01   0.2437259E+03
  0.2500000000000E+01   0.4481413E+00   0.4174494E+01   0.2966877E+02  -0.1378836E-01  -0.1535856E+00  -0.1710388E+01   0.2443169E+03
  0.2541666666667E+01   0.6035478E+00   0.3729756E+01   0.2964104E+02  -0.2274746E-01  -0.2150184E+00  -0.2265473E+01   0.2443957E+03
  0.2583333333333E+01   0.7081317E+00   0.2510013E+01   0.2953960E+02  -0.3074084E-01  -0.1918410E+00  -0.2406609E+01   0.2436456E+03
  0.2625000000000E+01   0.7813801E+00   0.1757962E+01   0.2944268E+02  -0.3670843E-01  -0.1432222E+00  -0.2182805E+01   0.2426957E+03
  0.2666666666667E+01   0.8613406E+00   0.1919052E+01   0.2940552E+02  -0.4263650E-01  -0.1422736E+00  -0.1964406E+01   0.2422589E+03
  0.2708333333333E+01   0.9625799E+00   0.2429742E+01   0.2942887E+02  -0.4939969E-01  -0.1623165E+00  -0.1824020E+01   0.2423778E+03
  0.2750000000000E+01   0.1067927E+01   0.2528329E+01   0.2945385E+02  -0.5592917E-01  -0.1567075E+00  -0.1691780E+01   0.2425199E+03
  0.2791666666667E+01   0.1154222E+01   0.2071089E+01   0.2943481E+02  -0.6088583E-01  -0.1189599E+00  -0.1501576E+01   0.2422757E+03
  0.2833333333333E+01   0.1218211E+01   0.1535735E+01   0.2938631E+02  -0.6415014E-01  -0.7834343E-01  -0.1267562E+01   0.2417803E+03
  0.2875000000000E+01   0.1275867E+01   0.1383735E+01   0.2935496E+02  -0.6663708E-01  -0.5968661E-01  -0.1049485E+01   0.2414476E+03
  0.2916666666667E+01   0.1341681E+01   0.1579531E+01   0.2936107E+02  -0.6899002E-01  -0.5647065E-01  -0.8459856E+00   0.2414438E+03
  0.2958333333333E+01   0.1413932E+01   0.1734034E+01   0.2937724E+02  -0.7107182E-01  -0.4996304E-01  -0.6329747E+00   0.2415339E+03
  0.3000000000000E+01   0.1480323E+01   0.1593378E+01   0.2936642E+02  -0.7250230E-01  -0.3433159E-01  -0.4271086E+00   0.2414127E+03
  0.3041666666667E+01   0.1533908E+01   0.1286036E+01   0.2932645E+02  -0.7328165E-01  -0.1870426E-01  -0.3034622E+00   0.2410669E+03
  0.3083333333333E+01   0.1580114E+01   0.1108955E+01   0.2928855E+02  -0.7375978E-01  -0.1147516E-01  -0.3103131E+00   0.2407516E+03
  0.3125000000000E+01   0.1628728E+01   0.1166737E+01   0.2927674E+02  -0.7427484E-01  -0.1236162E-01  -0.3886687E+00   0.2406610E+03
  0.3166666666667E+01   0.1682185E+01   0.1282957E+01   0.2928184E+02  -0.7498452E-01  -0.1703212E-01  -0.4392196E+00   0.2407095E+03
  0.3208333333333E+01   0.1733774E+01   0.1238133E+01   0.2927675E+02  -0.7575834E-01  -0.1857165E-01  -0.3771939E+00   0.2406598E+03
  0.3250000000000E+01   0.1776492E+01   0.1025255E+01   0.2924824E+02  -0.7630871E-01  -0.1320911E-01  -0.1798165E+00   0.2404066E+03
  0.3291666666667E+01   0.1811519E+01   0.8406345E+00   0.2920919E+02  -0.7652406E-01  -0.5168173E-02   0.5313437E-01   0.2400770E+03
  0.3333333333333E+01   0.1847090E+01   0.8537083E+00   0.2918297E+02  -0.7645935E-01   0.1552979E-02   0.1876475E+00   0.2398631E+03
  0.3375000000000E+01   0.1889979E+01   0.1029322E+01   0.2917634E+02  -0.7618357E-01   0.6618575E-02   0.1874811E+00   0.2398079E+03
  0.3416666666667E+01   0.1939186E+01   0.1180991E+01   0.2917402E+02  -0.7586737E-01   0.7588801E-02   0.9427711E-01   0.2397848E+03
  0.3458333333333E+01   0.1987703E+01   0.1164397E+01   0.2915990E+02  -0.7571059E-01   0.3762798E-02  -0.1827111E-01   0.2396659E+03
  0.3500000000000E+01   0.2029087E+01   0.9932106E+00   0.2913536E+02  -0.7573652E-01  -0.6223293E-03  -0.8121612E-01   0.2394623E+03
  0.3541666666667E+01   0.2061759E+01   0.7841300E+00   0.2911433E+02  -0.7582760E-01  -0.2185797E-02  -0.7938039E-01   0.2392870E+03
  0.3583333333333E+01   0.2088057E+01   0.6311544E+00   0.2910525E+02  -0.7589930E-01  -0.1720846E-02  -0.5048282E-01   0.2392108E+03
  0.3625000000000E+01   0.2111038E+01   0.5515468E+00   0.2910295E+02  -0.7593916E-01  -0.9566536E-03  -0.2682673E-01   0.2391914E+03
  0.3666666666667E+01   0.2132996E+01   0.5269864E+00   0.2909689E+02  -0.7595940E-01  -0.4857693E-03  -0.6147393E-02   0.2391408E+03
  0.3708333333333E+01   0.2155974E+01   0.5514771E+00   0.2908407E+02  -0.7596425E-01  -0.1165123E-03   0.2872978E-01   0.2390340E+03
  0.3750000000000E+01   0.2181737E+01   0.6183046E+00   0.2907158E+02  -0.7593880E-01   0.6107727E-03   0.7861964E-01   0.2389307E+03
  0.3791666666667E+01   0.2210090E+01   0.6804692E+00   0.2906738E+02  -0.7586213E-01   0.1840225E-02   0.1183715E+00   0.2388969E+03
  0.3833333333333E+01   0.2237632E+01   0.6610260E+00   0.2907098E+02  -0.7574997E-01   0.2691905E-02   0.1135462E+00   0.2389267E+03
  0.3875000000000E+01   0.2259378E+01   0.5218940E+00   0.2907389E+02  -0.7566503E-01   0.2038428E-02   0.4686534E-01   0.2389494E+03
  0.3916666666667E+01   0.2272507E+01   0.3151077E+00   0.2906797E+02  -0.7564387E-01   0.5079345E-03  -0.5959145E-01   0.2389002E+03
  0.3958333333333E+01   0.2278822E+01   0.1515574E+00   0.2905360E+02  -0.7565681E-01  -0.3107038E-03  -0.1518305E+00   0.2387833E+03
  0.4000000000000E+01   0.2283120E+01   0.1031484E+00   0.2903863E+02  -0.7567927E-01  -0.5390407E-03  -0.1880511E+00   0.2386603E+03
  0.4041666666667E+01   0.2288859E+01   0.1377213E+00   0.2902846E+02  -0.7571643E-01  -0.8918692E-03  -0.1668432E+00   0.2385745E+03
  0.4083333333333E+01   0.2296006E+01   0.1715390E+00   0.2902382E+02  -0.7575752E-01  -0.9859333E-03  -0.1092692E+00   0.2385336E+03
  0.4125000000000E+01   0.2302554E+01   0.1571523E+00   0.2902315E+02  -0.7578217E-01  -0.5916490E-03  -0.4238135E-01   0.2385265E+03
  0.4166666666667E+01   0.2307657E+01   0.1224756E+00   0.2902549E+02  -0.7578962E-01  -0.1788462E-03   0.1257772E-01   0.2385458E+03
  0.4208333333333E+01   0.2313037E+01   0.1291082E+00   0.2903013E+02  -0.7578729E-01   0.5594690E-04   0.4735000E-01   0.2385848E+03
  0.4250000000000E+01   0.2321493E+01   0.2029386E+00   0.2903462E+02  -0.7577350E-01   0.3310059E-03   0.6121123E-01   0.2386224E+03
  0.4291666666667E+01   0.2334439E+01   0.3107246E+00   0.2903466E+02  -0.7574620E-01   0.6550745E-03   0.5458940E-01   0.2386226E+03
  0.4333333333333E+01   0.2351050E+01   0.3986496E+00   0.2902786E+02  -0.7571497E-01   0.7495193E-03   0.2604416E-01   0.2385656E+03
  0.4375000000000E+01   0.2369236E+01   0.4364745E+00   0.2901577E+02  -0.7569865E-01   0.3916104E-03  -0.2234741E-01   0.2384648E+03
  0.4416666666667E+01   0.2387024E+01   0.4269183E+00   0.2900216E+02  -0.7571235E-01  -0.3288045E-03  -0.8223353E-01   0.2383523E+03
  0.4458333333333E+01   0.2403055E+01   0.3847395E+00   0.2898961E+02  -0.7575781E-01  -0.1090901E-02  -0.1298460E+00   0.2382491E+03
  0.4500000000000E+01   0.2416424E+01   0.3208543E+00   0.2897901E+02  -0.7581769E-01  -0.1437123E-02  -0.1526502E+00   0.2381618E+03
  0.4541666666667E+01   0.2426414E+01   0.2397479E+00   0.2897049E+02  -0.7587031E-01  -0.1262899E-02  -0.1475065E+00   0.2380906E+03
  0.4583333333333E+01   0.2432607E+01   0.1486457E+00   0.2896388E+02  -0.7590185E-01  -0.7568461E-03  -0.1163052E+00   0.2380342E+03
  0.4625000000000E+01   0.2435334E+01   0.6544488E-01   0.2895862E+02  -0.7591279E-01  -0.2627956E-03  -0.6606567E-01   0.2379891E+03
  0.4666666666667E+01   0.2435911E+01   0.1385043E-01   0.2895401E+02  -0.7591411E-01  -0.3159811E-04  -0.8893351E-02   0.2379501E+03
  0.4708333333333E+01   0.2436247E+01   0.8060783E-02   0.2895079E+02  -0.7591421E-01  -0.2475905E-05   0.4283089E-01   0.2379235E+03
  0.4750000000000E+01   0.2437599E+01   0.3243590E-01   0.2894902E+02  -0.7591222E-01   0.4798690E-04   0.6799743E-01   0.2379092E+03
  0.4791666666667E+01   0.2440090E+01   0.5978271E-01   0.2894812E+02  -0.7590636E-01   0.1404217E-03   0.4858209E-01   0.2379014E+03
  0.4833333333333E+01   0.2443099E+01   0.7222994E-01   0.2894635E+02  -0.7590131E-01   0.1212197E-03  -0.1840626E-01   0.2378863E+03
  0.4875000000000E+01   0.2446189E+01   0.7416431E-01   0.2894244E+02  -0.7590328E-01  -0.4715923E-04  -0.1011228E+00   0.2378552E+03
  0.4916666666667E+01   0.2449444E+01   0.7812251E-01   0.2893703E+02  -0.7591465E-01  -0.2729544E-03  -0.1701091E+00   0.2378128E+03
  0.4958333333333E+01   0.2452943E+01   0.8397018E-01   0.2893129E+02  -0.7593522E-01  -0.4936266E-03  -0.2181426E+00   0.2377676E+03
  0.5000000000000E+01   0.2456328E+01   0.8123968E-01   0.2892655E+02  -0.7596074E-01  -0.6125492E-03  -0.2444681E+00   0.2377298E+03
  0.5041666666667E+01   0.2458828E+01   0.6000058E-01   0.2892301E+02  -0.7598187E-01  -0.5070853E-03  -0.2547849E+00   0.2377011E+03
  0.5083333333333E+01   0.2459916E+01   0.2611763E-01   0.2892003E+02  -0.7599146E-01  -0.2300721E-03  -0.2549711E+00   0.2376762E+03
  0.5125000000000E+01   0.2459919E+01   0.6933453E-04   0.2889051E+02  -0.7599148E-01  -0.6112822E-06  -0.2472873E+00   0.2376539E+03
  0.5166666666667E+01   0.2459919E+01  -0.7598089E-15   0.2891523E+02  -0.7599148E-01  -0.4857226E-16  -0.2331282E+00   0.2376348E+03
  0.5208333333333E+01   0.2460533E+01   0.1472100E-01   0.2891304E+02  -0.7599643E-01  -0.1186876E-03  -0.2136446E+00   0.2376152E+03
  0.5250000000000E+01   0.2461989E+01   0.3494860E-01   0.2891111E+02  -0.7600719E-01  -0.2582427E-03  -0.1918259E+00   0.2375979E+03
  0.5291666666667E+01   0.2463900E+01   0.4586671E-01   0.2890947E+02  -0.7601987E-01  -0.3043267E-03  -0.1695550E+00   0.2375831E+03
  0.5333333333333E+01   0.2465684E+01   0.4280683E-01   0.2890775E+02  -0.7603033E-01  -0.2510635E-03  -0.1468642E+00   0.2375677E+03
  0.5375000000000E+01   0.2467092E+01   0.3380601E-01   0.2890598E+02  -0.7603749E-01  -0.1717496E-03  -0.1232503E+00   0.2375520E+03
  0.5416666666667E+01   0.2468244E+01   0.2764633E-01   0.2890462E+02  -0.7604240E-01  -0.1178794E-03  -0.1017721E+00   0.2375400E+03
  0.5458333333333E+01   0.2469226E+01   0.2357075E-01   0.2890377E+02  -0.7604586E-01  -0.8299170E-04  -0.8460897E-01   0.2375325E+03
  0.5500000000000E+01   0.2469846E+01   0.1486912E-01   0.2889813E+02  -0.7604767E-01  -0.4352584E-04  -0.7264019E-01   0.2375253E+03
  0.5541666666667E+01   0.2469846E+01   0.3538836E-15   0.2878027E+02  -0.7604767E-01   0.1994932E-15  -0.6398752E-01   0.2375136E+03
  0.5583333333333E+01   0.2469846E+01  -0.6140921E-15   0.2876532E+02  -0.7604767E-01  -0.1144917E-15  -0.5619172E-01   0.2375058E+03
  0.5625000000000E+01   0.2469846E+01  -0.7285839E-16   0.2875302E+02  -0.7604767E-01  -0.1023487E-15  -0.4777507E-01   0.2375010E+03
  0.5666666666667E+01   0.2469846E+01  -0.9332812E-15   0.2874447E+02  -0.7604767E-01  -0.4943962E-16  -0.3990668E-01   0.2374985E+03
  0.5708333333333E+01   0.2469846E+01   0.3105155E-15   0.2873832E+02  -0.7604767E-01   0.3382711E-16  -0.3433441E-01   0.2374981E+03
  0.5750000000000E+01   0.2469846E+01  -0.6730727E-15   0.2874638E+02  -0.7604767E-01   0.3556183E-16  -0.3224843E-01   0.2374995E+03
  0.5791666666667E+01   0.2469846E+01  -0.5186823E-15   0.2876959E+02  -0.7604767E-01   0.6505213E-16  -0.3512751E-01   0.2375020E+03
  0.5833333333333E+01   0.2469846E+01  -0.8083811E-15   0.2879941E+02  -0.7604767E-01  -0.3816392E-16  -0.4252224E-01   0.2375048E+03
  0.5875000000000E+01   0.2469846E+01  -0.3365364E-15   0.2882579E+02  -0.7604767E-01  -0.1370432E-15  -0.5351351E-01   0.2375065E+03
  0.5916666666667E+01   0.2469846E+01  -0.8083811E-15   0.2883591E+02  -0.7604767E-01  -0.4293441E-16  -0.6728323E-01   0.2375083E+03
  0.5958333333333E+01   0.2469846E+01  -0.1290634E-14   0.2882085E+02  -0.7604767E-01   0.1153591E-15  -0.8318337E-01   0.2375145E+03
  0.6000000000000E+01   0.2469846E+01  -0.4267420E-15   0.2879003E+02  -0.7604767E-01  -0.1647987E-15  -0.1009879E+00   0.2375290E+03
  0.6041666666667E+01   0.2469846E+01  -0.3573530E-15   0.2876414E+02  -0.7604767E-01  -0.3035766E-16  -0.1203517E+00   0.2375507E+03
  0.6083333333333E+01   0.2469846E+01  -0.1065120E-14   0.2874721E+02  -0.7604767E-01   0.1491862E-15  -0.1390233E+00   0.2375754E+03
  0.6125000000000E+01   0.2469846E+01  -0.6071532E-15   0.2874221E+02  -0.7604767E-01  -0.2515349E-16  -0.1539692E+00   0.2375959E+03
  0.6166666666667E+01   0.2469846E+01   0.1977585E-15   0.2875011E+02  -0.7604767E-01  -0.3469447E-17  -0.1651028E+00   0.2376074E+03
  0.6208333333333E+01   0.2469846E+01  -0.5793976E-15   0.2877620E+02  -0.7604767E-01   0.3903128E-16  -0.1752005E+00   0.2376103E+03
  0.6250000000000E+01   0.2469846E+01  -0.1221245E-14   0.2881160E+02  -0.7604767E-01  -0.2419939E-15  -0.1847386E+00   0.2376106E+03
  0.6291666666667E+01   0.2469846E+01  -0.1214306E-14   0.2884114E+02  -0.7604767E-01  -0.9020562E-16  -0.1927499E+00   0.2376140E+03
  0.6333333333333E+01   0.2469846E+01  -0.5759282E-15   0.2885287E+02  -0.7604767E-01  -0.2081668E-16  -0.1990750E+00   0.2376223E+03
  0.6375000000000E+01   0.2469846E+01  -0.4267420E-15   0.2885885E+02  -0.7604767E-01  -0.5464379E-16  -0.2034824E+00   0.2376310E+03
  0.6416666666667E+01   0.2469846E+01  -0.5863365E-15   0.2886062E+02  -0.7604767E-01   0.7632783E-16  -0.2061154E+00   0.2376370E+03
  0.6458333333333E+01   0.2469846E+01  -0.3642919E-15   0.2886297E+02  -0.7604767E-01  -0.4683753E-16  -0.2079399E+00   0.2376395E+03
  0.6500000000000E+01   0.2469846E+01  -0.5603157E-15   0.2886922E+02  -0.7604767E-01   0.1006140E-15  -0.2100464E+00   0.2376402E+03
  0.6541666666667E+01   0.2469846E+01  -0.3486794E-15   0.2887865E+02  -0.7604767E-01  -0.2341877E-16  -0.2131004E+00   0.2376415E+03
  0.6583333333333E+01   0.2469846E+01  -0.9350160E-15   0.2888724E+02  -0.7604767E-01  -0.2272488E-15  -0.2170536E+00   0.2376440E+03
  0.6625000000000E+01   0.2469846E+01  -0.3400058E-15   0.2889167E+02  -0.7604767E-01  -0.7546047E-16  -0.2209270E+00   0.2376468E+03
  0.6666666666667E+01   0.2469846E+01  -0.8326673E-15   0.2889106E+02  -0.7604767E-01   0.7806256E-16  -0.2238809E+00   0.2376485E+03
  0.6708333333333E+01   0.2469846E+01  -0.5256212E-15   0.2888704E+02  -0.7604767E-01  -0.5030698E-16  -0.2257752E+00   0.2376490E+03
  0.6750000000000E+01   0.2469846E+01  -0.5117434E-15   0.2888210E+02  -0.7604767E-01   0.2428613E-16  -0.2269742E+00   0.2376487E+03
  0.6791666666667E+01   0.2469846E+01  -0.1327063E-14   0.2887745E+02  -0.7604767E-01  -0.1821460E-15  -0.2278796E+00   0.2376483E+03
  0.6833333333333E+01   0.2469846E+01  -0.5689893E-15   0.2887239E+02  -0.7604767E-01   0.1353084E-15  -0.2285614E+00   0.2376480E+03
  0.6875000000000E+01   0.2469846E+01  -0.3209238E-15   0.2886555E+02  -0.7604767E-01   0.1656661E-15  -0.2288063E+00   0.2376481E+03
  0.6916666666667E+01   0.2469846E+01  -0.5464379E-15   0.2885658E+02  -0.7604767E-01  -0.2072995E-15  -0.2284578E+00   0.2376487E+03
  0.6958333333333E+01   0.2469846E+01  -0.9384854E-15   0.2884702E+02  -0.7604767E-01   0.3816392E-16  -0.2276637E+00   0.2376502E+03
  0.7000000000000E+01   0.2469846E+01  -0.1387779E-14   0.2883932E+02  -0.7604767E-01  -0.4857226E-16  -0.2267898E+00   0.2376527E+03
  0.7041666666667E+01   0.2469846E+01  -0.1327063E-14   0.2883512E+02  -0.7604767E-01  -0.7025630E-16  -0.2261152E+00   0.2376554E+03
  0.7083333333333E+01   0.2469846E+01  -0.7945034E-15   0.2883411E+02  -0.7604767E-01   0.1647987E-16  -0.2256233E+00   0.2376576E+03
  0.7125000000000E+01   0.2469846E+01  -0.6678685E-15   0.2883442E+02  -0.7604767E-01  -0.1665335E-15  -0.2250681E+00   0.2376587E+03
  0.7166666666667E+01   0.2469846E+01  -0.7320533E-15   0.2883411E+02  -0.7604767E-01  -0.1821460E-16  -0.2242088E+00   0.2376594E+03
  0.7208333333333E+01   0.2469846E+01  -0.5238865E-15   0.2883257E+02  -0.7604767E-01  -0.1214306E-15  -0.2229731E+00   0.2376604E+03
  0.7250000000000E+01   0.2469846E+01  -0.1316655E-14   0.2883082E+02  -0.7604767E-01  -0.1179612E-15  -0.2214326E+00   0.2376622E+03
  0.7291666666667E+01   0.2469846E+01  -0.2949030E-15   0.2883077E+02  -0.7604767E-01  -0.4336809E-17  -0.2196886E+00   0.2376646E+03
  0.7333333333333E+01   0.2469846E+01  -0.3747003E-15   0.2883392E+02  -0.7604767E-01   0.1214306E-16  -0.2178257E+00   0.2376663E+03
  0.7375000000000E+01   0.2469846E+01  -0.5880713E-15   0.2884071E+02  -0.7604767E-01   0.8933826E-16  -0.2159662E+00   0.2376664E+03
  0.7416666666667E+01   0.2469846E+01  -0.2164935E-14   0.2885048E+02  -0.7604767E-01  -0.4770490E-16  -0.2143240E+00   0.2376650E+03
  0.7458333333333E+01   0.2469846E+01  -0.1231654E-14   0.2886207E+02  -0.7604767E-01  -0.6071532E-16  -0.2131636E+00   0.2376630E+03
  0.7500000000000E+01   0.2469846E+01   0.1144917E-15   0.2887441E+02  -0.7604767E-01  -0.2341877E-16  -0.2126967E+00   0.2376617E+03
  0.7541666666667E+01   0.2469846E+01  -0.6418477E-15   0.2888677E+02  -0.7604767E-01  -0.2602085E-17  -0.2130265E+00   0.2376617E+03
  0.7583333333333E+01   0.2469846E+01  -0.7337880E-15   0.2889880E+02  -0.7604767E-01  -0.4943962E-16  -0.2141915E+00   0.2376629E+03
  0.7625000000000E+01   0.2469846E+01  -0.5013351E-15   0.2891024E+02  -0.7604767E-01  -0.1864828E-15  -0.2162431E+00   0.2376645E+03
  0.7666666666667E+01   0.2469846E+01  -0.9211382E-15   0.2891904E+02  -0.7604767E-01  -0.3469447E-16  -0.2192438E+00   0.2376656E+03
  0.7708333333333E+01   0.2469855E+01   0.2268463E-03   0.2891907E+02  -0.7604774E-01  -0.1719788E-05  -0.2231204E+00   0.2376661E+03
  0.7750000000000E+01   0.2469920E+01   0.1560610E-02   0.2891913E+02  -0.7604824E-01  -0.1204064E-04  -0.2274604E+00   0.2376669E+03
  0.7791666666667E+01   0.2470043E+01   0.2945698E-02   0.2891928E+02  -0.7604921E-01  -0.2316908E-04  -0.2324525E+00   0.2376684E+03
  0.7833333333333E+01   0.2470187E+01   0.3462862E-02   0.2891946E+02  -0.7605037E-01  -0.2783441E-04  -0.2382550E+00   0.2376704E+03
  0.7875000000000E+01   0.2470308E+01   0.2892220E-02   0.2891953E+02  -0.7605136E-01  -0.2382776E-04  -0.2448953E+00   0.2376714E+03
  0.7916666666667E+01   0.2470401E+01   0.2228776E-02   0.2891942E+02  -0.7605215E-01  -0.1887363E-04  -0.2522544E+00   0.2376710E+03
  0.7958333333333E+01   0.2470501E+01   0.2399940E-02   0.2891915E+02  -0.7605302E-01  -0.2093387E-04  -0.2600555E+00   0.2376693E+03
  0.8000000000000E+01   0.2470636E+01   0.3239693E-02   0.2891876E+02  -0.7605423E-01  -0.2913294E-04  -0.2679178E+00   0.2376667E+03
  0.8041666666667E+01   0.2470796E+01   0.3837537E-02   0.2891829E+02  -0.7605571E-01  -0.3555285E-04  -0.2755215E+00   0.2376633E+03
  0.8083333333333E+01   0.2470937E+01   0.3391711E-02   0.2891774E+02  -0.7605706E-01  -0.3231483E-04  -0.2827465E+00   0.2376593E+03
  0.8125000000000E+01   0.2471013E+01   0.1833734E-02   0.2891652E+02  -0.7605781E-01  -0.1792955E-04  -0.2896780E+00   0.2376550E+03
  0.8166666666667E+01   0.2471013E+01  -0.1644518E-14   0.2890674E+02  -0.7605781E-01  -0.1621966E-15  -0.2959677E+00   0.2376507E+03
  0.8208333333333E+01   0.2471013E+01  -0.1170938E-14   0.2890846E+02  -0.7605781E-01  -0.1027824E-15  -0.3016771E+00   0.2376481E+03
  0.8250000000000E+01   0.2471013E+01  -0.7060325E-15   0.2891014E+02  -0.7605781E-01   0.2775558E-16  -0.3064460E+00   0.2376465E+03
  0.8291666666667E+01   0.2471013E+01  -0.9419548E-15   0.2891368E+02  -0.7605781E-01  -0.2172741E-15  -0.3100031E+00   0.2376451E+03
  0.8333333333333E+01   0.2471013E+01  -0.9228729E-15   0.2891551E+02  -0.7605781E-01  -0.1734723E-17  -0.3121390E+00   0.2376433E+03
  0.8375000000000E+01   0.2471034E+01   0.5083010E-03   0.2891522E+02  -0.7605804E-01  -0.5487041E-05  -0.3128320E+00   0.2376410E+03
  0.8416666666667E+01   0.2471100E+01   0.1562772E-02   0.2891495E+02  -0.7605874E-01  -0.1690754E-04  -0.3121530E+00   0.2376386E+03
  0.8458333333333E+01   0.2471200E+01   0.2402124E-02   0.2891466E+02  -0.7605982E-01  -0.2593227E-04  -0.3101951E+00   0.2376360E+03
  0.8500000000000E+01   0.2471314E+01   0.2736562E-02   0.2891434E+02  -0.7606104E-01  -0.2935771E-04  -0.3070495E+00   0.2376331E+03
  0.8541666666667E+01   0.2471429E+01   0.2764291E-02   0.2891400E+02  -0.7606227E-01  -0.2935478E-04  -0.3028506E+00   0.2376299E+03
  0.8583333333333E+01   0.2471540E+01   0.2659349E-02   0.2891370E+02  -0.7606343E-01  -0.2785451E-04  -0.2979638E+00   0.2376269E+03
  0.8625000000000E+01   0.2471634E+01   0.2260469E-02   0.2891346E+02  -0.7606440E-01  -0.2329476E-04  -0.2927111E+00   0.2376245E+03
  0.8666666666667E+01   0.2471689E+01   0.1313572E-02   0.2891327E+02  -0.7606495E-01  -0.1329821E-04  -0.2871631E+00   0.2376225E+03
  0.8708333333333E+01   0.2471689E+01   0.2057033E-04   0.2890582E+02  -0.7606496E-01  -0.2043020E-06  -0.2812230E+00   0.2376204E+03
  0.8750000000000E+01   0.2471689E+01  -0.1151856E-14   0.2890538E+02  -0.7606496E-01  -0.1387779E-15  -0.2751147E+00   0.2376187E+03
  0.8791666666667E+01   0.2471689E+01  -0.1318390E-15   0.2890362E+02  -0.7606496E-01  -0.1014813E-15  -0.2688411E+00   0.2376167E+03
  0.8833333333333E+01   0.2471689E+01  -0.1766816E-14   0.2890126E+02  -0.7606496E-01  -0.1674008E-15  -0.2626340E+00   0.2376144E+03
  0.8875000000000E+01   0.2471689E+01  -0.5338611E-15   0.2889861E+02  -0.7606496E-01   0.1066855E-15  -0.2567002E+00   0.2376121E+03
  0.8916666666667E+01   0.2471689E+01  -0.5867702E-15   0.2889524E+02  -0.7606496E-01  -0.1084202E-15  -0.2513843E+00   0.2376106E+03
  0.8958333333333E+01   0.2471689E+01  -0.9649399E-15   0.2889120E+02  -0.7606496E-01   0.1422473E-15  -0.2468975E+00   0.2376109E+03
  0.9000000000000E+01   0.2471689E+01  -0.1018283E-14   0.2888721E+02  -0.7606496E-01   0.1101549E-15  -0.2432471E+00   0.2376130E+03
  0.9041666666667E+01   0.2471689E+01  -0.3040103E-15   0.2888444E+02  -0.7606496E-01   0.5724587E-16  -0.2402962E+00   0.2376164E+03
  0.9083333333333E+01   0.2471689E+01  -0.7910339E-15   0.2888398E+02  -0.7606496E-01   0.5898060E-16  -0.2378443E+00   0.2376204E+03
  0.9125000000000E+01   0.2471689E+01  -0.9254750E-15   0.2888638E+02  -0.7606496E-01  -0.1665335E-15  -0.2357414E+00   0.2376238E+03
  0.9166666666667E+01   0.2471689E+01  -0.1124101E-14   0.2889192E+02  -0.7606496E-01  -0.7112366E-16  -0.2341461E+00   0.2376262E+03
  0.9208333333333E+01   0.2471689E+01  -0.8088148E-15   0.2890146E+02  -0.7606496E-01  -0.3295975E-16  -0.2330866E+00   0.2376272E+03
  0.9250000000000E+01   0.2471689E+01  -0.2810252E-15   0.2891433E+02  -0.7606496E-01  -0.1092876E-15  -0.2322400E+00   0.2376272E+03
  0.9291666666667E+01   0.2471697E+01   0.1891365E-03   0.2891432E+02  -0.7606502E-01  -0.1519145E-05  -0.2309605E+00   0.2376270E+03
  0.9333333333333E+01   0.2471801E+01   0.2496644E-02   0.2891454E+02  -0.7606586E-01  -0.1994258E-04  -0.2288578E+00   0.2376287E+03
  0.9375000000000E+01   0.2472009E+01   0.4982581E-02   0.2891502E+02  -0.7606750E-01  -0.3943700E-04  -0.2256443E+00   0.2376325E+03
  0.9416666666667E+01   0.2472242E+01   0.5598022E-02   0.2891552E+02  -0.7606932E-01  -0.4368532E-04  -0.2212216E+00   0.2376364E+03
  0.9458333333333E+01   0.2472433E+01   0.4587747E-02   0.2891584E+02  -0.7607078E-01  -0.3509911E-04  -0.2156864E+00   0.2376387E+03
  0.9500000000000E+01   0.2472598E+01   0.3953928E-02   0.2891600E+02  -0.7607201E-01  -0.2949278E-04  -0.2093813E+00   0.2376396E+03
  0.9541666666667E+01   0.2472824E+01   0.5429914E-02   0.2891610E+02  -0.7607365E-01  -0.3931810E-04  -0.2029888E+00   0.2376401E+03
  0.9583333333333E+01   0.2473208E+01   0.9210129E-02   0.2891617E+02  -0.7607634E-01  -0.6465440E-04  -0.1969801E+00   0.2376403E+03
  0.9625000000000E+01   0.2473807E+01   0.1436979E-01   0.2891608E+02  -0.7608042E-01  -0.9788862E-04  -0.1915064E+00   0.2376393E+03
  0.9666666666667E+01   0.2474650E+01   0.2023683E-01   0.2891567E+02  -0.7608601E-01  -0.1340252E-03  -0.1862328E+00   0.2376356E+03
  0.9708333333333E+01   0.2475775E+01   0.2700057E-01   0.2891493E+02  -0.7609325E-01  -0.1738985E-03  -0.1809513E+00   0.2376291E+03
  0.9750000000000E+01   0.2477239E+01   0.3512983E-01   0.2891394E+02  -0.7610241E-01  -0.2198445E-03  -0.1758260E+00   0.2376207E+03
  0.9791666666667E+01   0.2479095E+01   0.4454117E-01   0.2891285E+02  -0.7611370E-01  -0.2708553E-03  -0.1710567E+00   0.2376113E+03
  0.9833333333333E+01   0.2481364E+01   0.5446596E-01   0.2891163E+02  -0.7612712E-01  -0.3222362E-03  -0.1666330E+00   0.2376009E+03
  0.9875000000000E+01   0.2484048E+01   0.6440912E-01   0.2891017E+02  -0.7614259E-01  -0.3712237E-03  -0.1624492E+00   0.2375886E+03
  0.9916666666667E+01   0.2487158E+01   0.7463450E-01   0.2890845E+02  -0.7616007E-01  -0.4193788E-03  -0.1586981E+00   0.2375741E+03
  0.9958333333333E+01   0.2490713E+01   0.8532148E-01   0.2890663E+02  -0.7617958E-01  -0.4683875E-03  -0.1561451E+00   0.2375587E+03
  0.1000000000000E+02   0.2494692E+01   0.9550348E-01   0.2890491E+02  -0.7620108E-01  -0.5158818E-03  -0.1556614E+00   0.2375444E+03
  0.1004166666667E+02   0.2498993E+01   0.1032238E+00   0.2890341E+02  -0.7622424E-01  -0.5558904E-03  -0.1574809E+00   0.2375320E+03
  0.1008333333333E+02   0.2503447E+01   0.1068997E+00   0.2890211E+02  -0.7624851E-01  -0.5824455E-03  -0.1611121E+00   0.2375213E+03
  0.1012500000000E+02   0.2507884E+01   0.1064792E+00   0.2890094E+02  -0.7627324E-01  -0.5935580E-03  -0.1658575E+00   0.2375118E+03
  0.1016666666667E+02   0.2512180E+01   0.1031059E+00   0.2889992E+02  -0.7629789E-01  -0.5917067E-03  -0.1714670E+00   0.2375036E+03
  0.1020833333333E+02   0.2516252E+01   0.9772774E-01   0.2889917E+02  -0.7632205E-01  -0.5798315E-03  -0.1782079E+00   0.2374977E+03
  0.1025000000000E+02   0.2520011E+01   0.9021297E-01   0.2889882E+02  -0.7634523E-01  -0.5563019E-03  -0.1863437E+00   0.2374952E+03
  0.1029166666667E+02   0.2523337E+01   0.7983748E-01   0.2889891E+02  -0.7636668E-01  -0.5148034E-03  -0.1955596E+00   0.2374964E+03
  0.1033333333333E+02   0.2526106E+01   0.6646102E-01   0.2889938E+02  -0.7638542E-01  -0.4497434E-03  -0.2049476E+00   0.2375008E+03
  0.1037500000000E+02   0.2528236E+01   0.5111029E-01   0.2890009E+02  -0.7640052E-01  -0.3624622E-03  -0.2135966E+00   0.2375074E+03
  0.1041666666667E+02   0.2529715E+01   0.3550408E-01   0.2890094E+02  -0.7641146E-01  -0.2624057E-03  -0.2212300E+00   0.2375149E+03
  0.1045833333333E+02   0.2530598E+01   0.2118335E-01   0.2890182E+02  -0.7641821E-01  -0.1621536E-03  -0.2286880E+00   0.2375227E+03
  0.1050000000000E+02   0.2530981E+01   0.9183441E-02   0.2890264E+02  -0.7642124E-01  -0.7266471E-04  -0.2369733E+00   0.2375301E+03
  0.1054166666667E+02   0.2530997E+01   0.3919216E-03   0.2886583E+02  -0.7642138E-01  -0.3213372E-05  -0.2454201E+00   0.2375367E+03
  0.1058333333333E+02   0.2530997E+01  -0.6539908E-15   0.2885794E+02  -0.7642138E-01  -0.9020562E-16  -0.2533643E+00   0.2375453E+03
  0.1062500000000E+02   0.2530997E+01  -0.6539908E-15   0.2884166E+02  -0.7642138E-01   0.4336809E-16  -0.2599371E+00   0.2375522E+03
  0.1066666666667E+02   0.2530997E+01  -0.4041906E-15   0.2882281E+02  -0.7642138E-01   0.3816392E-16  -0.2653689E+00   0.2375559E+03
  0.1070833333333E+02   0.2530997E+01  -0.4224052E-15   0.2880902E+02  -0.7642138E-01  -0.7112366E-16  -0.2698438E+00   0.2375562E+03
  0.1075000000000E+02   0.2530997E+01  -0.5715914E-15   0.2880187E+02  -0.7642138E-01  -0.6591949E-16  -0.2731215E+00   0.2375542E+03
  0.1079166666667E+02   0.2530997E+01  -0.2013147E-14   0.2880109E+02  -0.7642138E-01  -0.6071532E-16  -0.2753039E+00   0.2375510E+03
  0.1083333333333E+02   0.2530997E+01  -0.1454999E-14   0.2880718E+02  -0.7642138E-01  -0.3295975E-16  -0.2772186E+00   0.2375465E+03
  0.1087500000000E+02   0.2530997E+01  -0.1116728E-14   0.2882187E+02  -0.7642138E-01  -0.1994932E-15  -0.2795453E+00   0.2375401E+03
  0.1091666666667E+02   0.2530997E+01  -0.1371082E-14   0.2884657E+02  -0.7642138E-01  -0.1275022E-15  -0.2819654E+00   0.2375313E+03
  0.1095833333333E+02   0.2530997E+01  -0.6273194E-15   0.2888204E+02  -0.7642138E-01  -0.8933826E-16  -0.2834255E+00   0.2375206E+03
  0.1100000000000E+02   0.2530997E+01   0.1309716E-15   0.2889971E+02  -0.7642138E-01  -0.5204170E-16  -0.2827150E+00   0.2375091E+03
  0.1104166666667E+02   0.2531127E+01   0.3127058E-02   0.2889870E+02  -0.7642265E-01  -0.3059083E-04  -0.2794773E+00   0.2375004E+03
  0.1108333333333E+02   0.2531499E+01   0.8914653E-02   0.2889829E+02  -0.7642624E-01  -0.8621299E-04  -0.2740935E+00   0.2374966E+03
  0.1112500000000E+02   0.2531989E+01   0.1176318E-01   0.2889812E+02  -0.7643089E-01  -0.1115710E-03  -0.2667373E+00   0.2374946E+03
  0.1116666666667E+02   0.2532377E+01   0.9316824E-02   0.2889765E+02  -0.7643447E-01  -0.8599674E-04  -0.2577532E+00   0.2374900E+03
  0.1120833333333E+02   0.2532575E+01   0.4742725E-02   0.2889689E+02  -0.7643624E-01  -0.4230283E-04  -0.2475499E+00   0.2374829E+03
  0.1125000000000E+02   0.2532659E+01   0.2022481E-02   0.2889623E+02  -0.7643696E-01  -0.1732592E-04  -0.2369357E+00   0.2374766E+03
  0.1129166666667E+02   0.2532724E+01   0.1558841E-02   0.2889597E+02  -0.7643749E-01  -0.1278178E-04  -0.2277313E+00   0.2374739E+03
  0.1133333333333E+02   0.2532748E+01   0.5778114E-03   0.2888427E+02  -0.7643768E-01  -0.4553775E-05  -0.2206950E+00   0.2374720E+03
  0.1137500000000E+02   0.2532748E+01   0.3209238E-16   0.2887092E+02  -0.7643768E-01   0.1127570E-15  -0.2155031E+00   0.2374700E+03
  0.1141666666667E+02   0.2532748E+01  -0.9194034E-15   0.2885960E+02  -0.7643768E-01  -0.7459311E-16  -0.2119135E+00   0.2374681E+03
  0.1145833333333E+02   0.2532748E+01  -0.7997075E-15   0.2884949E+02  -0.7643768E-01  -0.9020562E-16  -0.2101849E+00   0.2374661E+03
  0.1150000000000E+02   0.2532748E+01  -0.1294104E-14   0.2884214E+02  -0.7643768E-01  -0.9020562E-16  -0.2098955E+00   0.2374637E+03
  0.1154166666667E+02   0.2532748E+01  -0.1218643E-14   0.2883800E+02  -0.7643768E-01  -0.1318390E-15  -0.2105036E+00   0.2374605E+03
  0.1158333333333E+02   0.2532748E+01  -0.1247266E-14   0.2883736E+02  -0.7643768E-01   0.3209238E-16  -0.2116230E+00   0.2374565E+03
  0.1162500000000E+02   0.2532748E+01  -0.9246076E-15   0.2884070E+02  -0.7643768E-01  -0.1066855E-15  -0.2129140E+00   0.2374516E+03
  0.1166666666667E+02   0.2532748E+01  -0.1017415E-14   0.2884739E+02  -0.7643768E-01   0.1110223E-15  -0.2139010E+00   0.2374460E+03
  0.1170833333333E+02   0.2532748E+01  -0.2975051E-15   0.2885582E+02  -0.7643768E-01  -0.8066464E-16  -0.2139677E+00   0.2374397E+03
  0.1175000000000E+02   0.2532748E+01  -0.8933826E-16   0.2886595E+02  -0.7643768E-01   0.8760354E-16  -0.2130125E+00   0.2374326E+03
  0.1179166666667E+02   0.2532748E+01  -0.3989864E-15   0.2887909E+02  -0.7643768E-01   0.2003606E-15  -0.2107307E+00   0.2374246E+03
  0.1183333333333E+02   0.2532748E+01  -0.1691355E-15   0.2888917E+02  -0.7643768E-01  -0.7112366E-16  -0.2066013E+00   0.2374159E+03
  0.1187500000000E+02   0.2532776E+01   0.6820019E-03   0.2888823E+02  -0.7643788E-01  -0.4877345E-05  -0.2001941E+00   0.2374077E+03
  0.1191666666667E+02   0.2532895E+01   0.2840830E-02   0.2888752E+02  -0.7643870E-01  -0.1968682E-04  -0.1916223E+00   0.2374013E+03
  0.1195833333333E+02   0.2533075E+01   0.4336962E-02   0.2888698E+02  -0.7643990E-01  -0.2876878E-04  -0.1815562E+00   0.2373963E+03
  0.1200000000000E+02   0.2533231E+01   0.3735157E-02   0.2888644E+02  -0.7644088E-01  -0.2347566E-04  -0.1708573E+00   0.2373912E+03
  0.1204166666667E+02   0.2533293E+01   0.1497115E-02   0.2888041E+02  -0.7644125E-01  -0.8855124E-05  -0.1603341E+00   0.2373856E+03
  0.1208333333333E+02   0.2533293E+01  -0.1027824E-14   0.2887370E+02  -0.7644125E-01   0.1908196E-16  -0.1509916E+00   0.2373805E+03
  0.1212500000000E+02   0.2533293E+01  -0.7129713E-15   0.2887179E+02  -0.7644125E-01  -0.7762888E-16  -0.1432139E+00   0.2373776E+03
  0.1216666666667E+02   0.2533293E+01  -0.6678685E-15   0.2886322E+02  -0.7644125E-01  -0.1218643E-15  -0.1368747E+00   0.2373766E+03
  0.1220833333333E+02   0.2533293E+01  -0.1925543E-15   0.2885123E+02  -0.7644125E-01   0.1006140E-15  -0.1315797E+00   0.2373770E+03
  0.1225000000000E+02   0.2533293E+01  -0.5290907E-15   0.2883768E+02  -0.7644125E-01   0.8673617E-18  -0.1274078E+00   0.2373786E+03
  0.1229166666667E+02   0.2533293E+01  -0.5603157E-15   0.2882421E+02  -0.7644125E-01  -0.4033232E-16  -0.1242857E+00   0.2373814E+03
  0.1233333333333E+02   0.2533293E+01  -0.1743397E-15   0.2881186E+02  -0.7644125E-01   0.1118897E-15  -0.1221346E+00   0.2373853E+03
  0.1237500000000E+02   0.2533293E+01  -0.1417269E-14   0.2880127E+02  -0.7644125E-01  -0.1318390E-15  -0.1209003E+00   0.2373899E+03
  0.1241666666667E+02   0.2533293E+01  -0.1027824E-14   0.2879289E+02  -0.7644125E-01  -0.7112366E-16  -0.1204586E+00   0.2373945E+03
  0.1245833333333E+02   0.2533293E+01  -0.1379105E-14   0.2878695E+02  -0.7644125E-01  -0.2602085E-15  -0.1206317E+00   0.2373988E+03
  0.1250000000000E+02   0.2533293E+01  -0.1362625E-14   0.2878350E+02  -0.7644125E-01   0.2081668E-16  -0.1212450E+00   0.2374028E+03
  0.1254166666667E+02   0.2533293E+01  -0.5455705E-15   0.2878231E+02  -0.7644125E-01   0.1387779E-16  -0.1221896E+00   0.2374068E+03
  0.1258333333333E+02   0.2533293E+01  -0.9037909E-15   0.2878293E+02  -0.7644125E-01   0.2168404E-16  -0.1234280E+00   0.2374111E+03
  0.1262500000000E+02   0.2533293E+01  -0.5442695E-15   0.2878499E+02  -0.7644125E-01  -0.1040834E-16  -0.1249093E+00   0.2374158E+03
  0.1266666666667E+02   0.2533293E+01  -0.4328135E-15   0.2878834E+02  -0.7644125E-01   0.9714451E-16  -0.1264349E+00   0.2374208E+03
  0.1270833333333E+02   0.2533293E+01  -0.1020017E-14   0.2879320E+02  -0.7644125E-01  -0.1040834E-16  -0.1277544E+00   0.2374258E+03
  0.1275000000000E+02   0.2533293E+01  -0.1015681E-14   0.2879977E+02  -0.7644125E-01  -0.1179612E-15  -0.1286062E+00   0.2374307E+03
  0.1279166666667E+02   0.2533293E+01  -0.7311859E-15   0.2881314E+02  -0.7644125E-01   0.1561251E-16  -0.1285524E+00   0.2374345E+03
  0.1283333333333E+02   0.2533293E+01  -0.1186117E-14   0.2883365E+02  -0.7644125E-01  -0.1665335E-15  -0.1268494E+00   0.2374370E+03
  0.1287500000000E+02   0.2533293E+01  -0.5221518E-15   0.2885705E+02  -0.7644125E-01  -0.1058181E-15  -0.1234766E+00   0.2374382E+03
  0.1291666666667E+02   0.2533293E+01  -0.1897354E-14   0.2887888E+02  -0.7644125E-01  -0.1578598E-15  -0.1193312E+00   0.2374384E+03
  0.1295833333333E+02   0.2533293E+01   0.2766884E-15   0.2889229E+02  -0.7644125E-01   0.1804112E-15  -0.1153920E+00   0.2374377E+03
  0.1300000000000E+02   0.2533325E+01   0.7520625E-03   0.2889214E+02  -0.7644138E-01  -0.3003639E-05  -0.1119756E+00   0.2374363E+03
  0.1304166666667E+02   0.2533470E+01   0.3488195E-02   0.2889204E+02  -0.7644194E-01  -0.1351899E-04  -0.1086466E+00   0.2374354E+03
  0.1308333333333E+02   0.2533737E+01   0.6402090E-02   0.2889198E+02  -0.7644294E-01  -0.2407464E-04  -0.1048903E+00   0.2374347E+03
  0.1312500000000E+02   0.2534074E+01   0.8094593E-02   0.2889189E+02  -0.7644417E-01  -0.2938685E-04  -0.1009809E+00   0.2374339E+03
  0.1316666666667E+02   0.2534417E+01   0.8238176E-02   0.2889176E+02  -0.7644537E-01  -0.2879350E-04  -0.9782730E-01   0.2374327E+03
  0.1320833333333E+02   0.2534724E+01   0.7353855E-02   0.2889162E+02  -0.7644640E-01  -0.2490010E-04  -0.9648014E-01   0.2374315E+03
  0.1325000000000E+02   0.2534980E+01   0.6155565E-02   0.2889146E+02  -0.7644726E-01  -0.2055577E-04  -0.9764826E-01   0.2374302E+03
  0.1329166666667E+02   0.2535212E+01   0.5551284E-02   0.2889131E+02  -0.7644804E-01  -0.1876240E-04  -0.1003294E+00   0.2374290E+03
  0.1333333333333E+02   0.2535461E+01   0.5980842E-02   0.2889126E+02  -0.7644891E-01  -0.2076938E-04  -0.1035229E+00   0.2374287E+03
  0.1337500000000E+02   0.2535736E+01   0.6603877E-02   0.2889137E+02  -0.7644989E-01  -0.2366296E-04  -0.1074631E+00   0.2374298E+03
  0.1341666666667E+02   0.2535992E+01   0.6138030E-02   0.2889165E+02  -0.7645084E-01  -0.2283075E-04  -0.1119379E+00   0.2374322E+03
  0.1345833333333E+02   0.2536150E+01   0.3803572E-02   0.2889123E+02  -0.7645146E-01  -0.1473657E-04  -0.1170401E+00   0.2374356E+03
  0.1350000000000E+02   0.2536150E+01  -0.1760744E-14   0.2886114E+02  -0.7645146E-01  -0.8933826E-16  -0.1223894E+00   0.2374391E+03
  0.1354166666667E+02   0.2536150E+01  -0.1150122E-14   0.2885404E+02  -0.7645146E-01  -0.1656661E-15  -0.1278994E+00   0.2374437E+03
  0.1358333333333E+02   0.2536150E+01  -0.1143183E-14   0.2884523E+02  -0.7645146E-01  -0.5464379E-16  -0.1330163E+00   0.2374484E+03
  0.1362500000000E+02   0.2536150E+01  -0.2428613E-15   0.2883404E+02  -0.7645146E-01  -0.4336809E-16  -0.1373206E+00   0.2374527E+03
  0.1366666666667E+02   0.2536150E+01   0.7632783E-16   0.2881768E+02  -0.7645146E-01  -0.1214306E-16  -0.1407773E+00   0.2374569E+03
  0.1370833333333E+02   0.2536150E+01  -0.2445960E-15   0.2880140E+02  -0.7645146E-01  -0.2515349E-16  -0.1435180E+00   0.2374607E+03
  0.1375000000000E+02   0.2536150E+01  -0.4597017E-15   0.2878568E+02  -0.7645146E-01   0.3816392E-16  -0.1457571E+00   0.2374645E+03
  0.1379166666667E+02   0.2536150E+01  -0.1212572E-14   0.2877028E+02  -0.7645146E-01  -0.9714451E-16  -0.1479141E+00   0.2374681E+03
  0.1383333333333E+02   0.2536150E+01  -0.7303186E-15   0.2875539E+02  -0.7645146E-01  -0.9801188E-16  -0.1504526E+00   0.2374713E+03
  0.1387500000000E+02   0.2536150E+01  -0.1769418E-15   0.2874160E+02  -0.7645146E-01  -0.6852158E-16  -0.1537067E+00   0.2374737E+03
  0.1391666666667E+02   0.2536150E+01  -0.3209238E-15   0.2872953E+02  -0.7645146E-01  -0.1353084E-15  -0.1577729E+00   0.2374752E+03
  0.1395833333333E+02   0.2536150E+01  -0.6054185E-15   0.2871934E+02  -0.7645146E-01   0.8933826E-16  -0.1625353E+00   0.2374763E+03
  0.1400000000000E+02   0.2536150E+01   0.4874573E-15   0.2871077E+02  -0.7645146E-01   0.2515349E-16  -0.1677810E+00   0.2374774E+03
  0.1404166666667E+02   0.2536150E+01  -0.5091413E-15   0.2870337E+02  -0.7645146E-01   0.2602085E-17  -0.1733284E+00   0.2374788E+03
  0.1408333333333E+02   0.2536150E+01  -0.1301043E-15   0.2869679E+02  -0.7645146E-01   0.5898060E-16  -0.1790819E+00   0.2374803E+03
  0.1412500000000E+02   0.2536150E+01  -0.5715914E-15   0.2869099E+02  -0.7645146E-01   0.4770490E-16  -0.1849939E+00   0.2374817E+03
  0.1416666666667E+02   0.2536150E+01  -0.9818535E-15   0.2868607E+02  -0.7645146E-01  -0.1040834E-15  -0.1909890E+00   0.2374829E+03
  0.1420833333333E+02   0.2536150E+01  -0.9601694E-15   0.2868222E+02  -0.7645146E-01  -0.1431147E-15  -0.1969294E+00   0.2374838E+03
  0.1425000000000E+02   0.2536150E+01  -0.1076396E-14   0.2867950E+02  -0.7645146E-01  -0.8847090E-16  -0.2026536E+00   0.2374846E+03
  0.1429166666667E+02   0.2536150E+01  -0.4865899E-15   0.2867790E+02  -0.7645146E-01  -0.1040834E-16  -0.2080492E+00   0.2374851E+03
  0.1433333333333E+02   0.2536150E+01  -0.1118897E-14   0.2867736E+02  -0.7645146E-01  -0.1882175E-15  -0.2131012E+00   0.2374853E+03
  0.1437500000000E+02   0.2536150E+01  -0.9176687E-15   0.2867788E+02  -0.7645146E-01  -0.1474515E-15  -0.2178840E+00   0.2374849E+03
  0.1441666666667E+02   0.2536150E+01  -0.9189698E-15   0.2867954E+02  -0.7645146E-01  -0.2203099E-15  -0.2225144E+00   0.2374838E+03
  0.1445833333333E+02   0.2536150E+01  -0.1113259E-14   0.2868244E+02  -0.7645146E-01  -0.8673617E-16  -0.2271036E+00   0.2374818E+03
  0.1450000000000E+02   0.2536150E+01  -0.3942159E-15   0.2868665E+02  -0.7645146E-01   0.3989864E-16  -0.2317292E+00   0.2374793E+03
  0.1454166666667E+02   0.2536150E+01  -0.7593752E-15   0.2869212E+02  -0.7645146E-01  -0.3469447E-16  -0.2364277E+00   0.2374764E+03
  0.1458333333333E+02   0.2536150E+01  -0.5759282E-15   0.2869867E+02  -0.7645146E-01   0.5377643E-16  -0.2411934E+00   0.2374733E+03
  0.1462500000000E+02   0.2536150E+01  -0.7476658E-15   0.2870607E+02  -0.7645146E-01  -0.9454243E-16  -0.2459775E+00   0.2374701E+03
  0.1466666666667E+02   0.2536150E+01  -0.1276323E-14   0.2871410E+02  -0.7645146E-01  -0.1144917E-15  -0.2506863E+00   0.2374670E+03
  0.1470833333333E+02   0.2536150E+01  -0.1300175E-14   0.2872248E+02  -0.7645146E-01  -0.3642919E-16  -0.2551776E+00   0.2374638E+03
  0.1475000000000E+02   0.2536150E+01   0.4466913E-16   0.2873082E+02  -0.7645146E-01   0.5030698E-16  -0.2592622E+00   0.2374609E+03
  0.1479166666667E+02   0.2536150E+01  -0.5351622E-15   0.2873855E+02  -0.7645146E-01  -0.3295975E-16  -0.2627137E+00   0.2374584E+03
  0.1483333333333E+02   0.2536150E+01  -0.1406861E-14   0.2874501E+02  -0.7645146E-01  -0.1266348E-15  -0.2652915E+00   0.2374566E+03
  0.1487500000000E+02   0.2536150E+01   0.9063930E-16   0.2874962E+02  -0.7645146E-01   0.1249001E-15  -0.2667708E+00   0.2374554E+03
  0.1491666666667E+02   0.2536150E+01  -0.1085503E-14   0.2875202E+02  -0.7645146E-01   0.6938894E-16  -0.2669685E+00   0.2374550E+03
  0.1495833333333E+02   0.2536150E+01  -0.1150989E-14   0.2875215E+02  -0.7645146E-01   0.3816392E-16  -0.2657572E+00   0.2374552E+03
  0.1500000000000E+02   0.2536150E+01  -0.7376912E-15   0.2875015E+02  -0.7645146E-01   0.7806256E-16  -0.2630722E+00   0.2374561E+03
  0.1504166666667E+02   0.2536150E+01  -0.9844556E-15   0.2874635E+02  -0.7645146E-01  -0.1960238E-15  -0.2589203E+00   0.2374575E+03
  0.1508333333333E+02   0.2536150E+01  -0.1493163E-14   0.2874110E+02  -0.7645146E-01  -0.1925543E-15  -0.2533941E+00   0.2374592E+03
  0.1512500000000E+02   0.2536150E+01  -0.4770490E-15   0.2873481E+02  -0.7645146E-01   0.1561251E-16  -0.2466838E+00   0.2374612E+03
  0.1516666666667E+02   0.2536150E+01  -0.8625912E-15   0.2872788E+02  -0.7645146E-01  -0.1231654E-15  -0.2390721E+00   0.2374632E+03
  0.1520833333333E+02   0.2536150E+01  -0.3295975E-15   0.2872070E+02  -0.7645146E-01  -0.2046974E-15  -0.2309111E+00   0.2374650E+03
  0.1525000000000E+02   0.2536150E+01   0.1235990E-16   0.2871363E+02  -0.7645146E-01  -0.9540979E-16  -0.2225913E+00   0.2374664E+03
  0.1529166666667E+02   0.2536150E+01  -0.8304989E-16   0.2870702E+02  -0.7645146E-01   0.1908196E-16  -0.2145127E+00   0.2374673E+03
  0.1533333333333E+02   0.2536150E+01  -0.9374012E-15   0.2870118E+02  -0.7645146E-01  -0.5724587E-16  -0.2070638E+00   0.2374676E+03
  0.1537500000000E+02   0.2536150E+01  -0.1655794E-14   0.2869644E+02  -0.7645146E-01  -0.1786765E-15  -0.2006001E+00   0.2374671E+03
  0.1541666666667E+02   0.2536150E+01  -0.9777335E-15   0.2869307E+02  -0.7645146E-01   0.9194034E-16  -0.1954209E+00   0.2374660E+03
  0.1545833333333E+02   0.2536150E+01  -0.4642554E-15   0.2869125E+02  -0.7645146E-01  -0.2949030E-16  -0.1917471E+00   0.2374642E+03
  0.1550000000000E+02   0.2536150E+01  -0.7832276E-15   0.2869104E+02  -0.7645146E-01  -0.3989864E-16  -0.1897065E+00   0.2374619E+03
  0.1554166666667E+02   0.2536150E+01  -0.7849624E-15   0.2869236E+02  -0.7645146E-01  -0.1040834E-16  -0.1893323E+00   0.2374593E+03
  0.1558333333333E+02   0.2536150E+01  -0.5815660E-15   0.2869505E+02  -0.7645146E-01   0.2949030E-16  -0.1905653E+00   0.2374566E+03
  0.1562500000000E+02   0.2536150E+01  -0.8899131E-15   0.2869887E+02  -0.7645146E-01  -0.5551115E-16  -0.1932553E+00   0.2374539E+03
  0.1566666666667E+02   0.2536150E+01  -0.7840950E-15   0.2870353E+02  -0.7645146E-01  -0.1561251E-16  -0.1971628E+00   0.2374514E+03
  0.1570833333333E+02   0.2536150E+01  -0.3298143E-15   0.2870873E+02  -0.7645146E-01  -0.3469447E-17  -0.2019658E+00   0.2374492E+03
  0.1575000000000E+02   0.2536150E+01  -0.1330533E-14   0.2871416E+02  -0.7645146E-01  -0.4336809E-16  -0.2072814E+00   0.2374474E+03
  0.1579166666667E+02   0.2536150E+01  -0.8515324E-15   0.2871950E+02  -0.7645146E-01   0.2949030E-16  -0.2127003E+00   0.2374461E+03
  0.1583333333333E+02   0.2536150E+01  -0.3733992E-15   0.2872443E+02  -0.7645146E-01   0.1214306E-15  -0.2178253E+00   0.2374453E+03
  0.1587500000000E+02   0.2536150E+01  -0.8328841E-15   0.2872860E+02  -0.7645146E-01  -0.1908196E-16  -0.2223071E+00   0.2374451E+03
  0.1591666666667E+02   0.2536150E+01  -0.8152116E-15   0.2873167E+02  -0.7645146E-01  -0.9194034E-16  -0.2258706E+00   0.2374454E+03
  0.1595833333333E+02   0.2536150E+01  -0.1246345E-14   0.2873334E+02  -0.7645146E-01  -0.2029626E-15  -0.2283355E+00   0.2374462E+03
  0.1600000000000E+02   0.2536150E+01   0.1597030E-15   0.2873334E+02  -0.7645146E-01  -0.1040834E-15  -0.2296281E+00   0.2374475E+03
  0.1604166666667E+02   0.2536150E+01  -0.7394259E-15   0.2873159E+02  -0.7645146E-01  -0.9887924E-16  -0.2297881E+00   0.2374490E+03
  0.1608333333333E+02   0.2536150E+01  -0.9061762E-15   0.2872814E+02  -0.7645146E-01  -0.3469447E-17  -0.2289656E+00   0.2374508E+03
  0.1612500000000E+02   0.2536150E+01   0.3512815E-16   0.2872323E+02  -0.7645146E-01   0.4163336E-16  -0.2274106E+00   0.2374526E+03
  0.1616666666667E+02   0.2536150E+01  -0.1159446E-14   0.2871727E+02  -0.7645146E-01  -0.5204170E-16  -0.2254548E+00   0.2374544E+03
  0.1620833333333E+02   0.2536150E+01  -0.4536302E-15   0.2871076E+02  -0.7645146E-01  -0.1405126E-15  -0.2234873E+00   0.2374561E+03
  0.1625000000000E+02   0.2536150E+01  -0.6012985E-15   0.2870419E+02  -0.7645146E-01  -0.6245005E-16  -0.2219231E+00   0.2374577E+03
  0.1629166666667E+02   0.2536150E+01  -0.1308632E-14   0.2869805E+02  -0.7645146E-01  -0.1526557E-15  -0.2211652E+00   0.2374590E+03
  0.1633333333333E+02   0.2536150E+01  -0.1035630E-14   0.2869267E+02  -0.7645146E-01   0.9194034E-16  -0.2215636E+00   0.2374600E+03
  0.1637500000000E+02   0.2536150E+01  -0.6751327E-15   0.2868827E+02  -0.7645146E-01   0.6245005E-16  -0.2233746E+00   0.2374607E+03
  0.1641666666667E+02   0.2536150E+01  -0.7450637E-15   0.2868496E+02  -0.7645146E-01  -0.4510281E-16  -0.2267278E+00   0.2374612E+03
  0.1645833333333E+02   0.2536150E+01  -0.1160151E-14   0.2868273E+02  -0.7645146E-01  -0.1144917E-15  -0.2316053E+00   0.2374615E+03
  0.1650000000000E+02   0.2536150E+01  -0.7176876E-15   0.2868152E+02  -0.7645146E-01  -0.1006140E-15  -0.2378385E+00   0.2374615E+03
  0.1654166666667E+02   0.2536150E+01  -0.7215094E-15   0.2868125E+02  -0.7645146E-01  -0.1353084E-15  -0.2451216E+00   0.2374613E+03
  0.1658333333333E+02   0.2536150E+01  -0.4495102E-15   0.2868181E+02  -0.7645146E-01  -0.8153200E-16  -0.2530432E+00   0.2374609E+03
  0.1662500000000E+02   0.2536150E+01  -0.2736526E-15   0.2868310E+02  -0.7645146E-01  -0.8673617E-16  -0.2611286E+00   0.2374604E+03
  0.1666666666667E+02   0.2536150E+01  -0.5791808E-15   0.2868498E+02  -0.7645146E-01   0.4510281E-16  -0.2688882E+00   0.2374599E+03
  0.1670833333333E+02   0.2536150E+01  -0.3113829E-15   0.2868723E+02  -0.7645146E-01  -0.7632783E-16  -0.2758610E+00   0.2374593E+03
  0.1675000000000E+02   0.2536150E+01  -0.5338611E-15   0.2868963E+02  -0.7645146E-01   0.1734723E-16  -0.2816498E+00   0.2374586E+03
  0.1679166666667E+02   0.2536150E+01  -0.1921206E-15   0.2869185E+02  -0.7645146E-01  -0.3122502E-16  -0.2859442E+00   0.2374580E+03
  0.1683333333333E+02   0.2536150E+01  -0.1028691E-14   0.2869356E+02  -0.7645146E-01   0.9194034E-16  -0.2885333E+00   0.2374575E+03
  0.1687500000000E+02   0.2536150E+01  -0.4826868E-15   0.2869444E+02  -0.7645146E-01   0.2428613E-16  -0.2893107E+00   0.2374569E+03
  0.1691666666667E+02   0.2536150E+01  -0.7979728E-15   0.2869419E+02  -0.7645146E-01   0.5551115E-16  -0.2882735E+00   0.2374564E+03
  0.1695833333333E+02   0.2536150E+01  -0.2333203E-15   0.2869263E+02  -0.7645146E-01  -0.8153200E-16  -0.2855141E+00   0.2374558E+03
  0.1700000000000E+02   0.2536150E+01  -0.6713380E-15   0.2868967E+02  -0.7645146E-01  -0.5204170E-17  -0.2812073E+00   0.2374553E+03
  0.1704166666667E+02   0.2536150E+01  -0.1365661E-14   0.2868537E+02  -0.7645146E-01  -0.3295975E-16  -0.2755907E+00   0.2374547E+03
  0.1708333333333E+02   0.2536150E+01  -0.1535664E-14   0.2867990E+02  -0.7645146E-01  -0.8326673E-16  -0.2689433E+00   0.2374541E+03
  0.1712500000000E+02   0.2536150E+01   0.7589415E-16   0.2867355E+02  -0.7645146E-01  -0.4683753E-16  -0.2615653E+00   0.2374536E+03
  0.1716666666667E+02   0.2536150E+01  -0.7155734E-15   0.2866664E+02  -0.7645146E-01  -0.2255141E-16  -0.2537607E+00   0.2374531E+03
  0.1720833333333E+02   0.2536150E+01  -0.6162605E-15   0.2865952E+02  -0.7645146E-01  -0.1405126E-15  -0.2458254E+00   0.2374526E+03
  0.1725000000000E+02   0.2536150E+01  -0.8331009E-15   0.2865253E+02  -0.7645146E-01  -0.2046974E-15  -0.2380374E+00   0.2374521E+03
  0.1729166666667E+02   0.2536150E+01  -0.8946836E-15   0.2864595E+02  -0.7645146E-01  -0.8847090E-16  -0.2306482E+00   0.2374516E+03
  0.1733333333333E+02   0.2536150E+01  -0.4054916E-15   0.2863996E+02  -0.7645146E-01  -0.1214306E-15  -0.2238733E+00   0.2374509E+03
  0.1737500000000E+02   0.2536150E+01  -0.8664944E-15   0.2863469E+02  -0.7645146E-01  -0.1717376E-15  -0.2178828E+00   0.2374501E+03
  0.1741666666667E+02   0.2536150E+01  -0.7021293E-15   0.2863014E+02  -0.7645146E-01   0.1561251E-16  -0.2127947E+00   0.2374490E+03
  0.1745833333333E+02   0.2536150E+01  -0.1425075E-14   0.2862627E+02  -0.7645146E-01  -0.2445960E-15  -0.2086726E+00   0.2374478E+03
  0.1750000000000E+02   0.2536150E+01  -0.4744469E-15   0.2862296E+02  -0.7645146E-01  -0.4163336E-16  -0.2055306E+00   0.2374466E+03
  0.1754166666667E+02   0.2536150E+01  -0.1510077E-14   0.2862009E+02  -0.7645146E-01  -0.6591949E-16  -0.2033438E+00   0.2374453E+03
  0.1758333333333E+02   0.2536150E+01  -0.5646525E-15   0.2861752E+02  -0.7645146E-01  -0.1214306E-16  -0.2020624E+00   0.2374442E+03
  0.1762500000000E+02   0.2536150E+01  -0.1179612E-15   0.2861515E+02  -0.7645146E-01   0.9540979E-16  -0.2016243E+00   0.2374432E+03
  0.1766666666667E+02   0.2536150E+01   0.9367507E-16   0.2861293E+02  -0.7645146E-01   0.1266348E-15  -0.2019633E+00   0.2374423E+03
  0.1770833333333E+02   0.2536150E+01  -0.8044780E-15   0.2861087E+02  -0.7645146E-01  -0.9194034E-16  -0.2030102E+00   0.2374414E+03
  0.1775000000000E+02   0.2536150E+01   0.1066855E-15   0.2860902E+02  -0.7645146E-01   0.1561251E-16  -0.2046887E+00   0.2374406E+03
  0.1779166666667E+02   0.2536150E+01  -0.6717717E-15   0.2860749E+02  -0.7645146E-01  -0.1387779E-16  -0.2069106E+00   0.2374397E+03
  0.1783333333333E+02   0.2536150E+01  -0.7285839E-15   0.2860639E+02  -0.7645146E-01   0.1144917E-15  -0.2095736E+00   0.2374388E+03
  0.1787500000000E+02   0.2536150E+01  -0.1119330E-14   0.2860579E+02  -0.7645146E-01   0.1006140E-15  -0.2125647E+00   0.2374378E+03
  0.1791666666667E+02   0.2536150E+01  -0.7480995E-15   0.2860575E+02  -0.7645146E-01   0.3642919E-16  -0.2157688E+00   0.2374367E+03
  0.1795833333333E+02   0.2536150E+01   0.1704366E-15   0.2860625E+02  -0.7645146E-01  -0.3989864E-16  -0.2190804E+00   0.2374355E+03
  0.1800000000000E+02   0.2536150E+01  -0.1019150E-14   0.2860722E+02  -0.7645146E-01  -0.1196959E-15  -0.2224139E+00   0.2374343E+03
  0.1804166666667E+02   0.2536150E+01  -0.5984796E-15   0.2860854E+02  -0.7645146E-01  -0.1439820E-15  -0.2257105E+00   0.2374331E+03
  0.1808333333333E+02   0.2536150E+01  -0.1205633E-14   0.2861008E+02  -0.7645146E-01  -0.1561251E-15  -0.2289412E+00   0.2374320E+03
  0.1812500000000E+02   0.2536150E+01  -0.1420739E-14   0.2861171E+02  -0.7645146E-01  -0.2185752E-15  -0.2321053E+00   0.2374310E+03
  0.1816666666667E+02   0.2536150E+01  -0.9315465E-15   0.2861332E+02  -0.7645146E-01  -0.1301043E-15  -0.2352253E+00   0.2374302E+03
  0.1820833333333E+02   0.2536150E+01  -0.2072995E-15   0.2861484E+02  -0.7645146E-01   0.1942890E-15  -0.2383406E+00   0.2374295E+03
  0.1825000000000E+02   0.2536150E+01  -0.4813858E-15   0.2861629E+02  -0.7645146E-01  -0.1222980E-15  -0.2414992E+00   0.2374289E+03
  0.1829166666667E+02   0.2536150E+01  -0.1059049E-14   0.2861770E+02  -0.7645146E-01  -0.6591949E-16  -0.2447498E+00   0.2374284E+03
  0.1833333333333E+02   0.2536150E+01  -0.4475587E-15   0.2861915E+02  -0.7645146E-01  -0.1049508E-15  -0.2481339E+00   0.2374279E+03
  0.1837500000000E+02   0.2536150E+01  -0.5542442E-15   0.2862073E+02  -0.7645146E-01  -0.1084202E-15  -0.2516786E+00   0.2374274E+03
  0.1841666666667E+02   0.2536150E+01  -0.1049074E-14   0.2862251E+02  -0.7645146E-01  -0.1084202E-15  -0.2553909E+00   0.2374269E+03
  0.1845833333333E+02   0.2536150E+01  -0.9168014E-15   0.2862454E+02  -0.7645146E-01  -0.5290907E-16  -0.2592536E+00   0.2374264E+03
  0.1850000000000E+02   0.2536150E+01  -0.7428953E-15   0.2862681E+02  -0.7645146E-01  -0.1275022E-15  -0.2632252E+00   0.2374260E+03
  0.1854166666667E+02   0.2536150E+01  -0.7520026E-15   0.2862925E+02  -0.7645146E-01  -0.1639314E-15  -0.2672428E+00   0.2374255E+03
  0.1858333333333E+02   0.2536150E+01  -0.4293441E-15   0.2863176E+02  -0.7645146E-01  -0.3556183E-16  -0.2712277E+00   0.2374252E+03
  0.1862500000000E+02   0.2536150E+01  -0.3855423E-15   0.2863419E+02  -0.7645146E-01  -0.1266348E-15  -0.2750922E+00   0.2374250E+03
  0.1866666666667E+02   0.2536150E+01  -0.1522220E-15   0.2863638E+02  -0.7645146E-01   0.7459311E-16  -0.2787468E+00   0.2374250E+03
  0.1870833333333E+02   0.2536150E+01  -0.5160802E-15   0.2863821E+02  -0.7645146E-01  -0.6071532E-17  -0.2821067E+00   0.2374250E+03
  0.1875000000000E+02   0.2536150E+01  -0.5715914E-15   0.2863956E+02  -0.7645146E-01   0.1153591E-15  -0.2850965E+00   0.2374253E+03
  0.1879166666667E+02   0.2536150E+01  -0.1603752E-14   0.2864041E+02  -0.7645146E-01  -0.1222980E-15  -0.2876549E+00   0.2374257E+03
  0.1883333333333E+02   0.2536150E+01  -0.1110223E-14   0.2864076E+02  -0.7645146E-01  -0.3087808E-15  -0.2897377E+00   0.2374262E+03
  0.1887500000000E+02   0.2536150E+01  -0.8712649E-15   0.2864067E+02  -0.7645146E-01  -0.9540979E-16  -0.2913190E+00   0.2374268E+03
  0.1891666666667E+02   0.2536150E+01  -0.1645385E-14   0.2864025E+02  -0.7645146E-01  -0.2029626E-15  -0.2923913E+00   0.2374274E+03
  0.1895833333333E+02   0.2536150E+01  -0.1091141E-14   0.2863959E+02  -0.7645146E-01  -0.2723516E-15  -0.2929632E+00   0.2374281E+03
  0.1900000000000E+02   0.2536150E+01  -0.6531234E-15   0.2863879E+02  -0.7645146E-01  -0.2428613E-16  -0.2930556E+00   0.2374288E+03
  0.1904166666667E+02   0.2536150E+01  -0.1526557E-15   0.2863791E+02  -0.7645146E-01   0.7112366E-16  -0.2926971E+00   0.2374294E+03
  0.1908333333333E+02   0.2536150E+01  -0.9475927E-15   0.2863698E+02  -0.7645146E-01  -0.4943962E-16  -0.2919196E+00   0.2374301E+03
  0.1912500000000E+02   0.2536150E+01  -0.3107323E-15   0.2863600E+02  -0.7645146E-01   0.1908196E-16  -0.2907550E+00   0.2374307E+03
  0.1916666666667E+02   0.2536150E+01  -0.8040443E-15   0.2863497E+02  -0.7645146E-01   0.9627715E-16  -0.2892353E+00   0.2374314E+03
  0.1920833333333E+02   0.2536150E+01  -0.7936360E-15   0.2863385E+02  -0.7645146E-01  -0.1214306E-16  -0.2873934E+00   0.2374321E+03
  0.1925000000000E+02   0.2536150E+01  -0.7749877E-15   0.2863263E+02  -0.7645146E-01   0.6938894E-17  -0.2852664E+00   0.2374327E+03
  0.1929166666667E+02   0.2536150E+01  -0.1621099E-14   0.2863127E+02  -0.7645146E-01  -0.8500145E-16  -0.2828994E+00   0.2374334E+03
  0.1933333333333E+02   0.2536150E+01  -0.1261578E-14   0.2862979E+02  -0.7645146E-01   0.5204170E-16  -0.2803468E+00   0.2374339E+03
  0.1937500000000E+02   0.2536150E+01  -0.5416674E-15   0.2862818E+02  -0.7645146E-01   0.1734723E-16  -0.2776715E+00   0.2374345E+03
  0.1941666666667E+02   0.2536150E+01   0.6310057E-16   0.2862645E+02  -0.7645146E-01   0.1916869E-15  -0.2749417E+00   0.2374349E+03
  0.1945833333333E+02   0.2536150E+01   0.2749537E-15   0.2862465E+02  -0.7645146E-01   0.9627715E-16  -0.2722256E+00   0.2374353E+03
  0.1950000000000E+02   0.2536150E+01  -0.3308985E-15   0.2862279E+02  -0.7645146E-01  -0.6418477E-16  -0.2695850E+00   0.2374357E+03
  0.1954166666667E+02   0.2536150E+01  -0.4748806E-15   0.2862093E+02  -0.7645146E-01  -0.3122502E-16  -0.2670712E+00   0.2374361E+03
  0.1958333333333E+02   0.2536150E+01  -0.7572068E-15   0.2861910E+02  -0.7645146E-01  -0.6245005E-16  -0.2647215E+00   0.2374365E+03
  0.1962500000000E+02   0.2536150E+01  -0.9397864E-15   0.2861737E+02  -0.7645146E-01  -0.7632783E-16  -0.2625583E+00   0.2374369E+03
  0.1966666666667E+02   0.2536150E+01  -0.1249543E-14   0.2861575E+02  -0.7645146E-01  -0.2775558E-16  -0.2605900E+00   0.2374373E+03
  0.1970833333333E+02   0.2536150E+01  -0.1108597E-14   0.2861427E+02  -0.7645146E-01  -0.2072995E-15  -0.2588121E+00   0.2374377E+03
  0.1975000000000E+02   0.2536150E+01  -0.8788543E-15   0.2861294E+02  -0.7645146E-01  -0.8673617E-18  -0.2572098E+00   0.2374382E+03
  0.1979166666667E+02   0.2536150E+01  -0.7311317E-15   0.2861173E+02  -0.7645146E-01   0.4857226E-16  -0.2557600E+00   0.2374386E+03
  0.1983333333333E+02   0.2536150E+01  -0.2791821E-15   0.2861062E+02  -0.7645146E-01   0.3989864E-16  -0.2544343E+00   0.2374389E+03
  0.1987500000000E+02   0.2536150E+01  -0.3344764E-16   0.2860957E+02  -0.7645146E-01   0.6938894E-17  -0.2532024E+00   0.2374392E+03
  0.1991666666667E+02   0.2536150E+01  -0.1312481E-14   0.2860857E+02  -0.7645146E-01  -0.1856154E-15  -0.2520362E+00   0.2374395E+03
  0.1995833333333E+02   0.2536150E+01  -0.1392847E-14   0.2860759E+02  -0.7645146E-01  -0.8326673E-16  -0.2509146E+00   0.2374397E+03
  0.2000000000000E+02   0.2536150E+01  -0.1145866E-14   0.2860666E+02  -0.7645146E-01  -0.1734723E-15  -0.2498263E+00   0.2374399E+03
