 # Project=San-Ti                        
 # Author=Sophon                        
 # date =  9/22/2026 13:57:33
 # code = EQdyna
 # element_size =   500.00000000000000     
 # time_step =  0.0417  s
 # num_time_steps =   480
 # Time series in 11 columns in format E15.7
 # Column #1 = Time (s)
 # Column #2 = horizontal slip (m)
 # Column #3 = horizontal slip rate (m/s)
 # Column #4 = horizontal shear stress (MPa)
 # Column #5 = down-dip slip (m)
 # Column #6 = down-dip slip rate (m/s)
 # Column #7 = down-dip shear stress (MPa)
 # Column #8 = normal stress (MPa)
 # The line below lists the names of the data fields:
 t h-slip h-slip-rate h-shear-stress v-slip v-slip-rate v-shear-stress n-stress
  0.4166666666667E-01   0.0000000E+00   0.0000000E+00   0.8651650E+00  -0.0000000E+00  -0.0000000E+00   0.8304799E-01   0.4166168E+01
  0.8333333333333E-01  -0.1590331E-18  -0.3816796E-17   0.8641409E+00  -0.0000000E+00  -0.8673617E-18   0.7549381E-01   0.4142991E+01
  0.1250000000000E+00  -0.8160104E-18  -0.1576720E-16   0.8630384E+00  -0.7589415E-18  -0.1908196E-16   0.6718417E-01   0.4117924E+01
  0.1666666666667E+00  -0.1706043E-17  -0.2136090E-16   0.8626100E+00  -0.1951564E-17  -0.3122502E-16   0.6367664E-01   0.4108193E+01
  0.2083333333333E+00  -0.1780463E-17  -0.1785545E-17   0.8629204E+00  -0.1301043E-17   0.1301043E-16   0.6575831E-01   0.4115815E+01
  0.2500000000000E+00  -0.3086032E-17  -0.3133471E-16   0.8634205E+00  -0.1517883E-17  -0.3469447E-17   0.6977713E-01   0.4128891E+01
  0.2916666666667E+00  -0.3178915E-17  -0.2231932E-17   0.8635257E+00  -0.1301043E-17   0.3469447E-17   0.7158076E-01   0.4134304E+01
  0.3333333333333E+00  -0.3510952E-17  -0.7970580E-17   0.8631122E+00  -0.1734723E-17  -0.1040834E-16   0.7008725E-01   0.4128987E+01
  0.3750000000000E+00  -0.3944209E-17  -0.1039479E-16   0.8625192E+00  -0.1734723E-17  -0.5204170E-17   0.6747735E-01   0.4120273E+01
  0.4166666666667E+00  -0.4789971E-17  -0.2030169E-16   0.8621520E+00  -0.2168404E-17  -0.1734723E-16   0.6648306E-01   0.4117027E+01
  0.4583333333333E+00  -0.5216876E-17  -0.1025587E-16   0.8621193E+00  -0.2602085E-17  -0.1734723E-17   0.6774294E-01   0.4121213E+01
  0.5000000000000E+00  -0.4712044E-17   0.1212612E-16   0.8622235E+00  -0.3035766E-17  -0.1040834E-16   0.6960328E-01   0.4127421E+01
  0.5416666666667E+00  -0.4673081E-17   0.9440182E-18   0.8622394E+00  -0.3035766E-17   0.5204170E-17   0.7009404E-01   0.4129315E+01
  0.5833333333333E+00  -0.4809453E-17  -0.3262771E-17   0.8621622E+00  -0.2602085E-17  -0.1040834E-16   0.6885611E-01   0.4125794E+01
  0.6250000000000E+00  -0.5545948E-17  -0.1768266E-16   0.8621831E+00  -0.2602085E-17  -0.1040834E-16   0.6722512E-01   0.4121136E+01
  0.6666666666667E+00  -0.5852998E-17  -0.7362410E-17   0.8624490E+00  -0.3469447E-17  -0.0000000E+00   0.6670225E-01   0.4120022E+01
  0.7083333333333E+00  -0.5952101E-17  -0.2378469E-17   0.8628662E+00  -0.3469447E-17  -0.6071532E-17   0.6751932E-01   0.4122983E+01
  0.7500000000000E+00  -0.7247849E-17  -0.3110644E-16   0.8631466E+00  -0.3469447E-17  -0.1734723E-16   0.6863700E-01   0.4126544E+01
  0.7916666666667E+00  -0.7140064E-17   0.2581756E-17   0.8630489E+00  -0.4336809E-17  -0.1040834E-16   0.6894259E-01   0.4127199E+01
  0.8333333333333E+00  -0.7023597E-17   0.2812149E-17   0.8625912E+00  -0.5204170E-17  -0.3469447E-17   0.6831427E-01   0.4124814E+01
  0.8750000000000E+00  -0.7850301E-17  -0.1980363E-16   0.8620480E+00  -0.5204170E-17   0.1561251E-16   0.6756106E-01   0.4122268E+01
  0.9166666666667E+00  -0.7952369E-17  -0.2453431E-17   0.8617515E+00  -0.6071532E-17  -0.2081668E-16   0.6748174E-01   0.4122207E+01
  0.9583333333333E+00  -0.8185726E-17  -0.5593806E-17   0.8618726E+00  -0.6071532E-17  -0.0000000E+00   0.6809290E-01   0.4124484E+01
  0.1000000000000E+01  -0.9273740E-17  -0.2612927E-16   0.8623523E+00  -0.6938894E-17  -0.7806256E-17   0.6874690E-01   0.4126644E+01
  0.1041666666667E+01  -0.9754855E-17  -0.1153320E-16   0.8629976E+00  -0.6938894E-17   0.1214306E-16   0.6888340E-01   0.4126607E+01
  0.1083333333333E+01  -0.9319904E-17   0.1042867E-16   0.8636287E+00  -0.8673617E-17  -0.9540979E-17   0.6857671E-01   0.4124620E+01
  0.1125000000000E+01  -0.1003988E-16  -0.1729641E-16   0.8641531E+00  -0.1040834E-16  -0.1127570E-16   0.6836399E-01   0.4122720E+01
  0.1166666666667E+01  -0.1006529E-16  -0.5776765E-18   0.8645440E+00  -0.1040834E-16   0.1734723E-17   0.6862402E-01   0.4122535E+01
  0.1208333333333E+01  -0.1058706E-16  -0.1254795E-16   0.8647875E+00  -0.1040834E-16  -0.8673617E-17   0.6918835E-01   0.4123797E+01
  0.1250000000000E+01  -0.1050575E-16   0.1960034E-17   0.8648676E+00  -0.1040834E-16  -0.1561251E-16   0.6954943E-01   0.4124889E+01
  0.1291666666667E+01  -0.1030331E-16   0.4851805E-17   0.8647941E+00  -0.1040834E-16  -0.1734723E-16   0.6939144E-01   0.4124616E+01
  0.1333333333333E+01  -0.1057775E-16  -0.6586528E-17   0.8646247E+00  -0.1387779E-16  -0.1734723E-16   0.6888007E-01   0.4123307E+01
  0.1375000000000E+01  -0.1053709E-16   0.9825582E-18   0.8644455E+00  -0.1214306E-16  -0.1301043E-16   0.6845145E-01   0.4122269E+01
  0.1416666666667E+01  -0.1118253E-16  -0.1545666E-16   0.8643241E+00  -0.1214306E-16  -0.4336809E-17   0.6836561E-01   0.4122373E+01
  0.1458333333333E+01  -0.1156031E-16  -0.9019207E-17   0.8642792E+00  -0.1387779E-16  -0.1734723E-16   0.6848985E-01   0.4123257E+01
  0.1500000000000E+01  -0.1196519E-16  -0.9805253E-17   0.8642916E+00  -0.1387779E-16   0.4336809E-17   0.6849538E-01   0.4123871E+01
  0.1541666666667E+01  -0.1283086E-16  -0.2072181E-16   0.8643355E+00  -0.1214306E-16  -0.1040834E-16   0.6822143E-01   0.4123616E+01
  0.1583333333333E+01  -0.1355253E-16  -0.1735401E-16   0.8643944E+00  -0.1387779E-16  -0.2775558E-16   0.6782674E-01   0.4122877E+01
  0.1625000000000E+01  -0.1412089E-16  -0.1361351E-16   0.8644505E+00  -0.1387779E-16  -0.2602085E-17   0.6760434E-01   0.4122499E+01
  0.1666666666667E+01  -0.1445970E-16  -0.8158621E-17   0.8644671E+00  -0.1387779E-16  -0.4336809E-17   0.6768294E-01   0.4122858E+01
  0.1708333333333E+01  -0.1450078E-16  -0.9893345E-18   0.8643941E+00  -0.1214306E-16   0.2602085E-17   0.6792273E-01   0.4123511E+01
  0.1750000000000E+01  -0.1577768E-16  -0.3065582E-16   0.8641955E+00  -0.1214306E-16   0.6938894E-17   0.6808444E-01   0.4123711E+01
  0.1791666666667E+01  -0.1616308E-16  -0.9283481E-17   0.8638773E+00  -0.1040834E-16  -0.8673617E-18   0.6807101E-01   0.4123188E+01
  0.1833333333333E+01  -0.1677803E-16  -0.1477225E-16   0.8634907E+00  -0.1387779E-16  -0.5204170E-17   0.6799394E-01   0.4122377E+01
  0.1875000000000E+01  -0.1677125E-16   0.9486769E-19   0.8631109E+00  -0.1387779E-16  -0.1127570E-16   0.6801995E-01   0.4121944E+01
  0.1916666666667E+01  -0.1765894E-16  -0.2118260E-16   0.8628118E+00  -0.1387779E-16   0.1734723E-17   0.6817817E-01   0.4122139E+01
  0.1958333333333E+01  -0.1914633E-16  -0.3577867E-16   0.8626494E+00  -0.1561251E-16  -0.2949030E-16   0.6832917E-01   0.4122623E+01
  0.2000000000000E+01  -0.2015261E-16  -0.2413705E-16   0.8626531E+00  -0.1908196E-16  -0.1387779E-16   0.6831620E-01   0.4122887E+01
  0.2041666666667E+01  -0.2103860E-16  -0.2116905E-16   0.8628124E+00  -0.1734723E-16  -0.6938894E-17   0.6813565E-01   0.4122759E+01
  0.2083333333333E+01  -0.2190258E-16  -0.2078958E-16   0.8630625E+00  -0.1734723E-16  -0.6071532E-17   0.6795710E-01   0.4122519E+01
  0.2125000000000E+01  -0.2259884E-16  -0.1673737E-16   0.8632835E+00  -0.1734723E-16  -0.1821460E-16   0.6798151E-01   0.4122536E+01
  0.2166666666667E+01  -0.2260816E-16  -0.2100642E-18   0.8633325E+00  -0.2081668E-16   0.1214306E-16   0.6827891E-01   0.4122878E+01
  0.2208333333333E+01  -0.2309181E-16  -0.1160096E-16   0.8631037E+00  -0.2081668E-16  -0.8673617E-18   0.6874986E-01   0.4123258E+01
  0.2250000000000E+01  -0.2403541E-16  -0.2263611E-16   0.8625879E+00  -0.1734723E-16  -0.1127570E-16   0.6922423E-01   0.4123353E+01
  0.2291666666667E+01  -0.2444537E-16  -0.9842523E-17   0.8618950E+00  -0.1734723E-16   0.1734723E-17   0.6958730E-01   0.4123117E+01
  0.2333333333333E+01  -0.2488668E-16  -0.1055742E-16   0.8612200E+00  -0.2081668E-16  -0.2081668E-16   0.6982074E-01   0.4122794E+01
  0.2375000000000E+01  -0.2522295E-16  -0.8077306E-17   0.8607667E+00  -0.1734723E-16   0.1734723E-17   0.6994803E-01   0.4122638E+01
  0.2416666666667E+01  -0.2511622E-16   0.2602085E-17   0.8606679E+00  -0.1734723E-16  -0.4336809E-17   0.6996611E-01   0.4122671E+01
  0.2458333333333E+01  -0.2526869E-16  -0.3686287E-17   0.8609424E+00  -0.2081668E-16  -0.2862294E-16   0.6984064E-01   0.4122694E+01
  0.2500000000000E+01  -0.2524158E-16   0.5963112E-18   0.8615052E+00  -0.2428613E-16  -0.2688821E-16   0.6956048E-01   0.4122532E+01
  0.2541666666667E+01  -0.2566849E-16  -0.1024571E-16   0.8622179E+00  -0.2081668E-16   0.2602085E-17   0.6918165E-01   0.4122222E+01
  0.2583333333333E+01  -0.2583789E-16  -0.4323256E-17   0.8629472E+00  -0.2081668E-16  -0.3469447E-17   0.6880575E-01   0.4121966E+01
  0.2625000000000E+01  -0.2598697E-16  -0.3455894E-17   0.8636054E+00  -0.2081668E-16  -0.5204170E-17   0.6851013E-01   0.4121916E+01
  0.2666666666667E+01  -0.2561428E-16   0.8971773E-17   0.8641609E+00  -0.2081668E-16  -0.1821460E-16   0.6829786E-01   0.4122020E+01
  0.2708333333333E+01  -0.2556684E-16   0.1206175E-17   0.8646266E+00  -0.2428613E-16  -0.9540979E-17   0.6811464E-01   0.4122095E+01
  0.2750000000000E+01  -0.2603440E-16  -0.1135702E-16   0.8650357E+00  -0.2081668E-16  -0.6071532E-17   0.6791301E-01   0.4122019E+01
  0.2791666666667E+01  -0.2610894E-16  -0.1761829E-17   0.8654124E+00  -0.2081668E-16  -0.4336809E-17   0.6770122E-01   0.4121863E+01
  0.2833333333333E+01  -0.2719653E-16  -0.2612927E-16   0.8657476E+00  -0.1734723E-16  -0.8673617E-17   0.6753431E-01   0.4121811E+01
  0.2875000000000E+01  -0.2865343E-16  -0.3504684E-16   0.8659910E+00  -0.2081668E-16  -0.1908196E-16   0.6746410E-01   0.4121973E+01
  0.2916666666667E+01  -0.2951402E-16  -0.2070487E-16   0.8660664E+00  -0.2081668E-16  -0.1734723E-17   0.6750020E-01   0.4122280E+01
  0.2958333333333E+01  -0.2839932E-16   0.2686111E-16   0.8659078E+00  -0.2081668E-16   0.8673617E-17   0.6761533E-01   0.4122552E+01
  0.3000000000000E+01  -0.2941576E-16  -0.2428613E-16   0.8654948E+00  -0.2428613E-16  -0.7806256E-17   0.6777942E-01   0.4122673E+01
  0.3041666666667E+01  -0.2991720E-16  -0.1207530E-16   0.8648685E+00  -0.2428613E-16   0.3469447E-17   0.6798055E-01   0.4122686E+01
  0.3083333333333E+01  -0.3024924E-16  -0.7948557E-17   0.8641176E+00  -0.2428613E-16  -0.3469447E-17   0.6821187E-01   0.4122731E+01
  0.3125000000000E+01  -0.3084555E-16  -0.1443344E-16   0.8633490E+00  -0.2081668E-16  -0.5204170E-17   0.6844481E-01   0.4122904E+01
  0.3166666666667E+01  -0.3052707E-16   0.7467442E-17   0.8626615E+00  -0.2428613E-16  -0.4336809E-17   0.6862538E-01   0.4123183E+01
  0.3208333333333E+01  -0.3136732E-16  -0.2003064E-16   0.8621316E+00  -0.2428613E-16  -0.1214306E-16   0.6870488E-01   0.4123464E+01
  0.3250000000000E+01  -0.3126568E-16   0.2564816E-17   0.8618117E+00  -0.2775558E-16  -0.8673617E-18   0.6867821E-01   0.4123669E+01
  0.3291666666667E+01  -0.3174679E-16  -0.1154337E-16   0.8617296E+00  -0.2428613E-16  -0.1561251E-16   0.6859255E-01   0.4123795E+01
  0.3333333333333E+01  -0.3085910E-16   0.2134523E-16   0.8618860E+00  -0.2775558E-16  -0.1994932E-16   0.6851640E-01   0.4123881E+01
  0.3375000000000E+01  -0.3128601E-16  -0.1048966E-16   0.8622548E+00  -0.2775558E-16   0.6071532E-17   0.6849549E-01   0.4123941E+01
  0.3416666666667E+01  -0.3244475E-16  -0.2745742E-16   0.8627872E+00  -0.2775558E-16  -0.9540979E-17   0.6853183E-01   0.4123953E+01
  0.3458333333333E+01  -0.3270902E-16  -0.6288373E-17   0.8634213E+00  -0.3122502E-16  -0.6071532E-17   0.6859744E-01   0.4123906E+01
  0.3500000000000E+01  -0.3259383E-16   0.2737610E-17   0.8640911E+00  -0.3469447E-16   0.4336809E-17   0.6866351E-01   0.4123853E+01
  0.3541666666667E+01  -0.3243120E-16   0.3632077E-17   0.8647360E+00  -0.3122502E-16  -0.0000000E+00   0.6871677E-01   0.4123889E+01
  0.3583333333333E+01  -0.3363737E-16  -0.2908372E-16   0.8653126E+00  -0.3469447E-16   0.6071532E-17   0.6875436E-01   0.4124082E+01
  0.3625000000000E+01  -0.3329856E-16   0.7833361E-17   0.8658092E+00  -0.3122502E-16  -0.1734723E-16   0.6877067E-01   0.4124410E+01
  0.3666666666667E+01  -0.3297330E-16   0.8077306E-17   0.8662581E+00  -0.3122502E-16   0.6938894E-17   0.6875446E-01   0.4124770E+01
  0.3708333333333E+01  -0.3344764E-16  -0.1206175E-16   0.8667344E+00  -0.3122502E-16  -0.3469447E-17   0.6869898E-01   0.4125049E+01
  0.3750000000000E+01  -0.3346119E-16  -0.2303930E-18   0.8673349E+00  -0.3122502E-16  -0.0000000E+00   0.6861246E-01   0.4125200E+01
  0.3791666666667E+01  -0.3447763E-16  -0.2411672E-16   0.8681412E+00  -0.3469447E-16  -0.2428613E-16   0.6851633E-01   0.4125251E+01
  0.3833333333333E+01  -0.3436921E-16   0.2464866E-17   0.8691822E+00  -0.3469447E-16  -0.9540979E-17   0.6843232E-01   0.4125266E+01
  0.3875000000000E+01  -0.3333922E-16   0.2425902E-16   0.8704128E+00  -0.3816392E-16  -0.1214306E-16   0.6837142E-01   0.4125284E+01
  0.3916666666667E+01  -0.3289198E-16   0.1078781E-16   0.8717211E+00  -0.3469447E-16  -0.2081668E-16   0.6833421E-01   0.4125306E+01
  0.3958333333333E+01  -0.3361027E-16  -0.1711684E-16   0.8729614E+00  -0.3122502E-16   0.2602085E-17   0.6831992E-01   0.4125315E+01
  0.4000000000000E+01  -0.3380000E-16  -0.4323256E-17   0.8739981E+00  -0.3469447E-16  -0.2515349E-16   0.6833250E-01   0.4125301E+01
  0.4041666666667E+01  -0.3474868E-16  -0.2284278E-16   0.8747436E+00  -0.3816392E-16  -0.4336809E-17   0.6837561E-01   0.4125265E+01
  0.4083333333333E+01  -0.3614459E-16  -0.3376951E-16   0.8751760E+00  -0.3469447E-16  -0.8673617E-17   0.6844009E-01   0.4125204E+01
  0.4125000000000E+01  -0.3642919E-16  -0.6654291E-17   0.8753365E+00  -0.3469447E-16  -0.1214306E-16   0.6849465E-01   0.4125092E+01
  0.4166666666667E+01  -0.3649696E-16  -0.2303930E-17   0.8753117E+00  -0.3469447E-16  -0.5204170E-17   0.6848829E-01   0.4124898E+01
  0.4208333333333E+01  -0.3783866E-16  -0.3182133E-16   0.8752145E+00  -0.3816392E-16  -0.2168404E-16   0.6836396E-01   0.4124607E+01
  0.4250000000000E+01  -0.3778445E-16   0.1626303E-17   0.8751696E+00  -0.3469447E-16  -0.2081668E-16   0.6807661E-01   0.4124238E+01
  0.4291666666667E+01  -0.3778445E-16   0.1084202E-18   0.8753047E+00  -0.3469447E-16   0.4336809E-17   0.6760868E-01   0.4123841E+01
  0.4333333333333E+01  -0.3691708E-16   0.2038300E-16   0.8757419E+00  -0.3469447E-16  -0.2515349E-16   0.6697961E-01   0.4123475E+01
  0.4375000000000E+01  -0.3729655E-16  -0.8673617E-17   0.8765873E+00  -0.3469447E-16  -0.1647987E-16   0.6624806E-01   0.4123191E+01
  0.4416666666667E+01  -0.3838076E-16  -0.2493665E-16   0.8779170E+00  -0.3469447E-16  -0.1301043E-16   0.6550528E-01   0.4123038E+01
  0.4458333333333E+01  -0.3897707E-16  -0.1257675E-16   0.8797642E+00  -0.3469447E-16  -0.8673617E-18   0.6485850E-01   0.4123073E+01
  0.4500000000000E+01  -0.3957338E-16  -0.1561251E-16   0.8821108E+00  -0.3469447E-16  -0.5204170E-17   0.6440642E-01   0.4123361E+01
  0.4541666666667E+01  -0.3924812E-16   0.5204170E-17   0.8848874E+00  -0.4163336E-16  -0.1474515E-16   0.6421397E-01   0.4123963E+01
  0.4583333333333E+01  -0.4076600E-16  -0.2949030E-16   0.8879817E+00  -0.3469447E-16  -0.2255141E-16   0.6429508E-01   0.4124903E+01
  0.4625000000000E+01  -0.4087442E-16  -0.3035766E-17   0.8912574E+00  -0.3469447E-16  -0.1301043E-16   0.6460946E-01   0.4126162E+01
  0.4666666666667E+01  -0.4087442E-16  -0.8673617E-18   0.8945805E+00  -0.3469447E-16  -0.1994932E-16   0.6507358E-01   0.4127676E+01
  0.4708333333333E+01  -0.4098284E-16  -0.3903128E-17   0.8978473E+00  -0.3469447E-16  -0.8673617E-17   0.6558114E-01   0.4129364E+01
  0.4750000000000E+01  -0.4098284E-16   0.5204170E-17   0.9010076E+00  -0.4163336E-16  -0.1127570E-16   0.6602668E-01   0.4131144E+01
  0.4791666666667E+01  -0.4163336E-16  -0.1951564E-16   0.9040716E+00  -0.3469447E-16  -0.2602085E-17   0.6632678E-01   0.4132950E+01
  0.4833333333333E+01  -0.4119968E-16   0.1344411E-16   0.9071000E+00  -0.3469447E-16  -0.9540979E-17   0.6643414E-01   0.4134731E+01
  0.4875000000000E+01  -0.4185020E-16  -0.1908196E-16   0.9101800E+00  -0.4163336E-16  -0.2341877E-16   0.6634195E-01   0.4136440E+01
  0.4916666666667E+01  -0.4206704E-16  -0.2168404E-17   0.9133955E+00  -0.4163336E-16  -0.7806256E-17   0.6607759E-01   0.4138040E+01
  0.4958333333333E+01  -0.4250073E-16  -0.8673617E-17   0.9168065E+00  -0.4163336E-16   0.8673617E-18   0.6568803E-01   0.4139499E+01
  0.5000000000000E+01  -0.4206704E-16   0.1734723E-17   0.9204418E+00  -0.4163336E-16  -0.6938894E-17   0.6522163E-01   0.4140804E+01
  0.5041666666667E+01  -0.4293441E-16  -0.2125036E-16   0.9243092E+00  -0.4857226E-16   0.9540979E-17   0.6471191E-01   0.4141971E+01
  0.5083333333333E+01  -0.4250073E-16   0.1214306E-16   0.9284168E+00  -0.3469447E-16   0.4336809E-17   0.6416792E-01   0.4143059E+01
  0.5125000000000E+01  -0.4206704E-16   0.4336809E-17   0.9327989E+00  -0.4163336E-16  -0.3469447E-17   0.6357340E-01   0.4144164E+01
  0.5166666666667E+01  -0.4336809E-16  -0.2602085E-16   0.9375349E+00  -0.4857226E-16  -0.1734723E-16   0.6289496E-01   0.4145412E+01
  0.5208333333333E+01  -0.4466913E-16  -0.3209238E-16   0.9427561E+00  -0.4163336E-16  -0.1734723E-16   0.6209663E-01   0.4146934E+01
  0.5250000000000E+01  -0.4423545E-16   0.1734723E-16   0.9486326E+00  -0.4857226E-16  -0.1561251E-16   0.6115638E-01   0.4148840E+01
  0.5291666666667E+01  -0.4336809E-16   0.1994932E-16   0.9553461E+00  -0.4857226E-16  -0.1734723E-17   0.6007885E-01   0.4151202E+01
  0.5333333333333E+01  -0.4336809E-16   0.5204170E-17   0.9630531E+00  -0.4857226E-16  -0.2428613E-16   0.5889907E-01   0.4154057E+01
  0.5375000000000E+01  -0.4163336E-16   0.2081668E-16   0.9718521E+00  -0.5551115E-16  -0.1994932E-16   0.5767497E-01   0.4157416E+01
  0.5416666666667E+01  -0.4163336E-16   0.1734723E-17   0.9817639E+00  -0.5551115E-16  -0.4336809E-17   0.5647003E-01   0.4161298E+01
  0.5458333333333E+01  -0.4250073E-16  -0.1908196E-16   0.9927341E+00  -0.6245005E-16  -0.1691355E-16   0.5533099E-01   0.4165745E+01
  0.5500000000000E+01  -0.4423545E-16  -0.2255141E-16   0.1004656E+01  -0.6938894E-16  -0.9107298E-17   0.5426765E-01   0.4170822E+01
  0.5541666666667E+01  -0.4510281E-16  -0.4163336E-16   0.1017407E+01  -0.7632783E-16  -0.1127570E-16   0.5324156E-01   0.4176602E+01
  0.5583333333333E+01  -0.4597017E-16  -0.1734723E-16   0.1030900E+01  -0.6938894E-16  -0.1257675E-16   0.5216825E-01   0.4183145E+01
  0.5625000000000E+01  -0.4597017E-16  -0.3469447E-17   0.1045118E+01  -0.6938894E-16  -0.2081668E-16   0.5093387E-01   0.4190479E+01
  0.5666666666667E+01  -0.4683753E-16   0.1561251E-16   0.1060153E+01  -0.7632783E-16  -0.3903128E-17   0.4942231E-01   0.4198611E+01
  0.5708333333333E+01  -0.4510281E-16  -0.1734723E-17   0.1076204E+01  -0.7632783E-16  -0.3035766E-17   0.4754565E-01   0.4207538E+01
  0.5750000000000E+01  -0.4683753E-16  -0.2775558E-16   0.1093555E+01  -0.7632783E-16  -0.1170938E-16   0.4526932E-01   0.4217270E+01
  0.5791666666667E+01  -0.4857226E-16   0.3469447E-17   0.1112529E+01  -0.7632783E-16  -0.2602085E-17   0.4262556E-01   0.4227826E+01
  0.5833333333333E+01  -0.4683753E-16   0.1040834E-16   0.1133407E+01  -0.7632783E-16   0.1127570E-16   0.3971201E-01   0.4239221E+01
  0.5875000000000E+01  -0.5030698E-16  -0.1040834E-16   0.1156360E+01  -0.8326673E-16  -0.1387779E-16   0.3667622E-01   0.4251427E+01
  0.5916666666667E+01  -0.4857226E-16   0.1040834E-16   0.1181392E+01  -0.7632783E-16   0.7806256E-17   0.3368895E-01   0.4264348E+01
  0.5958333333333E+01  -0.4857226E-16   0.6938894E-17   0.1208318E+01  -0.7632783E-16  -0.1474515E-16   0.3091110E-01   0.4277808E+01
  0.6000000000000E+01  -0.5204170E-16  -0.1040834E-16   0.1236790E+01  -0.8326673E-16  -0.2688821E-16   0.2845978E-01   0.4291566E+01
  0.6041666666667E+01  -0.5030698E-16   0.0000000E+00   0.1266365E+01  -0.8326673E-16  -0.1127570E-16   0.2638047E-01   0.4305363E+01
  0.6083333333333E+01  -0.4857226E-16   0.2428613E-16   0.1296603E+01  -0.7632783E-16  -0.2428613E-16   0.2463243E-01   0.4318994E+01
  0.6125000000000E+01  -0.4857226E-16  -0.4163336E-16   0.1327170E+01  -0.6938894E-16  -0.4336809E-17   0.2309309E-01   0.4332378E+01
  0.6166666666667E+01  -0.4857226E-16   0.6938894E-17   0.1357919E+01  -0.7632783E-16  -0.8673617E-17   0.2158290E-01   0.4345613E+01
  0.6208333333333E+01  -0.5204170E-16   0.1734723E-16   0.1388929E+01  -0.8326673E-16  -0.4336809E-17   0.1990548E-01   0.4358990E+01
  0.6250000000000E+01  -0.4857226E-16  -0.3469447E-16   0.1420485E+01  -0.7632783E-16  -0.1084202E-16   0.1789235E-01   0.4372950E+01
  0.6291666666667E+01  -0.4857226E-16   0.1734723E-16   0.1453001E+01  -0.7632783E-16  -0.1734723E-16   0.1543815E-01   0.4388003E+01
  0.6333333333333E+01  -0.4857226E-16   0.3469447E-17   0.1486913E+01  -0.8326673E-16  -0.6071532E-17   0.1251567E-01   0.4404611E+01
  0.6375000000000E+01  -0.5204170E-16  -0.2775558E-16   0.1522563E+01  -0.6938894E-16  -0.2602085E-16   0.9167403E-02   0.4423094E+01
  0.6416666666667E+01  -0.4857226E-16  -0.1734723E-16   0.1560111E+01  -0.7632783E-16  -0.7806256E-17   0.5479796E-02   0.4443551E+01
  0.6458333333333E+01  -0.4857226E-16  -0.6938894E-17   0.1599496E+01  -0.7632783E-16   0.1734723E-17   0.1553338E-02   0.4465836E+01
  0.6500000000000E+01  -0.5204170E-16   0.0000000E+00   0.1640456E+01  -0.7632783E-16  -0.1561251E-16  -0.2518239E-02   0.4489568E+01
  0.6541666666667E+01  -0.4510281E-16   0.3469447E-16   0.1682603E+01  -0.7632783E-16   0.9540979E-17  -0.6652919E-02   0.4514172E+01
  0.6583333333333E+01  -0.4510281E-16   0.0000000E+00   0.1725513E+01  -0.7632783E-16  -0.1387779E-16  -0.1077190E-01   0.4538946E+01
  0.6625000000000E+01  -0.4510281E-16  -0.3469447E-16   0.1768818E+01  -0.7632783E-16  -0.0000000E+00  -0.1478573E-01   0.4563146E+01
  0.6666666666667E+01  -0.4510281E-16  -0.3122502E-16   0.1812247E+01  -0.7632783E-16  -0.1474515E-16  -0.1858430E-01   0.4586084E+01
  0.6708333333333E+01  -0.4857226E-16  -0.3122502E-16   0.1855607E+01  -0.7632783E-16  -0.1040834E-16  -0.2203968E-01   0.4607205E+01
  0.6750000000000E+01  -0.4857226E-16  -0.8673617E-16   0.1898698E+01  -0.8326673E-16  -0.5204170E-17  -0.2507358E-01   0.4626151E+01
  0.6791666666667E+01  -0.5551115E-16  -0.3469447E-17   0.1940984E+01  -0.8326673E-16  -0.4163336E-16  -0.2778205E-01   0.4642632E+01
  0.6833333333333E+01  -0.5551115E-16  -0.2081668E-16   0.1981419E+01  -0.8326673E-16  -0.2428613E-16  -0.3025855E-01   0.4655134E+01
  0.6875000000000E+01  -0.5551115E-16  -0.6245005E-16   0.2016267E+01  -0.8326673E-16  -0.5204170E-17  -0.3225476E-01   0.4662764E+01
  0.6916666666667E+01  -0.5551115E-16   0.2775558E-16   0.2039871E+01  -0.8326673E-16  -0.1734723E-16  -0.3403336E-01   0.4667527E+01
  0.6958333333333E+01   0.3784916E-04   0.9083798E-03   0.2040203E+01  -0.6314781E-06  -0.1515548E-04  -0.3483071E-01   0.4669645E+01
  0.7000000000000E+01   0.1806322E-03   0.3426793E-02   0.2039588E+01  -0.3069095E-05  -0.5850280E-04  -0.3365457E-01   0.4666855E+01
  0.7041666666667E+01   0.3544296E-03   0.4171137E-02   0.2038924E+01  -0.5936868E-05  -0.6882656E-04  -0.3028125E-01   0.4663774E+01
  0.7083333333333E+01   0.4526099E-03   0.2356328E-02   0.2031912E+01  -0.7395002E-05  -0.3499521E-04  -0.2487292E-01   0.4661690E+01
  0.7125000000000E+01   0.4526099E-03  -0.3816392E-16   0.2006256E+01  -0.7395002E-05  -0.1561251E-16  -0.1732071E-01   0.4658328E+01
  0.7166666666667E+01   0.4526099E-03  -0.1040834E-16   0.1980170E+01  -0.7395002E-05   0.1734723E-17  -0.8545727E-02   0.4651270E+01
  0.7208333333333E+01   0.4526099E-03  -0.4857226E-16   0.1936632E+01  -0.7395002E-05  -0.1040834E-16   0.4995448E-03   0.4640713E+01
  0.7250000000000E+01   0.4526099E-03  -0.3469447E-17   0.1874770E+01  -0.7395002E-05  -0.5204170E-17   0.8490470E-02   0.4626729E+01
  0.7291666666667E+01   0.4526099E-03  -0.5898060E-16   0.1794932E+01  -0.7395002E-05   0.5204170E-17   0.1424877E-01   0.4608070E+01
  0.7333333333333E+01   0.4526099E-03  -0.2775558E-16   0.1704128E+01  -0.7395002E-05   0.5204170E-17   0.1618449E-01   0.4585602E+01
  0.7375000000000E+01   0.4526099E-03  -0.1734723E-16   0.1611934E+01  -0.7395002E-05  -0.3469447E-17   0.1273835E-01   0.4560261E+01
  0.7416666666667E+01   0.4526099E-03  -0.4510281E-16   0.1529550E+01  -0.7395002E-05  -0.3469447E-17   0.2657507E-02   0.4533244E+01
  0.7458333333333E+01   0.4526099E-03  -0.4163336E-16   0.1468028E+01  -0.7395002E-05  -0.1561251E-16  -0.1456458E-01   0.4505864E+01
  0.7500000000000E+01   0.4526099E-03  -0.4163336E-16   0.1436841E+01  -0.7395002E-05  -0.0000000E+00  -0.3857560E-01   0.4479428E+01
  0.7541666666667E+01   0.4526099E-03  -0.3295975E-16   0.1442556E+01  -0.7395002E-05   0.5204170E-17  -0.6817061E-01   0.4455091E+01
  0.7583333333333E+01   0.4526099E-03  -0.3989864E-16   0.1487910E+01  -0.7395002E-05  -0.2428613E-16  -0.1014412E+00   0.4433809E+01
  0.7625000000000E+01   0.4526099E-03  -0.4510281E-16   0.1571424E+01  -0.7395002E-05  -0.2775558E-16  -0.1360862E+00   0.4416385E+01
  0.7666666666667E+01   0.4526099E-03  -0.3295975E-16   0.1687424E+01  -0.7395002E-05  -0.1214306E-16  -0.1697611E+00   0.4403478E+01
  0.7708333333333E+01   0.4526099E-03  -0.3816392E-16   0.1824820E+01  -0.7395002E-05  -0.2775558E-16  -0.2012095E+00   0.4395483E+01
  0.7750000000000E+01   0.4526099E-03   0.1734723E-16   0.1967766E+01  -0.7395002E-05  -0.1040834E-16  -0.2260968E+00   0.4394135E+01
  0.7791666666667E+01   0.4526099E-03  -0.7979728E-16   0.1977919E+01  -0.7395002E-05  -0.1387779E-16  -0.2283061E+00   0.4396941E+01
  0.7833333333333E+01   0.1100368E-02   0.1554618E-01   0.1976455E+01  -0.8216400E-04  -0.1794456E-02  -0.2320647E+00   0.4394464E+01
  0.7875000000000E+01   0.2541705E-02   0.3459210E-01   0.1970925E+01  -0.2513981E-03  -0.4061618E-02  -0.2372500E+00   0.4374382E+01
  0.7916666666667E+01   0.4176926E-02   0.3924529E-01   0.1963719E+01  -0.4482377E-03  -0.4724150E-02  -0.2410753E+00   0.4345077E+01
  0.7958333333333E+01   0.5262092E-02   0.2604399E-01   0.1957991E+01  -0.5814578E-03  -0.3197282E-02  -0.2327751E+00   0.4313041E+01
  0.8000000000000E+01   0.5485108E-02   0.5352374E-02   0.1897855E+01  -0.6079709E-03  -0.6363152E-03  -0.1955346E+00   0.4281568E+01
  0.8041666666667E+01   0.5485108E-02   0.0000000E+00   0.1924610E+01  -0.6079709E-03  -0.6938894E-17  -0.1529483E+00   0.4244973E+01
  0.8083333333333E+01   0.5485108E-02  -0.8326673E-16   0.1949602E+01  -0.6079709E-03  -0.0000000E+00  -0.9829746E-01   0.4204004E+01
  0.8125000000000E+01   0.5498229E-02   0.3149125E-03   0.1943838E+01  -0.6086325E-03  -0.1587765E-04  -0.3121950E-01   0.4159402E+01
  0.8166666666667E+01   0.5519912E-02   0.5203997E-03   0.1910350E+01  -0.6089807E-03  -0.8358011E-05   0.3746390E-01   0.4115375E+01
  0.8208333333333E+01   0.5519912E-02  -0.1387779E-16   0.1843101E+01  -0.6089807E-03  -0.1387779E-16   0.9678711E-01   0.4077806E+01
  0.8250000000000E+01   0.5519912E-02  -0.2081668E-16   0.1751428E+01  -0.6089807E-03  -0.2081668E-16   0.1409822E+00   0.4044240E+01
  0.8291666666667E+01   0.5519912E-02  -0.4857226E-16   0.1648646E+01  -0.6089807E-03  -0.6938894E-17   0.1647665E+00   0.4017238E+01
  0.8333333333333E+01   0.5519912E-02   0.4857226E-16   0.1551134E+01  -0.6089807E-03  -0.1387779E-16   0.1637597E+00   0.4000382E+01
  0.8375000000000E+01   0.5519912E-02  -0.6938894E-17   0.1489466E+01  -0.6089807E-03  -0.3469447E-17   0.1191287E+00   0.3993235E+01
  0.8416666666667E+01   0.5519912E-02  -0.5551115E-16   0.1484874E+01  -0.6089807E-03  -0.2081668E-16   0.1384335E-01   0.3991358E+01
  0.8458333333333E+01   0.5519912E-02  -0.4163336E-16   0.1600016E+01  -0.6089807E-03   0.3469447E-17  -0.1574209E+00   0.3991118E+01
  0.8500000000000E+01   0.5519912E-02  -0.5551115E-16   0.1875553E+01  -0.6089807E-03  -0.6938894E-17  -0.3820108E+00   0.3991648E+01
  0.8541666666667E+01   0.6196945E-02   0.1624879E-01   0.1846711E+01  -0.7468782E-03  -0.3309539E-02  -0.4965079E+00   0.3984838E+01
  0.8583333333333E+01   0.1094481E-01   0.1139488E+00   0.1822138E+01  -0.2023393E-02  -0.3063635E-01  -0.5532327E+00   0.3961762E+01
  0.8625000000000E+01   0.2068702E-01   0.2338130E+00   0.1796221E+01  -0.4981297E-02  -0.7098969E-01  -0.5866083E+00   0.3924072E+01
  0.8666666666667E+01   0.3297214E-01   0.2948428E+00   0.1773187E+01  -0.8993360E-02  -0.9628952E-01  -0.6029486E+00   0.3886284E+01
  0.8708333333333E+01   0.4472597E-01   0.2820919E+00   0.1754603E+01  -0.1299009E-01  -0.9592158E-01  -0.6061666E+00   0.3845930E+01
  0.8750000000000E+01   0.5517923E-01   0.2508784E+00   0.1734680E+01  -0.1660141E-01  -0.8667151E-01  -0.6096207E+00   0.3791491E+01
  0.8791666666667E+01   0.6592276E-01   0.2578447E+00   0.1707211E+01  -0.2037702E-01  -0.9061467E-01  -0.6280559E+00   0.3725448E+01
  0.8833333333333E+01   0.7846643E-01   0.3010479E+00   0.1672468E+01  -0.2499163E-01  -0.1107507E+00  -0.6589094E+00   0.3654932E+01
  0.8875000000000E+01   0.9230351E-01   0.3320899E+00   0.1636229E+01  -0.3044308E-01  -0.1308349E+00  -0.6925860E+00   0.3593005E+01
  0.8916666666667E+01   0.1055739E+00   0.3184883E+00   0.1607905E+01  -0.3606018E-01  -0.1348103E+00  -0.7143442E+00   0.3548776E+01
  0.8958333333333E+01   0.1172657E+00   0.2806041E+00   0.1596346E+01  -0.4125452E-01  -0.1246640E+00  -0.7063170E+00   0.3518212E+01
  0.9000000000000E+01   0.1283166E+00   0.2652216E+00   0.1597129E+01  -0.4614408E-01  -0.1173496E+00  -0.6729507E+00   0.3491961E+01
  0.9041666666667E+01   0.1405171E+00   0.2928130E+00   0.1596902E+01  -0.5128478E-01  -0.1233769E+00  -0.6385628E+00   0.3465134E+01
  0.9083333333333E+01   0.1545829E+00   0.3375777E+00   0.1590296E+01  -0.5690934E-01  -0.1349892E+00  -0.6151747E+00   0.3436487E+01
  0.9125000000000E+01   0.1695003E+00   0.3580173E+00   0.1578055E+01  -0.6267983E-01  -0.1384920E+00  -0.6044673E+00   0.3406742E+01
  0.9166666666667E+01   0.1837186E+00   0.3412392E+00   0.1562534E+01  -0.6812609E-01  -0.1307102E+00  -0.6037458E+00   0.3375685E+01
  0.9208333333333E+01   0.1967527E+00   0.3128196E+00   0.1547798E+01  -0.7316235E-01  -0.1208701E+00  -0.6022135E+00   0.3340464E+01
  0.9250000000000E+01   0.2095075E+00   0.3061139E+00   0.1537984E+01  -0.7812493E-01  -0.1191020E+00  -0.5866451E+00   0.3298967E+01
  0.9291666666667E+01   0.2231780E+00   0.3280923E+00   0.1533667E+01  -0.8333938E-01  -0.1251467E+00  -0.5527022E+00   0.3252118E+01
  0.9333333333333E+01   0.2380770E+00   0.3575759E+00   0.1533658E+01  -0.8870867E-01  -0.1288630E+00  -0.5002091E+00   0.3199848E+01
  0.9375000000000E+01   0.2537169E+00   0.3753596E+00   0.1535011E+01  -0.9380972E-01  -0.1224251E+00  -0.4336786E+00   0.3139898E+01
  0.9416666666667E+01   0.2697505E+00   0.3848065E+00   0.1532226E+01  -0.9833961E-01  -0.1087173E+00  -0.3676915E+00   0.3067172E+01
  0.9458333333333E+01   0.2865667E+00   0.4035887E+00   0.1523781E+01  -0.1023750E+00  -0.9685003E-01  -0.3200512E+00   0.2975249E+01
  0.9500000000000E+01   0.3048774E+00   0.4394550E+00   0.1514575E+01  -0.1062209E+00  -0.9230203E-01  -0.2955336E+00   0.2859490E+01
  0.9541666666667E+01   0.3248742E+00   0.4799234E+00   0.1499790E+01  -0.1101228E+00  -0.9364574E-01  -0.2846737E+00   0.2721400E+01
  0.9583333333333E+01   0.3460038E+00   0.5071119E+00   0.1482602E+01  -0.1141334E+00  -0.9625441E-01  -0.2773845E+00   0.2569389E+01
  0.9625000000000E+01   0.3674030E+00   0.5135804E+00   0.1465993E+01  -0.1181371E+00  -0.9608736E-01  -0.2654949E+00   0.2415336E+01
  0.9666666666667E+01   0.3884353E+00   0.5047738E+00   0.1451979E+01  -0.1219461E+00  -0.9141574E-01  -0.2444231E+00   0.2270064E+01
  0.9708333333333E+01   0.4087552E+00   0.4876779E+00   0.1441037E+01  -0.1253667E+00  -0.8209470E-01  -0.2144919E+00   0.2140942E+01
  0.9750000000000E+01   0.4280450E+00   0.4629551E+00   0.1432444E+01  -0.1282379E+00  -0.6890877E-01  -0.1803979E+00   0.2031319E+01
  0.9791666666667E+01   0.4459089E+00   0.4287350E+00   0.1424969E+01  -0.1304876E+00  -0.5399366E-01  -0.1495698E+00   0.1939975E+01
  0.9833333333333E+01   0.4621170E+00   0.3889931E+00   0.1417342E+01  -0.1321889E+00  -0.4083011E-01  -0.1301580E+00   0.1860879E+01
  0.9875000000000E+01   0.4768772E+00   0.3542450E+00   0.1408381E+01  -0.1335443E+00  -0.3253120E-01  -0.1268035E+00   0.1783982E+01
  0.9916666666667E+01   0.4907353E+00   0.3325956E+00   0.1397614E+01  -0.1347921E+00  -0.2994522E-01  -0.1367010E+00   0.1702363E+01
  0.9958333333333E+01   0.5041334E+00   0.3215540E+00   0.1385868E+01  -0.1361025E+00  -0.3145128E-01  -0.1529243E+00   0.1618997E+01
  0.1000000000000E+02   0.5170589E+00   0.3102113E+00   0.1374599E+01  -0.1375288E+00  -0.3423043E-01  -0.1704797E+00   0.1542752E+01
  0.1004166666667E+02   0.5291206E+00   0.2894823E+00   0.1365031E+01  -0.1390247E+00  -0.3590199E-01  -0.1863624E+00   0.1480779E+01
  0.1008333333333E+02   0.5399584E+00   0.2601059E+00   0.1357949E+01  -0.1405044E+00  -0.3551126E-01  -0.1971530E+00   0.1434885E+01
  0.1012500000000E+02   0.5495416E+00   0.2299976E+00   0.1353781E+01  -0.1418957E+00  -0.3339206E-01  -0.1987046E+00   0.1402381E+01
  0.1016666666667E+02   0.5580990E+00   0.2053780E+00   0.1352507E+01  -0.1431517E+00  -0.3014487E-01  -0.1886016E+00   0.1379942E+01
  0.1020833333333E+02   0.5658274E+00   0.1854798E+00   0.1353595E+01  -0.1442294E+00  -0.2586442E-01  -0.1677019E+00   0.1366200E+01
  0.1025000000000E+02   0.5727196E+00   0.1654147E+00   0.1356202E+01  -0.1450833E+00  -0.2049384E-01  -0.1395943E+00   0.1361395E+01
  0.1029166666667E+02   0.5786648E+00   0.1426832E+00   0.1359421E+01  -0.1456953E+00  -0.1468643E-01  -0.1102063E+00   0.1365673E+01
  0.1033333333333E+02   0.5836636E+00   0.1199729E+00   0.1362537E+01  -0.1461005E+00  -0.9726030E-02  -0.8666744E-01   0.1377425E+01
  0.1037500000000E+02   0.5879156E+00   0.1020459E+00   0.1365149E+01  -0.1463710E+00  -0.6490876E-02  -0.7362462E-01   0.1392773E+01
  0.1041666666667E+02   0.5917053E+00   0.9095320E-01   0.1366718E+01  -0.1465753E+00  -0.4905249E-02  -0.7125783E-01   0.1404784E+01
  0.1045833333333E+02   0.5952258E+00   0.8449273E-01   0.1367296E+01  -0.1467589E+00  -0.4405276E-02  -0.7570529E-01   0.1411589E+01
  0.1050000000000E+02   0.5985280E+00   0.7925306E-01   0.1367116E+01  -0.1469417E+00  -0.4388131E-02  -0.8253879E-01   0.1413378E+01
  0.1054166666667E+02   0.6015965E+00   0.7364428E-01   0.1366700E+01  -0.1471270E+00  -0.4446228E-02  -0.8787920E-01   0.1412686E+01
  0.1058333333333E+02   0.6044482E+00   0.6844117E-01   0.1366690E+01  -0.1473104E+00  -0.4400787E-02  -0.8927045E-01   0.1413352E+01
  0.1062500000000E+02   0.6071635E+00   0.6516528E-01   0.1367478E+01  -0.1474877E+00  -0.4256514E-02  -0.8673892E-01   0.1418553E+01
  0.1066666666667E+02   0.6098507E+00   0.6449261E-01   0.1369111E+01  -0.1476582E+00  -0.4090756E-02  -0.8226853E-01   0.1429836E+01
  0.1070833333333E+02   0.6126035E+00   0.6606930E-01   0.1371435E+01  -0.1478236E+00  -0.3970039E-02  -0.7777678E-01   0.1446991E+01
  0.1075000000000E+02   0.6154888E+00   0.6924549E-01   0.1374169E+01  -0.1479872E+00  -0.3927048E-02  -0.7347984E-01   0.1467772E+01
  0.1079166666667E+02   0.6185524E+00   0.7352735E-01   0.1376949E+01  -0.1481510E+00  -0.3931668E-02  -0.6779086E-01   0.1488475E+01
  0.1083333333333E+02   0.6218216E+00   0.7845939E-01   0.1379087E+01  -0.1483120E+00  -0.3862764E-02  -0.5919849E-01   0.1502978E+01
  0.1087500000000E+02   0.6252817E+00   0.8304309E-01   0.1380068E+01  -0.1484605E+00  -0.3564695E-02  -0.4733712E-01   0.1507329E+01
  0.1091666666667E+02   0.6288621E+00   0.8592899E-01   0.1379485E+01  -0.1485833E+00  -0.2947414E-02  -0.3374765E-01   0.1499145E+01
  0.1095833333333E+02   0.6324198E+00   0.8538683E-01   0.1377249E+01  -0.1486704E+00  -0.2088899E-02  -0.2078167E-01   0.1478383E+01
  0.1100000000000E+02   0.6357299E+00   0.7944076E-01   0.1373658E+01  -0.1487203E+00  -0.1198702E-02  -0.9846746E-02   0.1447444E+01
  0.1104166666667E+02   0.6384956E+00   0.6637681E-01   0.1369294E+01  -0.1487401E+00  -0.4758066E-03   0.1971745E-03   0.1410783E+01
  0.1108333333333E+02   0.6403910E+00   0.4549069E-01   0.1364827E+01  -0.1487399E+00   0.6550532E-05   0.1268992E-01   0.1374047E+01
  0.1112500000000E+02   0.6411338E+00   0.1782602E-01   0.1267936E+01  -0.1487329E+00   0.1657432E-03   0.2502306E-01   0.1347639E+01
  0.1116666666667E+02   0.6411338E+00  -0.1387779E-16   0.1096378E+01  -0.1487329E+00  -0.0000000E+00   0.3588777E-01   0.1329822E+01
  0.1120833333333E+02   0.6411338E+00  -0.2081668E-16   0.9819266E+00  -0.1487329E+00  -0.3469447E-17   0.4452326E-01   0.1311891E+01
  0.1125000000000E+02   0.6411338E+00   0.1040834E-16   0.8219098E+00  -0.1487329E+00  -0.3469447E-17   0.4605125E-01   0.1293865E+01
  0.1129166666667E+02   0.6411338E+00  -0.2428613E-16   0.6549462E+00  -0.1487329E+00  -0.5204170E-17   0.3966812E-01   0.1276698E+01
  0.1133333333333E+02   0.6411338E+00  -0.2081668E-16   0.5114286E+00  -0.1487329E+00  -0.3469447E-17   0.2759281E-01   0.1261430E+01
  0.1137500000000E+02   0.6411338E+00  -0.1561251E-16   0.4075192E+00  -0.1487329E+00  -0.3469447E-17   0.1338273E-01   0.1249150E+01
  0.1141666666667E+02   0.6411338E+00  -0.6938894E-17   0.3476459E+00  -0.1487329E+00  -0.4336809E-17  -0.2202181E-04   0.1241314E+01
  0.1145833333333E+02   0.6411338E+00  -0.6938894E-17   0.3294717E+00  -0.1487329E+00  -0.3469447E-17  -0.1154230E-01   0.1238821E+01
  0.1150000000000E+02   0.6411338E+00   0.1734723E-17   0.3534290E+00  -0.1487329E+00  -0.3469447E-17  -0.2616157E-01   0.1240347E+01
  0.1154166666667E+02   0.6411338E+00  -0.8673617E-18   0.4276391E+00  -0.1487329E+00  -0.1734723E-17  -0.4541923E-01   0.1243896E+01
  0.1158333333333E+02   0.6411338E+00  -0.5204170E-17   0.5466577E+00  -0.1487329E+00   0.1734723E-17  -0.6646137E-01   0.1248047E+01
  0.1162500000000E+02   0.6411338E+00  -0.1301043E-16   0.6907635E+00  -0.1487329E+00   0.1734723E-17  -0.8409286E-01   0.1253037E+01
  0.1166666666667E+02   0.6411338E+00  -0.9540979E-17   0.8355129E+00  -0.1487329E+00  -0.6071532E-17  -0.9414200E-01   0.1260018E+01
  0.1170833333333E+02   0.6411338E+00  -0.5637851E-17   0.9623079E+00  -0.1487329E+00  -0.6071532E-17  -0.9542941E-01   0.1269480E+01
  0.1175000000000E+02   0.6411338E+00   0.2602085E-16   0.1063691E+01  -0.1487329E+00   0.1192622E-17  -0.8955233E-01   0.1280632E+01
  0.1179166666667E+02   0.6411338E+00  -0.1647987E-16   0.1141397E+01  -0.1487329E+00  -0.5312591E-17  -0.7943078E-01   0.1292198E+01
  0.1183333333333E+02   0.6411338E+00  -0.4770490E-16   0.1199777E+01  -0.1487329E+00  -0.4119968E-17  -0.6768926E-01   0.1303491E+01
  0.1187500000000E+02   0.6411338E+00  -0.3729655E-16   0.1240871E+01  -0.1487329E+00  -0.4336809E-17  -0.5622553E-01   0.1314552E+01
  0.1191666666667E+02   0.6411338E+00  -0.6071532E-17   0.1263990E+01  -0.1487329E+00   0.1734723E-17  -0.4653386E-01   0.1325444E+01
  0.1195833333333E+02   0.6411338E+00  -0.2602085E-16   0.1269187E+01  -0.1487329E+00  -0.5204170E-17  -0.3973336E-01   0.1335885E+01
  0.1200000000000E+02   0.6411338E+00  -0.5204170E-17   0.1265441E+01  -0.1487329E+00  -0.0000000E+00  -0.3638718E-01   0.1345807E+01
  0.1204166666667E+02   0.6411338E+00   0.8673617E-17   0.1258977E+01  -0.1487329E+00  -0.3469447E-17  -0.3637698E-01   0.1355289E+01
  0.1208333333333E+02   0.6411338E+00   0.8673617E-17   0.1250375E+01  -0.1487329E+00  -0.3469447E-17  -0.3944972E-01   0.1364506E+01
  0.1212500000000E+02   0.6411338E+00   0.1040834E-16   0.1242684E+01  -0.1487329E+00   0.1734723E-17  -0.4550957E-01   0.1373816E+01
  0.1216666666667E+02   0.6411338E+00  -0.4683753E-16   0.1236400E+01  -0.1487329E+00  -0.5204170E-17  -0.5465212E-01   0.1383143E+01
  0.1220833333333E+02   0.6411338E+00   0.8673617E-17   0.1231316E+01  -0.1487329E+00  -0.1734723E-17  -0.6665790E-01   0.1392162E+01
  0.1225000000000E+02   0.6411338E+00  -0.1301043E-16   0.1227248E+01  -0.1487329E+00  -0.5204170E-17  -0.8054804E-01   0.1400517E+01
  0.1229166666667E+02   0.6411338E+00  -0.1561251E-16   0.1223867E+01  -0.1487329E+00  -0.6938894E-17  -0.9477775E-01   0.1407848E+01
  0.1233333333333E+02   0.6411338E+00   0.4336809E-17   0.1220739E+01  -0.1487329E+00  -0.0000000E+00  -0.1077847E+00   0.1413851E+01
  0.1237500000000E+02   0.6411338E+00  -0.5204170E-17   0.1217586E+01  -0.1487329E+00  -0.0000000E+00  -0.1183648E+00   0.1418472E+01
  0.1241666666667E+02   0.6411338E+00  -0.2428613E-16   0.1214478E+01  -0.1487329E+00  -0.6938894E-17  -0.1256799E+00   0.1422027E+01
  0.1245833333333E+02   0.6411338E+00   0.1387779E-16   0.1211685E+01  -0.1487329E+00  -0.6938894E-17  -0.1291586E+00   0.1424973E+01
  0.1250000000000E+02   0.6411338E+00  -0.6071532E-17   0.1209239E+01  -0.1487329E+00  -0.6938894E-17  -0.1285937E+00   0.1427455E+01
  0.1254166666667E+02   0.6411338E+00   0.1561251E-16   0.1206604E+01  -0.1487329E+00  -0.0000000E+00  -0.1243839E+00   0.1429092E+01
  0.1258333333333E+02   0.6411338E+00   0.6158268E-16   0.1202735E+01  -0.1487329E+00  -0.3469447E-17  -0.1176054E+00   0.1429282E+01
  0.1262500000000E+02   0.6411338E+00  -0.2753874E-16   0.1196462E+01  -0.1487329E+00  -0.1040834E-16  -0.1097325E+00   0.1427711E+01
  0.1266666666667E+02   0.6411338E+00  -0.3512815E-16   0.1186890E+01  -0.1487329E+00  -0.1040834E-16  -0.1021604E+00   0.1424542E+01
  0.1270833333333E+02   0.6411338E+00   0.6505213E-18   0.1173617E+01  -0.1487329E+00  -0.3469447E-17  -0.9583719E-01   0.1420164E+01
  0.1275000000000E+02   0.6411338E+00   0.6505213E-17   0.1156728E+01  -0.1487329E+00  -0.6938894E-17  -0.9116832E-01   0.1414876E+01
  0.1279166666667E+02   0.6411338E+00   0.5204170E-17   0.1136678E+01  -0.1487329E+00  -0.0000000E+00  -0.8813301E-01   0.1408877E+01
  0.1283333333333E+02   0.6411338E+00  -0.2125036E-16   0.1114096E+01  -0.1487329E+00  -0.6938894E-17  -0.8645880E-01   0.1402485E+01
  0.1287500000000E+02   0.6411338E+00  -0.9107298E-17   0.1089589E+01  -0.1487329E+00  -0.0000000E+00  -0.8575384E-01   0.1396220E+01
  0.1291666666667E+02   0.6411338E+00  -0.5529431E-16   0.1063654E+01  -0.1487329E+00  -0.1040834E-16  -0.8557773E-01   0.1390596E+01
  0.1295833333333E+02   0.6411338E+00  -0.1821460E-16   0.1036778E+01  -0.1487329E+00   0.3469447E-17  -0.8548319E-01   0.1385838E+01
  0.1300000000000E+02   0.6411338E+00  -0.4423545E-16   0.1009639E+01  -0.1487329E+00  -0.6938894E-17  -0.8507972E-01   0.1381818E+01
  0.1304166666667E+02   0.6411338E+00   0.2439455E-16   0.9832340E+00  -0.1487329E+00  -0.5204170E-17  -0.8414927E-01   0.1378246E+01
  0.1308333333333E+02   0.6411338E+00  -0.4456071E-16   0.9587588E+00  -0.1487329E+00  -0.1734723E-17  -0.8277626E-01   0.1374905E+01
  0.1312500000000E+02   0.6411338E+00  -0.1084202E-16   0.9373184E+00  -0.1487329E+00  -0.5204170E-17  -0.8139071E-01   0.1371754E+01
  0.1316666666667E+02   0.6411338E+00  -0.1528725E-16   0.9196442E+00  -0.1487329E+00  -0.1734723E-17  -0.8064407E-01   0.1368904E+01
  0.1320833333333E+02   0.6411338E+00   0.3686287E-17   0.9059547E+00  -0.1487329E+00  -0.0000000E+00  -0.8114648E-01   0.1366583E+01
  0.1325000000000E+02   0.6411338E+00  -0.1235990E-16   0.8959574E+00  -0.1487329E+00  -0.6938894E-17  -0.8320039E-01   0.1365081E+01
  0.1329166666667E+02   0.6411338E+00   0.3903128E-17   0.8889205E+00  -0.1487329E+00  -0.3469447E-17  -0.8667027E-01   0.1364654E+01
  0.1333333333333E+02   0.6411338E+00  -0.1691355E-16   0.8837913E+00  -0.1487329E+00  -0.6938894E-17  -0.9103630E-01   0.1365378E+01
  0.1337500000000E+02   0.6411338E+00  -0.1474515E-16   0.8793948E+00  -0.1487329E+00  -0.6938894E-17  -0.9557435E-01   0.1367055E+01
  0.1341666666667E+02   0.6411338E+00  -0.1778092E-16   0.8747211E+00  -0.1487329E+00  -0.6938894E-17  -0.9956367E-01   0.1369270E+01
  0.1345833333333E+02   0.6411338E+00  -0.1951564E-16   0.8692157E+00  -0.1487329E+00   0.1734723E-17  -0.1024472E+00   0.1371553E+01
  0.1350000000000E+02   0.6411338E+00   0.8673617E-18   0.8629349E+00  -0.1487329E+00  -0.0000000E+00  -0.1039171E+00   0.1373538E+01
  0.1354166666667E+02   0.6411338E+00   0.5204170E-17   0.8564802E+00  -0.1487329E+00  -0.6938894E-17  -0.1039298E+00   0.1375013E+01
  0.1358333333333E+02   0.6411338E+00  -0.2602085E-17   0.8507527E+00  -0.1487329E+00  -0.3469447E-17  -0.1026706E+00   0.1375874E+01
  0.1362500000000E+02   0.6411338E+00  -0.1431147E-16   0.8466479E+00  -0.1487329E+00  -0.1040834E-16  -0.1004862E+00   0.1376064E+01
  0.1366666666667E+02   0.6411338E+00  -0.2428613E-16   0.8448092E+00  -0.1487329E+00  -0.5204170E-17  -0.9780426E-01   0.1375552E+01
  0.1370833333333E+02   0.6411338E+00  -0.3686287E-17   0.8454853E+00  -0.1487329E+00  -0.0000000E+00  -0.9504903E-01   0.1374378E+01
  0.1375000000000E+02   0.6411338E+00  -0.9974660E-17   0.8484839E+00  -0.1487329E+00  -0.5204170E-17  -0.9256773E-01   0.1372699E+01
  0.1379166666667E+02   0.6411338E+00  -0.5421011E-17   0.8532055E+00  -0.1487329E+00  -0.5204170E-17  -0.9058126E-01   0.1370798E+01
  0.1383333333333E+02   0.6411338E+00  -0.1019150E-16   0.8587547E+00  -0.1487329E+00  -0.6938894E-17  -0.8917460E-01   0.1369020E+01
  0.1387500000000E+02   0.6411338E+00   0.2818926E-17   0.8641275E+00  -0.1487329E+00   0.3469447E-17  -0.8832627E-01   0.1367665E+01
  0.1391666666667E+02   0.6411338E+00   0.6938894E-17   0.8684402E+00  -0.1487329E+00  -0.0000000E+00  -0.8795605E-01   0.1366889E+01
  0.1395833333333E+02   0.6411338E+00  -0.1301043E-16   0.8711382E+00  -0.1487329E+00  -0.1387779E-16  -0.8796440E-01   0.1366689E+01
  0.1400000000000E+02   0.6411338E+00  -0.7047314E-17   0.8721105E+00  -0.1487329E+00  -0.5204170E-17  -0.8825271E-01   0.1366940E+01
  0.1404166666667E+02   0.6411338E+00  -0.1767250E-16   0.8716624E+00  -0.1487329E+00  -0.3469447E-17  -0.8873317E-01   0.1367465E+01
  0.1408333333333E+02   0.6411338E+00   0.6179952E-17   0.8703502E+00  -0.1487329E+00  -0.6938894E-17  -0.8933800E-01   0.1368086E+01
  0.1412500000000E+02   0.6411338E+00  -0.9757820E-18   0.8687386E+00  -0.1487329E+00  -0.5204170E-17  -0.9002145E-01   0.1368633E+01
  0.1416666666667E+02   0.6411338E+00  -0.1593777E-16   0.8671714E+00  -0.1487329E+00  -0.6938894E-17  -0.9073984E-01   0.1368981E+01
  0.1420833333333E+02   0.6411338E+00   0.2059984E-17   0.8656447E+00  -0.1487329E+00  -0.0000000E+00  -0.9141302E-01   0.1369082E+01
  0.1425000000000E+02   0.6411338E+00   0.9757820E-17   0.8638200E+00  -0.1487329E+00  -0.6938894E-17  -0.9189861E-01   0.1368998E+01
  0.1429166666667E+02   0.6411338E+00   0.1192622E-17   0.8611654E+00  -0.1487329E+00  -0.3469447E-17  -0.9201479E-01   0.1368868E+01
  0.1433333333333E+02   0.6411338E+00  -0.8890458E-17   0.8571643E+00  -0.1487329E+00  -0.0000000E+00  -0.9161520E-01   0.1368818E+01
  0.1437500000000E+02   0.6411338E+00  -0.1582935E-16   0.8515185E+00  -0.1487329E+00  -0.1734723E-17  -0.9067575E-01   0.1368866E+01
  0.1441666666667E+02   0.6411338E+00  -0.1040834E-16   0.8442769E+00  -0.1487329E+00  -0.3469447E-17  -0.8933697E-01   0.1368884E+01
  0.1445833333333E+02   0.6411338E+00  -0.1561251E-16   0.8358466E+00  -0.1487329E+00  -0.6938894E-17  -0.8787104E-01   0.1368666E+01
  0.1450000000000E+02   0.6411338E+00  -0.1127570E-16   0.8268791E+00  -0.1487329E+00  -0.5204170E-17  -0.8658994E-01   0.1368033E+01
  0.1454166666667E+02   0.6411338E+00   0.4336809E-17   0.8180697E+00  -0.1487329E+00  -0.6938894E-17  -0.8574282E-01   0.1366936E+01
  0.1458333333333E+02   0.6411338E+00  -0.3556183E-16   0.8099461E+00  -0.1487329E+00  -0.0000000E+00  -0.8544849E-01   0.1365478E+01
  0.1462500000000E+02   0.6411338E+00  -0.4336809E-18   0.8027277E+00  -0.1487329E+00  -0.5204170E-17  -0.8568206E-01   0.1363879E+01
  0.1466666666667E+02   0.6411338E+00   0.9974660E-17   0.7963047E+00  -0.1487329E+00  -0.0000000E+00  -0.8630642E-01   0.1362390E+01
  0.1470833333333E+02   0.6411338E+00  -0.2558717E-16   0.7903384E+00  -0.1487329E+00  -0.5204170E-17  -0.8712627E-01   0.1361226E+01
  0.1475000000000E+02   0.6411338E+00   0.1647987E-16   0.7844296E+00  -0.1487329E+00  -0.3469447E-17  -0.8794433E-01   0.1360520E+01
  0.1479166666667E+02   0.6411338E+00  -0.3382711E-16   0.7782861E+00  -0.1487329E+00  -0.5204170E-17  -0.8860661E-01   0.1360311E+01
  0.1483333333333E+02   0.6411338E+00   0.1170938E-16   0.7718253E+00  -0.1487329E+00  -0.1734723E-17  -0.8902871E-01   0.1360559E+01
  0.1487500000000E+02   0.6411338E+00  -0.1647987E-16   0.7651841E+00  -0.1487329E+00  -0.1214306E-16  -0.8919886E-01   0.1361170E+01
  0.1491666666667E+02   0.6411338E+00  -0.4336809E-18   0.7586401E+00  -0.1487329E+00  -0.5204170E-17  -0.8916049E-01   0.1362037E+01
  0.1495833333333E+02   0.6411338E+00   0.9757820E-17   0.7524809E+00  -0.1487329E+00  -0.4336809E-17  -0.8898506E-01   0.1363067E+01
  0.1500000000000E+02   0.6411338E+00  -0.5204170E-17   0.7468729E+00  -0.1487329E+00  -0.1734723E-17  -0.8874902E-01   0.1364189E+01
  0.1504166666667E+02   0.6411338E+00  -0.5421011E-17   0.7417806E+00  -0.1487329E+00  -0.5204170E-17  -0.8852304E-01   0.1365344E+01
  0.1508333333333E+02   0.6411338E+00  -0.1843144E-16   0.7369672E+00  -0.1487329E+00  -0.6071532E-17  -0.8837050E-01   0.1366467E+01
  0.1512500000000E+02   0.6411338E+00  -0.2168404E-16   0.7320761E+00  -0.1487329E+00  -0.6071532E-17  -0.8834663E-01   0.1367475E+01
  0.1516666666667E+02   0.6411338E+00   0.6722053E-17   0.7267585E+00  -0.1487329E+00  -0.5204170E-17  -0.8849212E-01   0.1368290E+01
  0.1520833333333E+02   0.6411338E+00  -0.8239937E-17   0.7207963E+00  -0.1487329E+00  -0.6938894E-17  -0.8882264E-01   0.1368861E+01
  0.1525000000000E+02   0.6411338E+00   0.5204170E-17   0.7141713E+00  -0.1487329E+00  -0.8673617E-17  -0.8932032E-01   0.1369194E+01
  0.1529166666667E+02   0.6411338E+00  -0.1181780E-16   0.7070631E+00  -0.1487329E+00  -0.6938894E-17  -0.8993215E-01   0.1369342E+01
  0.1533333333333E+02   0.6411338E+00  -0.1582935E-16   0.6997830E+00  -0.1487329E+00  -0.0000000E+00  -0.9057710E-01   0.1369395E+01
  0.1537500000000E+02   0.6411338E+00  -0.2596664E-16   0.6926768E+00  -0.1487329E+00  -0.9540979E-17  -0.9116175E-01   0.1369449E+01
  0.1541666666667E+02   0.6411338E+00  -0.2059984E-16   0.6860326E+00  -0.1487329E+00  -0.5204170E-17  -0.9160244E-01   0.1369584E+01
  0.1545833333333E+02   0.6411338E+00  -0.1235990E-16   0.6800213E+00  -0.1487329E+00  -0.3469447E-17  -0.9184851E-01   0.1369853E+01
  0.1550000000000E+02   0.6411338E+00  -0.1647987E-16   0.6746820E+00  -0.1487329E+00  -0.1734723E-17  -0.9189735E-01   0.1370266E+01
  0.1554166666667E+02   0.6411338E+00  -0.8239937E-17   0.6699457E+00  -0.1487329E+00  -0.0000000E+00  -0.9179332E-01   0.1370793E+01
  0.1558333333333E+02   0.6411338E+00  -0.2385245E-16   0.6656818E+00  -0.1487329E+00  -0.6938894E-17  -0.9161036E-01   0.1371379E+01
  0.1562500000000E+02   0.6411338E+00  -0.4770490E-17   0.6617470E+00  -0.1487329E+00  -0.0000000E+00  -0.9142736E-01   0.1371957E+01
  0.1566666666667E+02   0.6411338E+00  -0.2818926E-16   0.6580197E+00  -0.1487329E+00  -0.1734723E-17  -0.9130837E-01   0.1372476E+01
  0.1570833333333E+02   0.6411338E+00  -0.5421011E-17   0.6544159E+00  -0.1487329E+00   0.1734723E-17  -0.9129391E-01   0.1372905E+01
  0.1575000000000E+02   0.6411338E+00  -0.2667137E-16   0.6508882E+00  -0.1487329E+00  -0.2602085E-17  -0.9140099E-01   0.1373237E+01
  0.1579166666667E+02   0.6411338E+00  -0.9107298E-17   0.6474174E+00  -0.1487329E+00  -0.5204170E-17  -0.9162533E-01   0.1373489E+01
  0.1583333333333E+02   0.6411338E+00  -0.2602085E-17   0.6440029E+00  -0.1487329E+00  -0.9540979E-17  -0.9194224E-01   0.1373688E+01
  0.1587500000000E+02   0.6411338E+00   0.4336809E-18   0.6406550E+00  -0.1487329E+00  -0.6938894E-17  -0.9230778E-01   0.1373872E+01
  0.1591666666667E+02   0.6411338E+00  -0.2168404E-16   0.6373877E+00  -0.1487329E+00  -0.2602085E-17  -0.9266405E-01   0.1374069E+01
  0.1595833333333E+02   0.6411338E+00  -0.2255141E-16   0.6342112E+00  -0.1487329E+00   0.2602085E-17  -0.9295016E-01   0.1374299E+01
  0.1600000000000E+02   0.6411338E+00  -0.1344411E-16   0.6311248E+00  -0.1487329E+00  -0.6071532E-17  -0.9311690E-01   0.1374560E+01
  0.1604166666667E+02   0.6411338E+00  -0.2341877E-16   0.6281118E+00  -0.1487329E+00  -0.8673617E-17  -0.9314040E-01   0.1374837E+01
  0.1608333333333E+02   0.6411338E+00   0.1604619E-16   0.6251398E+00  -0.1487329E+00  -0.5204170E-17  -0.9303036E-01   0.1375106E+01
  0.1612500000000E+02   0.6411338E+00  -0.4336809E-16   0.6221663E+00  -0.1487329E+00   0.3469447E-17  -0.9282923E-01   0.1375345E+01
  0.1616666666667E+02   0.6411338E+00  -0.2081668E-16   0.6191483E+00  -0.1487329E+00  -0.2602085E-17  -0.9260128E-01   0.1375534E+01
  0.1620833333333E+02   0.6411338E+00  -0.7806256E-17   0.6160536E+00  -0.1487329E+00  -0.3469447E-17  -0.9241449E-01   0.1375663E+01
  0.1625000000000E+02   0.6411338E+00  -0.2168404E-17   0.6128709E+00  -0.1487329E+00  -0.0000000E+00  -0.9232170E-01   0.1375724E+01
  0.1629166666667E+02   0.6411338E+00  -0.3903128E-16   0.6096162E+00  -0.1487329E+00  -0.4336809E-17  -0.9234857E-01   0.1375711E+01
  0.1633333333333E+02   0.6411338E+00   0.2125036E-16   0.6063353E+00  -0.1487329E+00  -0.2602085E-17  -0.9249216E-01   0.1375610E+01
  0.1637500000000E+02   0.6411338E+00  -0.1431147E-16   0.6030991E+00  -0.1487329E+00  -0.2602085E-17  -0.9272803E-01   0.1375404E+01
  0.1641666666667E+02   0.6411338E+00  -0.3469447E-17   0.5999926E+00  -0.1487329E+00  -0.7806256E-17  -0.9301929E-01   0.1375078E+01
  0.1645833333333E+02   0.6411338E+00   0.6505213E-17   0.5970972E+00  -0.1487329E+00  -0.8673617E-18  -0.9332260E-01   0.1374631E+01
  0.1650000000000E+02   0.6411338E+00  -0.2949030E-16   0.5944690E+00  -0.1487329E+00  -0.7806256E-17  -0.9359063E-01   0.1374096E+01
  0.1654166666667E+02   0.6411338E+00   0.6071532E-17   0.5921211E+00  -0.1487329E+00  -0.6071532E-17  -0.9377552E-01   0.1373529E+01
  0.1658333333333E+02   0.6411338E+00  -0.8673617E-17   0.5900142E+00  -0.1487329E+00  -0.3469447E-17  -0.9383757E-01   0.1373003E+01
  0.1662500000000E+02   0.6411338E+00  -0.2602085E-17   0.5880635E+00  -0.1487329E+00  -0.6938894E-17  -0.9375892E-01   0.1372579E+01
  0.1666666666667E+02   0.6411338E+00  -0.3903128E-17   0.5861594E+00  -0.1487329E+00  -0.2602085E-17  -0.9355606E-01   0.1372286E+01
  0.1670833333333E+02   0.6411338E+00  -0.2168404E-16   0.5841982E+00  -0.1487329E+00   0.8673617E-18  -0.9328305E-01   0.1372103E+01
  0.1675000000000E+02   0.6411338E+00   0.1734723E-17   0.5821117E+00  -0.1487329E+00  -0.4336809E-17  -0.9302018E-01   0.1371975E+01
  0.1679166666667E+02   0.6411338E+00  -0.1040834E-16   0.5798849E+00  -0.1487329E+00  -0.5204170E-17  -0.9284971E-01   0.1371835E+01
  0.1683333333333E+02   0.6411338E+00  -0.2255141E-16   0.5775557E+00  -0.1487329E+00  -0.1734723E-17  -0.9282728E-01   0.1371634E+01
  0.1687500000000E+02   0.6411338E+00  -0.5637851E-17   0.5751960E+00  -0.1487329E+00  -0.8673617E-18  -0.9296073E-01   0.1371361E+01
  0.1691666666667E+02   0.6411338E+00  -0.3079134E-16   0.5728833E+00  -0.1487329E+00  -0.5204170E-17  -0.9320588E-01   0.1371039E+01
  0.1695833333333E+02   0.6411338E+00  -0.1474515E-16   0.5706743E+00  -0.1487329E+00  -0.6071532E-17  -0.9348215E-01   0.1370712E+01
  0.1700000000000E+02   0.6411338E+00  -0.2515349E-16   0.5685900E+00  -0.1487329E+00  -0.5204170E-17  -0.9370212E-01   0.1370411E+01
  0.1704166666667E+02   0.6411338E+00  -0.4770490E-17   0.5666185E+00  -0.1487329E+00  -0.5204170E-17  -0.9380306E-01   0.1370134E+01
  0.1708333333333E+02   0.6411338E+00  -0.5204170E-17   0.5647307E+00  -0.1487329E+00  -0.2602085E-17  -0.9376720E-01   0.1369849E+01
  0.1712500000000E+02   0.6411338E+00   0.5637851E-17   0.5629007E+00  -0.1487329E+00  -0.6071532E-17  -0.9362282E-01   0.1369508E+01
  0.1716666666667E+02   0.6411338E+00   0.1344411E-16   0.5611201E+00  -0.1487329E+00   0.3469447E-17  -0.9342695E-01   0.1369077E+01
  0.1720833333333E+02   0.6411338E+00  -0.2602085E-17   0.5594013E+00  -0.1487329E+00  -0.3469447E-17  -0.9323895E-01   0.1368555E+01
  0.1725000000000E+02   0.6411338E+00  -0.1301043E-17   0.5577688E+00  -0.1487329E+00  -0.4336809E-17  -0.9309727E-01   0.1367979E+01
  0.1729166666667E+02   0.6411338E+00  -0.2211772E-16   0.5562454E+00  -0.1487329E+00  -0.8673617E-17  -0.9300918E-01   0.1367408E+01
  0.1733333333333E+02   0.6411338E+00   0.6722053E-17   0.5548408E+00  -0.1487329E+00  -0.7806256E-17  -0.9295568E-01   0.1366897E+01
  0.1737500000000E+02   0.6411338E+00  -0.2016616E-16   0.5535478E+00  -0.1487329E+00  -0.8673617E-18  -0.9290641E-01   0.1366475E+01
  0.1741666666667E+02   0.6411338E+00  -0.1539567E-16   0.5523473E+00  -0.1487329E+00  -0.5204170E-17  -0.9283590E-01   0.1366141E+01
  0.1745833333333E+02   0.6411338E+00  -0.3317659E-16   0.5512182E+00  -0.1487329E+00  -0.8673617E-18  -0.9273328E-01   0.1365876E+01
  0.1750000000000E+02   0.6411338E+00  -0.3035766E-16   0.5501459E+00  -0.1487329E+00  -0.3469447E-17  -0.9260289E-01   0.1365657E+01
  0.1754166666667E+02   0.6411338E+00   0.8456777E-17   0.5491259E+00  -0.1487329E+00   0.2602085E-17  -0.9245796E-01   0.1365476E+01
  0.1758333333333E+02   0.6411338E+00  -0.1019150E-16   0.5481617E+00  -0.1487329E+00  -0.3469447E-17  -0.9231263E-01   0.1365331E+01
  0.1762500000000E+02   0.6411338E+00  -0.1561251E-16   0.5472605E+00  -0.1487329E+00  -0.8673617E-18  -0.9217708E-01   0.1365218E+01
  0.1766666666667E+02   0.6411338E+00  -0.1821460E-16   0.5464299E+00  -0.1487329E+00  -0.1040834E-16  -0.9205752E-01   0.1365111E+01
  0.1770833333333E+02   0.6411338E+00   0.3903128E-17   0.5456778E+00  -0.1487329E+00  -0.6938894E-17  -0.9195901E-01   0.1364954E+01
  0.1775000000000E+02   0.6411338E+00  -0.7806256E-17   0.5450135E+00  -0.1487329E+00  -0.0000000E+00  -0.9188769E-01   0.1364677E+01
  0.1779166666667E+02   0.6411338E+00  -0.9540979E-17   0.5444470E+00  -0.1487329E+00  -0.5204170E-17  -0.9184933E-01   0.1364224E+01
  0.1783333333333E+02   0.6411338E+00   0.1301043E-17   0.5439826E+00  -0.1487329E+00   0.2602085E-17  -0.9184435E-01   0.1363591E+01
  0.1787500000000E+02   0.6411338E+00   0.1561251E-16   0.5436096E+00  -0.1487329E+00  -0.3469447E-17  -0.9186249E-01   0.1362840E+01
  0.1791666666667E+02   0.6411338E+00   0.4336809E-18   0.5432942E+00  -0.1487329E+00  -0.6938894E-17  -0.9188145E-01   0.1362094E+01
  0.1795833333333E+02   0.6411338E+00  -0.2862294E-16   0.5429799E+00  -0.1487329E+00  -0.2602085E-17  -0.9187224E-01   0.1361498E+01
  0.1800000000000E+02   0.6411338E+00   0.8673617E-18   0.5426009E+00  -0.1487329E+00  -0.5204170E-17  -0.9180971E-01   0.1361158E+01
  0.1804166666667E+02   0.6411338E+00  -0.1778092E-16   0.5421042E+00  -0.1487329E+00  -0.5204170E-17  -0.9168370E-01   0.1361102E+01
  0.1808333333333E+02   0.6411338E+00  -0.4336809E-18   0.5414738E+00  -0.1487329E+00  -0.1734723E-17  -0.9150490E-01   0.1361263E+01
  0.1812500000000E+02   0.6411338E+00  -0.1387779E-16   0.5407444E+00  -0.1487329E+00  -0.7806256E-17  -0.9130212E-01   0.1361504E+01
  0.1816666666667E+02   0.6411338E+00   0.6071532E-17   0.5399978E+00  -0.1487329E+00  -0.6071532E-17  -0.9111222E-01   0.1361674E+01
  0.1820833333333E+02   0.6411338E+00   0.1734723E-16   0.5393393E+00  -0.1487329E+00  -0.2602085E-17  -0.9096733E-01   0.1361667E+01
  0.1825000000000E+02   0.6411338E+00  -0.1127570E-16   0.5388615E+00  -0.1487329E+00  -0.4336809E-17  -0.9088522E-01   0.1361456E+01
  0.1829166666667E+02   0.6411338E+00   0.6505213E-17   0.5386097E+00  -0.1487329E+00  -0.3469447E-17  -0.9086622E-01   0.1361092E+01
  0.1833333333333E+02   0.6411338E+00   0.1734723E-17   0.5385607E+00  -0.1487329E+00  -0.1040834E-16  -0.9089656E-01   0.1360675E+01
  0.1837500000000E+02   0.6411338E+00  -0.9107298E-17   0.5386240E+00  -0.1487329E+00  -0.3469447E-17  -0.9095552E-01   0.1360298E+01
  0.1841666666667E+02   0.6411338E+00  -0.4336809E-17   0.5386653E+00  -0.1487329E+00  -0.5204170E-17  -0.9102239E-01   0.1360012E+01
  0.1845833333333E+02   0.6411338E+00   0.1734723E-17   0.5385444E+00  -0.1487329E+00   0.8673617E-18  -0.9108103E-01   0.1359807E+01
  0.1850000000000E+02   0.6411338E+00  -0.7806256E-17   0.5381543E+00  -0.1487329E+00  -0.5204170E-17  -0.9112145E-01   0.1359636E+01
  0.1854166666667E+02   0.6411338E+00  -0.2775558E-16   0.5374493E+00  -0.1487329E+00  -0.4336809E-17  -0.9113916E-01   0.1359447E+01
  0.1858333333333E+02   0.6411338E+00  -0.6938894E-17   0.5364558E+00  -0.1487329E+00  -0.2602085E-17  -0.9113378E-01   0.1359217E+01
  0.1862500000000E+02   0.6411338E+00  -0.1734723E-17   0.5352627E+00  -0.1487329E+00   0.1734723E-17  -0.9110769E-01   0.1358971E+01
  0.1866666666667E+02   0.6411338E+00  -0.1040834E-16   0.5339994E+00  -0.1487329E+00  -0.3469447E-17  -0.9106537E-01   0.1358762E+01
  0.1870833333333E+02   0.6411338E+00  -0.1474515E-16   0.5328071E+00  -0.1487329E+00  -0.1734723E-17  -0.9101300E-01   0.1358643E+01
  0.1875000000000E+02   0.6411338E+00   0.2602085E-17   0.5318105E+00  -0.1487329E+00  -0.4336809E-17  -0.9095830E-01   0.1358629E+01
  0.1879166666667E+02   0.6411338E+00  -0.2168404E-17   0.5310963E+00  -0.1487329E+00  -0.5204170E-17  -0.9090989E-01   0.1358681E+01
  0.1883333333333E+02   0.6411338E+00  -0.1170938E-16   0.5306986E+00  -0.1487329E+00  -0.6938894E-17  -0.9087593E-01   0.1358713E+01
  0.1887500000000E+02   0.6411338E+00   0.6071532E-17   0.5305921E+00  -0.1487329E+00  -0.1734723E-17  -0.9086210E-01   0.1358632E+01
  0.1891666666667E+02   0.6411338E+00   0.1864828E-16   0.5306945E+00  -0.1487329E+00  -0.2602085E-17  -0.9086926E-01   0.1358374E+01
  0.1895833333333E+02   0.6411338E+00   0.1214306E-16   0.5308791E+00  -0.1487329E+00  -0.4336809E-17  -0.9089190E-01   0.1357939E+01
  0.1900000000000E+02   0.6411338E+00  -0.7372575E-17   0.5309973E+00  -0.1487329E+00  -0.6938894E-17  -0.9091821E-01   0.1357390E+01
  0.1904166666667E+02   0.6411338E+00  -0.3165870E-16   0.5309110E+00  -0.1487329E+00  -0.5204170E-17  -0.9093258E-01   0.1356825E+01
  0.1908333333333E+02   0.6411338E+00   0.1647987E-16   0.5305269E+00  -0.1487329E+00  -0.2602085E-17  -0.9091998E-01   0.1356334E+01
  0.1912500000000E+02   0.6411338E+00  -0.2211772E-16   0.5298244E+00  -0.1487329E+00  -0.1127570E-16  -0.9087113E-01   0.1355957E+01
  0.1916666666667E+02   0.6411338E+00   0.4336809E-17   0.5288671E+00  -0.1487329E+00  -0.3469447E-17  -0.9078643E-01   0.1355668E+01
  0.1920833333333E+02   0.6411338E+00  -0.6505213E-17   0.5277907E+00  -0.1487329E+00  -0.9540979E-17  -0.9067698E-01   0.1355384E+01
  0.1925000000000E+02   0.6411338E+00  -0.2168404E-16   0.5267703E+00  -0.1487329E+00  -0.8673617E-18  -0.9056179E-01   0.1355011E+01
  0.1929166666667E+02   0.6411338E+00  -0.1821460E-16   0.5259727E+00  -0.1487329E+00  -0.8673617E-18  -0.9046201E-01   0.1354481E+01
  0.1933333333333E+02   0.6411338E+00   0.1084202E-16   0.5255101E+00  -0.1487329E+00  -0.3469447E-17  -0.9039397E-01   0.1353795E+01
  0.1937500000000E+02   0.6411338E+00  -0.1561251E-16   0.5254082E+00  -0.1487329E+00   0.8673617E-18  -0.9036380E-01   0.1353017E+01
  0.1941666666667E+02   0.6411338E+00  -0.2905662E-16   0.5255996E+00  -0.1487329E+00  -0.6938894E-17  -0.9036581E-01   0.1352255E+01
  0.1945833333333E+02   0.6411338E+00  -0.5204170E-17   0.5259439E+00  -0.1487329E+00  -0.2602085E-17  -0.9038516E-01   0.1351615E+01
  0.1950000000000E+02   0.6411338E+00  -0.2515349E-16   0.5262671E+00  -0.1487329E+00   0.8673617E-18  -0.9040366E-01   0.1351152E+01
  0.1954166666667E+02   0.6411338E+00   0.1431147E-16   0.5264085E+00  -0.1487329E+00  -0.4336809E-17  -0.9040620E-01   0.1350849E+01
  0.1958333333333E+02   0.6411338E+00  -0.8673617E-18   0.5262605E+00  -0.1487329E+00  -0.5204170E-17  -0.9038498E-01   0.1350623E+01
  0.1962500000000E+02   0.6411338E+00  -0.1734723E-17   0.5257901E+00  -0.1487329E+00  -0.1734723E-17  -0.9034004E-01   0.1350355E+01
  0.1966666666667E+02   0.6411338E+00  -0.2602085E-16   0.5250387E+00  -0.1487329E+00  -0.2602085E-17  -0.9027626E-01   0.1349932E+01
  0.1970833333333E+02   0.6411338E+00  -0.2471981E-16   0.5241028E+00  -0.1487329E+00   0.6938894E-17  -0.9019873E-01   0.1349292E+01
  0.1975000000000E+02   0.6411338E+00  -0.1647987E-16   0.5231043E+00  -0.1487329E+00  -0.6071532E-17  -0.9010921E-01   0.1348432E+01
  0.1979166666667E+02   0.6411338E+00  -0.9974660E-17   0.5221594E+00  -0.1487329E+00  -0.0000000E+00  -0.9000542E-01   0.1347405E+01
  0.1983333333333E+02   0.6411338E+00   0.9540979E-17   0.5213553E+00  -0.1487329E+00   0.3469447E-17  -0.8988360E-01   0.1346293E+01
  0.1987500000000E+02   0.6411338E+00  -0.1994932E-16   0.5207374E+00  -0.1487329E+00  -0.4336809E-17  -0.8974291E-01   0.1345175E+01
  0.1991666666667E+02   0.6411338E+00  -0.9757820E-17   0.5203076E+00  -0.1487329E+00  -0.2602085E-17  -0.8958924E-01   0.1344107E+01
  0.1995833333333E+02   0.6411338E+00  -0.6505213E-17   0.5200313E+00  -0.1487329E+00  -0.7806256E-17  -0.8943609E-01   0.1343114E+01
  0.2000000000000E+02   0.6411338E+00  -0.2818926E-17   0.5198477E+00  -0.1487329E+00  -0.1040834E-16  -0.8930187E-01   0.1342208E+01
