 # Project=San-Ti                        
 # Author=Sophon                        
 # date =  9/22/2026 13:57:33
 # code = EQdyna
 # element_size =   500.00000000000000     
 # time_step =  0.0417  s
 # num_time_steps =   480
 # Time series in 11 columns in format E15.7
 # Column #1 = Time (s)
 # Column #2 = horizontal slip (m)
 # Column #3 = horizontal slip rate (m/s)
 # Column #4 = horizontal shear stress (MPa)
 # Column #5 = down-dip slip (m)
 # Column #6 = down-dip slip rate (m/s)
 # Column #7 = down-dip shear stress (MPa)
 # Column #8 = normal stress (MPa)
 # The line below lists the names of the data fields:
 t h-slip h-slip-rate h-shear-stress v-slip v-slip-rate v-shear-stress n-stress
  0.4166666666667E-01   0.0000000E+00   0.0000000E+00   0.1081291E+02  -0.0000000E+00  -0.0000000E+00   0.1248551E+01   0.7595088E+02
  0.8333333333333E-01  -0.1202800E-16  -0.2886721E-15   0.1081292E+02  -0.9433639E-18  -0.2264073E-16   0.1248375E+01   0.7595087E+02
  0.1250000000000E+00  -0.6490721E-17   0.1328948E-15   0.1081296E+02  -0.2244095E-17  -0.3121761E-16   0.1248139E+01   0.7595084E+02
  0.1666666666667E+00  -0.2468466E-16  -0.4366550E-15   0.1081304E+02  -0.2989126E-17  -0.1788087E-16   0.1247950E+01   0.7595081E+02
  0.2083333333333E+00  -0.5069847E-16  -0.6243302E-15   0.1081318E+02  -0.3577444E-17  -0.1411877E-16   0.1247849E+01   0.7595076E+02
  0.2500000000000E+00  -0.6402351E-16  -0.3197981E-15   0.1081339E+02  -0.6419874E-17  -0.6821834E-16   0.1247784E+01   0.7595069E+02
  0.2916666666667E+00  -0.7967001E-16  -0.3755117E-15   0.1081368E+02  -0.8634892E-17  -0.5316148E-16   0.1247650E+01   0.7595057E+02
  0.3333333333333E+00  -0.8063372E-16  -0.2312485E-16   0.1081401E+02  -0.9985566E-17  -0.3241426E-16   0.1247369E+01   0.7595039E+02
  0.3750000000000E+00  -0.9332249E-16  -0.3045287E-15   0.1081425E+02  -0.1122192E-16  -0.2965971E-16   0.1246981E+01   0.7595019E+02
  0.4166666666667E+00  -0.1032108E-15  -0.2373251E-15   0.1081417E+02  -0.1360420E-16  -0.5715101E-16   0.1246665E+01   0.7595008E+02
  0.4583333333333E+00  -0.1128350E-15  -0.2309893E-15   0.1081358E+02  -0.1471804E-16  -0.2669848E-16   0.1246642E+01   0.7595019E+02
  0.5000000000000E+00  -0.1369411E-15  -0.5785489E-15   0.1081258E+02  -0.1555830E-16  -0.2027458E-16   0.1247002E+01   0.7595056E+02
  0.5416666666667E+00  -0.1371410E-15  -0.4797595E-17   0.1081169E+02  -0.1578192E-16  -0.5312591E-17   0.1247594E+01   0.7595104E+02
  0.5833333333333E+00  -0.1620340E-15  -0.5973954E-15   0.1081167E+02  -0.1732691E-16  -0.3720169E-16   0.1248087E+01   0.7595135E+02
  0.6250000000000E+00  -0.1675465E-15  -0.1324895E-15   0.1081304E+02  -0.2065405E-16  -0.7994551E-16   0.1248196E+01   0.7595120E+02
  0.6666666666667E+00  -0.1833115E-15  -0.3782239E-15   0.1081560E+02  -0.2179924E-16  -0.2743709E-16   0.1247920E+01   0.7595038E+02
  0.7083333333333E+00  -0.1956578E-15  -0.2962040E-15   0.1081853E+02  -0.2255818E-16  -0.1826881E-16   0.1247595E+01   0.7594868E+02
  0.7500000000000E+00  -0.2024951E-15  -0.1639585E-15   0.1082089E+02  -0.2317482E-16  -0.1452831E-16   0.1247717E+01   0.7594575E+02
  0.7916666666667E+00  -0.2200253E-15  -0.4208873E-15   0.1082231E+02  -0.2564138E-16  -0.5919744E-16   0.1248654E+01   0.7594118E+02
  0.8333333333333E+00  -0.2344113E-15  -0.3452100E-15   0.1082314E+02  -0.2713216E-16  -0.3556183E-16   0.1250415E+01   0.7593470E+02
  0.8750000000000E+00  -0.2382331E-15  -0.9172350E-16   0.1082388E+02  -0.2932767E-16  -0.5290907E-16   0.1252597E+01   0.7592656E+02
  0.9166666666667E+00  -0.2305759E-15   0.1837723E-15   0.1082459E+02  -0.3014082E-16  -0.1821460E-16   0.1254509E+01   0.7591769E+02
  0.9583333333333E+00  -0.2500983E-15  -0.4684838E-15   0.1082466E+02  -0.3458605E-16  -0.1066855E-15   0.1255420E+01   0.7590954E+02
  0.1000000000000E+01  -0.2606558E-15  -0.2536491E-15   0.1082339E+02  -0.3556183E-16  -0.2515349E-16   0.1254823E+01   0.7590362E+02
  0.1041666666667E+01  -0.2527817E-15   0.1890578E-15   0.1082079E+02  -0.3621235E-16  -0.1908196E-16   0.1252636E+01   0.7590089E+02
  0.1083333333333E+01  -0.2673372E-15  -0.3491402E-15   0.1081790E+02  -0.3556183E-16   0.2081668E-16   0.1249266E+01   0.7590139E+02
  0.1125000000000E+01  -0.2748046E-15  -0.1792186E-15   0.1081625E+02  -0.3729655E-16  -0.4163336E-16   0.1245495E+01   0.7590417E+02
  0.1166666666667E+01  -0.2786535E-15  -0.9253666E-16   0.1081682E+02  -0.3729655E-16  -0.6071532E-17   0.1242207E+01   0.7590770E+02
  0.1208333333333E+01  -0.2866088E-15  -0.1906027E-15   0.1081939E+02  -0.3903128E-16  -0.4163336E-16   0.1240059E+01   0.7591045E+02
  0.1250000000000E+01  -0.2805644E-15   0.1446326E-15   0.1082272E+02  -0.4033232E-16  -0.2341877E-16   0.1239255E+01   0.7591154E+02
  0.1291666666667E+01  -0.2969494E-15  -0.3930775E-15   0.1082542E+02  -0.4076600E-16  -0.1821460E-16   0.1239542E+01   0.7591100E+02
  0.1333333333333E+01  -0.3063413E-15  -0.2255683E-15   0.1082675E+02  -0.4206704E-16  -0.3469447E-16   0.1240429E+01   0.7590962E+02
  0.1375000000000E+01  -0.3223740E-15  -0.3842684E-15   0.1082677E+02  -0.4163336E-16   0.8673617E-17   0.1241480E+01   0.7590838E+02
  0.1416666666667E+01  -0.3461722E-15  -0.5717134E-15   0.1082598E+02  -0.4250073E-16  -0.3729655E-16   0.1242496E+01   0.7590794E+02
  0.1458333333333E+01  -0.3642513E-15  -0.4340332E-15   0.1082477E+02  -0.4510281E-16  -0.3816392E-16   0.1243466E+01   0.7590829E+02
  0.1500000000000E+01  -0.3833603E-15  -0.4586582E-15   0.1082333E+02  -0.4770490E-16  -0.5551115E-16   0.1244402E+01   0.7590896E+02
  0.1541666666667E+01  -0.3965198E-15  -0.3149201E-15   0.1082184E+02  -0.4770490E-16   0.2602085E-17   0.1245221E+01   0.7590942E+02
  0.1583333333333E+01  -0.4119291E-15  -0.3703093E-15   0.1082066E+02  -0.4597017E-16   0.3295975E-16   0.1245804E+01   0.7590955E+02
  0.1625000000000E+01  -0.4094354E-15   0.6001059E-16   0.1082023E+02  -0.4683753E-16  -0.2081668E-16   0.1246137E+01   0.7590958E+02
  0.1666666666667E+01  -0.4096929E-15  -0.6613633E-17   0.1082080E+02  -0.4857226E-16  -0.3642919E-16   0.1246371E+01   0.7590978E+02
  0.1708333333333E+01  -0.4016834E-15   0.1926898E-15   0.1082211E+02  -0.4943962E-16  -0.6938894E-17   0.1246725E+01   0.7591011E+02
  0.1750000000000E+01  -0.4070298E-15  -0.1284237E-15   0.1082364E+02  -0.5117434E-16  -0.4943962E-16   0.1247306E+01   0.7591026E+02
  0.1791666666667E+01  -0.4221070E-15  -0.3619609E-15   0.1082481E+02  -0.5290907E-16  -0.2515349E-16   0.1248019E+01   0.7590989E+02
  0.1833333333333E+01  -0.4302114E-15  -0.1940993E-15   0.1082535E+02  -0.5464379E-16  -0.3556183E-16   0.1248635E+01   0.7590908E+02
  0.1875000000000E+01  -0.4408366E-15  -0.2553567E-15   0.1082532E+02  -0.5637851E-16  -0.3816392E-16   0.1248956E+01   0.7590823E+02
  0.1916666666667E+01  -0.4570861E-15  -0.3895674E-15   0.1082494E+02  -0.5724587E-16  -0.2949030E-16   0.1248928E+01   0.7590779E+02
  0.1958333333333E+01  -0.4676977E-15  -0.2550857E-15   0.1082445E+02  -0.5724587E-16   0.8673617E-18   0.1248648E+01   0.7590789E+02
  0.2000000000000E+01  -0.4808708E-15  -0.3155299E-15   0.1082400E+02  -0.5377643E-16   0.7806256E-17   0.1248275E+01   0.7590826E+02
  0.2041666666667E+01  -0.4980960E-15  -0.4141381E-15   0.1082367E+02  -0.5724587E-16  -0.2602085E-16   0.1247938E+01   0.7590855E+02
  0.2083333333333E+01  -0.4992615E-15  -0.2770137E-16   0.1082346E+02  -0.5724587E-16  -0.4250073E-16   0.1247694E+01   0.7590855E+02
  0.2125000000000E+01  -0.5091278E-15  -0.2373048E-15   0.1082334E+02  -0.5898060E-16  -0.3816392E-16   0.1247550E+01   0.7590834E+02
  0.2166666666667E+01  -0.5212573E-15  -0.2903764E-15   0.1082324E+02  -0.6071532E-16  -0.2602085E-16   0.1247521E+01   0.7590809E+02
  0.2208333333333E+01  -0.5305543E-15  -0.2236303E-15   0.1082310E+02  -0.6418477E-16  -0.6158268E-16   0.1247662E+01   0.7590785E+02
  0.2250000000000E+01  -0.5549489E-15  -0.5853743E-15   0.1082284E+02  -0.6245005E-16  -0.7806256E-17   0.1248047E+01   0.7590755E+02
  0.2291666666667E+01  -0.5424535E-15   0.2991517E-15   0.1082243E+02  -0.6591949E-16  -0.3295975E-16   0.1248714E+01   0.7590713E+02
  0.2333333333333E+01  -0.5804547E-15  -0.9121664E-15   0.1082186E+02  -0.6765422E-16  -0.5030698E-16   0.1249600E+01   0.7590663E+02
  0.2375000000000E+01  -0.5978291E-15  -0.4164285E-15   0.1082113E+02  -0.6591949E-16   0.4336809E-17   0.1250536E+01   0.7590627E+02
  0.2416666666667E+01  -0.6131434E-15  -0.3681951E-15   0.1082031E+02  -0.6938894E-16  -0.5204170E-16   0.1251287E+01   0.7590621E+02
  0.2458333333333E+01  -0.6179139E-15  -0.1150881E-15   0.1081955E+02  -0.7112366E-16  -0.2862294E-16   0.1251627E+01   0.7590654E+02
  0.2500000000000E+01  -0.6111106E-15   0.1643650E-15   0.1081900E+02  -0.7285839E-16  -0.1734723E-16   0.1251371E+01   0.7590718E+02
  0.2541666666667E+01  -0.6183476E-15  -0.1731471E-15   0.1081882E+02  -0.7285839E-16  -0.1214306E-16   0.1250398E+01   0.7590798E+02
  0.2583333333333E+01  -0.6318188E-15  -0.3232007E-15   0.1081908E+02  -0.7285839E-16  -0.1301043E-16   0.1248651E+01   0.7590885E+02
  0.2625000000000E+01  -0.6320628E-15  -0.5475221E-17   0.1081981E+02  -0.7459311E-16  -0.2862294E-16   0.1246164E+01   0.7590980E+02
  0.2666666666667E+01  -0.6506297E-15  -0.4453903E-15   0.1082095E+02  -0.7632783E-16  -0.1301043E-16   0.1243087E+01   0.7591081E+02
  0.2708333333333E+01  -0.6601707E-15  -0.2301761E-15   0.1082243E+02  -0.7632783E-16  -0.3469447E-16   0.1239677E+01   0.7591184E+02
  0.2750000000000E+01  -0.6571620E-15   0.7204523E-16   0.1082415E+02  -0.7979728E-16  -0.2255141E-16   0.1236252E+01   0.7591275E+02
  0.2791666666667E+01  -0.6756206E-15  -0.4430592E-15   0.1082600E+02  -0.7979728E-16  -0.3382711E-16   0.1233110E+01   0.7591339E+02
  0.2833333333333E+01  -0.6860831E-15  -0.2511012E-15   0.1082790E+02  -0.8153200E-16  -0.5290907E-16   0.1230477E+01   0.7591369E+02
  0.2875000000000E+01  -0.7011264E-15  -0.3601178E-15   0.1082979E+02  -0.8326673E-16  -0.2168404E-16   0.1228475E+01   0.7591360E+02
  0.2916666666667E+01  -0.7198018E-15  -0.4476671E-15   0.1083165E+02  -0.8326673E-16   0.1214306E-16   0.1227134E+01   0.7591315E+02
  0.2958333333333E+01  -0.7292886E-15  -0.2278451E-15   0.1083351E+02  -0.8326673E-16  -0.4770490E-16   0.1226407E+01   0.7591235E+02
  0.3000000000000E+01  -0.7382062E-15  -0.2133710E-15   0.1083536E+02  -0.8673617E-16   0.1734723E-16   0.1226202E+01   0.7591127E+02
  0.3041666666667E+01  -0.7490211E-15  -0.2612385E-15   0.1083715E+02  -0.9020562E-16  -0.6331741E-16   0.1226418E+01   0.7590994E+02
  0.3083333333333E+01  -0.7657178E-15  -0.3993117E-15   0.1083872E+02  -0.9020562E-16  -0.3122502E-16   0.1226986E+01   0.7590847E+02
  0.3125000000000E+01  -0.7639017E-15   0.4260915E-16   0.1083987E+02  -0.9367507E-16  -0.6765422E-16   0.1227889E+01   0.7590695E+02
  0.3166666666667E+01  -0.7635494E-15   0.8890458E-17   0.1084042E+02  -0.9367507E-16  -0.1127570E-16   0.1229158E+01   0.7590547E+02
  0.3208333333333E+01  -0.7793245E-15  -0.3795792E-15   0.1084030E+02  -0.9367507E-16   0.1040834E-16   0.1230844E+01   0.7590413E+02
  0.3250000000000E+01  -0.7820350E-15  -0.6526897E-16   0.1083960E+02  -0.9367507E-16  -0.2428613E-16   0.1232967E+01   0.7590301E+02
  0.3291666666667E+01  -0.7866971E-15  -0.1099381E-15   0.1083853E+02  -0.9367507E-16  -0.1734723E-16   0.1235482E+01   0.7590215E+02
  0.3333333333333E+01  -0.8012254E-15  -0.3521489E-15   0.1083740E+02  -0.9367507E-16  -0.3642919E-16   0.1238253E+01   0.7590154E+02
  0.3375000000000E+01  -0.8344020E-15  -0.7966718E-15   0.1083655E+02  -0.9714451E-16  -0.6418477E-16   0.1241066E+01   0.7590104E+02
  0.3416666666667E+01  -0.8483882E-15  -0.3326332E-15   0.1083629E+02  -0.9714451E-16  -0.7372575E-16   0.1243648E+01   0.7590051E+02
  0.3458333333333E+01  -0.8577123E-15  -0.2281161E-15   0.1083683E+02  -0.1006140E-15  -0.3035766E-16   0.1245720E+01   0.7589985E+02
  0.3500000000000E+01  -0.8783122E-15  -0.4887583E-15   0.1083830E+02  -0.1006140E-15  -0.3556183E-16   0.1247049E+01   0.7589903E+02
  0.3541666666667E+01  -0.8835164E-15  -0.1257675E-15   0.1084069E+02  -0.1040834E-15  -0.6678685E-16   0.1247495E+01   0.7589815E+02
  0.3583333333333E+01  -0.8972857E-15  -0.3282964E-15   0.1084393E+02  -0.1075529E-15  -0.5117434E-16   0.1247041E+01   0.7589740E+02
  0.3625000000000E+01  -0.9098625E-15  -0.3079134E-15   0.1084786E+02  -0.1110223E-15  -0.4770490E-16   0.1245779E+01   0.7589697E+02
  0.3666666666667E+01  -0.9209213E-15  -0.2649790E-15   0.1085232E+02  -0.1110223E-15  -0.4943962E-16   0.1243885E+01   0.7589699E+02
  0.3708333333333E+01  -0.9148498E-15   0.1470178E-15   0.1085714E+02  -0.1075529E-15  -0.1214306E-16   0.1241558E+01   0.7589747E+02
  0.3750000000000E+01  -0.9324139E-15  -0.4211041E-15   0.1086220E+02  -0.1110223E-15   0.2168404E-16   0.1238968E+01   0.7589829E+02
  0.3791666666667E+01  -0.9501948E-15  -0.4276093E-15   0.1086748E+02  -0.1110223E-15  -0.4857226E-16   0.1236210E+01   0.7589921E+02
  0.3833333333333E+01  -0.9510621E-15  -0.2688821E-16   0.1087306E+02  -0.1144917E-15  -0.1214306E-16   0.1233277E+01   0.7589999E+02
  0.3875000000000E+01  -0.9619042E-15  -0.2619432E-15   0.1087916E+02  -0.1179612E-15  -0.6071532E-16   0.1230060E+01   0.7590043E+02
  0.3916666666667E+01  -0.9593021E-15   0.5811324E-16   0.1088608E+02  -0.1214306E-15  -0.3642919E-16   0.1226378E+01   0.7590041E+02
  0.3958333333333E+01  -0.9567000E-15   0.6852158E-16   0.1089417E+02  -0.1214306E-15  -0.3556183E-16   0.1222010E+01   0.7589994E+02
  0.4000000000000E+01  -0.9809861E-15  -0.5837344E-15   0.1090376E+02  -0.1179612E-15  -0.2428613E-16   0.1216739E+01   0.7589904E+02
  0.4041666666667E+01  -0.9896597E-15  -0.2046974E-15   0.1091514E+02  -0.1214306E-15  -0.4336809E-17   0.1210391E+01   0.7589778E+02
  0.4083333333333E+01  -0.1007874E-14  -0.4432218E-15   0.1092845E+02  -0.1214306E-15  -0.4770490E-17   0.1202859E+01   0.7589625E+02
  0.4125000000000E+01  -0.1011777E-14  -0.1075529E-15   0.1094366E+02  -0.1214306E-15  -0.2428613E-16   0.1194122E+01   0.7589460E+02
  0.4166666666667E+01  -0.1011344E-14   0.2602085E-16   0.1096060E+02  -0.1214306E-15  -0.3989864E-16   0.1184234E+01   0.7589308E+02
  0.4208333333333E+01  -0.1020017E-14  -0.2480655E-15   0.1097895E+02  -0.1214306E-15  -0.3100818E-16   0.1173310E+01   0.7589208E+02
  0.4250000000000E+01  -0.1027824E-14  -0.1960238E-15   0.1099834E+02  -0.1214306E-15  -0.1084202E-16   0.1161505E+01   0.7589204E+02
  0.4291666666667E+01  -0.1028691E-14   0.2428613E-16   0.1101838E+02  -0.1214306E-15  -0.1162807E-16   0.1148996E+01   0.7589344E+02
  0.4333333333333E+01  -0.1048640E-14  -0.5134781E-15   0.1103872E+02  -0.1249001E-15  -0.2927346E-16   0.1135976E+01   0.7589665E+02
  0.4375000000000E+01  -0.1070324E-14  -0.5412337E-15   0.1105909E+02  -0.1249001E-15  -0.4488597E-16   0.1122641E+01   0.7590181E+02
  0.4416666666667E+01  -0.1079865E-14  -0.2289835E-15   0.1107929E+02  -0.1249001E-15   0.1561251E-16   0.1109169E+01   0.7590872E+02
  0.4458333333333E+01  -0.1092876E-14  -0.2949030E-15   0.1109930E+02  -0.1249001E-15  -0.3382711E-16   0.1095665E+01   0.7591689E+02
  0.4500000000000E+01  -0.1110223E-14  -0.4093947E-15   0.1111923E+02  -0.1249001E-15  -0.2211772E-16   0.1082109E+01   0.7592566E+02
  0.4541666666667E+01  -0.1134509E-14  -0.6175616E-15   0.1113942E+02  -0.1249001E-15  -0.2949030E-16   0.1068291E+01   0.7593445E+02
  0.4583333333333E+01  -0.1137979E-14  -0.3122502E-16   0.1116052E+02  -0.1249001E-15  -0.7199102E-16   0.1053804E+01   0.7594299E+02
  0.4625000000000E+01  -0.1160530E-14  -0.5065393E-15   0.1118351E+02  -0.1249001E-15  -0.2255141E-16   0.1038106E+01   0.7595151E+02
  0.4666666666667E+01  -0.1160530E-14  -0.3122502E-16   0.1120944E+02  -0.1283695E-15  -0.3209238E-16   0.1020646E+01   0.7596073E+02
  0.4708333333333E+01  -0.1179612E-14  -0.4718448E-15   0.1123904E+02  -0.1283695E-15  -0.3209238E-16   0.1000991E+01   0.7597178E+02
  0.4750000000000E+01  -0.1200429E-14  -0.5169476E-15   0.1127247E+02  -0.1283695E-15  -0.4770490E-16   0.9789047E+00   0.7598572E+02
  0.4791666666667E+01  -0.1205633E-14  -0.5898060E-16   0.1130921E+02  -0.1249001E-15  -0.2602085E-16   0.9543872E+00   0.7600303E+02
  0.4833333333333E+01  -0.1196959E-14   0.5551115E-16   0.1134827E+02  -0.1318390E-15  -0.2428613E-16   0.9277038E+00   0.7602312E+02
  0.4875000000000E+01  -0.1200429E-14  -0.3469447E-16   0.1138845E+02  -0.1318390E-15  -0.3469447E-17   0.8994133E+00   0.7604427E+02
  0.4916666666667E+01  -0.1200429E-14  -0.9367507E-16   0.1142856E+02  -0.1318390E-15  -0.1040834E-16   0.8703744E+00   0.7606408E+02
  0.4958333333333E+01  -0.1214306E-14  -0.3504141E-15   0.1146736E+02  -0.1318390E-15  -0.3295975E-16   0.8416887E+00   0.7608028E+02
  0.5000000000000E+01  -0.1238593E-14  -0.4683753E-15   0.1150340E+02  -0.1318390E-15  -0.2428613E-16   0.8145663E+00   0.7609153E+02
  0.5041666666667E+01  -0.1231654E-14   0.9714451E-16   0.1153493E+02  -0.1318390E-15  -0.0000000E+00   0.7901460E+00   0.7609774E+02
  0.5083333333333E+01  -0.1238593E-14  -0.1214306E-15   0.1155989E+02  -0.1318390E-15  -0.1561251E-16   0.7693855E+00   0.7609990E+02
  0.5125000000000E+01  -0.1249001E-14  -0.1734723E-15   0.1157598E+02  -0.1318390E-15  -0.2081668E-16   0.7530801E+00   0.7609971E+02
  0.5166666666667E+01  -0.1245531E-14  -0.2775558E-16   0.1158073E+02  -0.1318390E-15  -0.1040834E-16   0.7419669E+00   0.7609904E+02
  0.5208333333333E+01  -0.1255940E-14  -0.1526557E-15   0.1157159E+02  -0.1318390E-15  -0.6938894E-17   0.7368103E+00   0.7609963E+02
  0.5250000000000E+01  -0.1280226E-14  -0.4440892E-15   0.1154611E+02  -0.1318390E-15  -0.1387779E-16   0.7383916E+00   0.7610268E+02
  0.5291666666667E+01  -0.1287165E-14  -0.2706169E-15   0.1150228E+02  -0.1318390E-15  -0.1387779E-16   0.7473952E+00   0.7610874E+02
  0.5333333333333E+01  -0.1304512E-14  -0.4787837E-15   0.1143910E+02  -0.1318390E-15  -0.1040834E-16   0.7642109E+00   0.7611764E+02
  0.5375000000000E+01  -0.1311451E-14  -0.6938894E-16   0.1135738E+02  -0.1335737E-15  -0.2775558E-16   0.7886686E+00   0.7612873E+02
  0.5416666666667E+01  -0.1318390E-14  -0.3053113E-15   0.1126064E+02  -0.1353084E-15  -0.2775558E-16   0.8197041E+00   0.7614114E+02
  0.5458333333333E+01  -0.1325329E-14  -0.1804112E-15   0.1115564E+02  -0.1353084E-15  -0.2775558E-16   0.8550789E+00   0.7615383E+02
  0.5500000000000E+01  -0.1339207E-14  -0.1387779E-15   0.1105209E+02  -0.1370432E-15  -0.2602085E-16   0.8913320E+00   0.7616559E+02
  0.5541666666667E+01  -0.1360023E-14  -0.4232725E-15   0.1096126E+02  -0.1370432E-15  -0.1734723E-16   0.9240480E+00   0.7617513E+02
  0.5583333333333E+01  -0.1380840E-14  -0.2775558E-15   0.1089381E+02  -0.1370432E-15  -0.1734723E-17   0.9483700E+00   0.7618147E+02
  0.5625000000000E+01  -0.1360023E-14   0.3747003E-15   0.1085791E+02  -0.1370432E-15  -0.1214306E-16   0.9596057E+00   0.7618396E+02
  0.5666666666667E+01  -0.1380840E-14  -0.2844947E-15   0.1085799E+02  -0.1379105E-15  -0.3469447E-16   0.9539211E+00   0.7618247E+02
  0.5708333333333E+01  -0.1387779E-14  -0.3191891E-15   0.1089404E+02  -0.1387779E-15  -0.1561251E-16   0.9290674E+00   0.7617735E+02
  0.5750000000000E+01  -0.1387779E-14   0.9714451E-16   0.1096169E+02  -0.1413800E-15  -0.7632783E-16   0.8849756E+00   0.7616947E+02
  0.5791666666667E+01  -0.1408595E-14  -0.5134781E-15   0.1105286E+02  -0.1422473E-15  -0.1734723E-16   0.8239743E+00   0.7616011E+02
  0.5833333333333E+01  -0.1422473E-14  -0.2498002E-15   0.1115695E+02  -0.1431147E-15  -0.3122502E-16   0.7504699E+00   0.7615091E+02
  0.5875000000000E+01  -0.1415534E-14  -0.6591949E-16   0.1126244E+02  -0.1448494E-15  -0.2949030E-16   0.6701583E+00   0.7614375E+02
  0.5916666666667E+01  -0.1415534E-14   0.7632783E-16   0.1135866E+02  -0.1465841E-15  -0.4423545E-16   0.5890564E+00   0.7614062E+02
  0.5958333333333E+01  -0.1422473E-14  -0.2151057E-15   0.1143761E+02  -0.1465841E-15  -0.2168404E-16   0.5129796E+00   0.7614310E+02
  0.6000000000000E+01  -0.1422473E-14  -0.2081668E-16   0.1149511E+02  -0.1483189E-15  -0.2428613E-16   0.4473573E+00   0.7615184E+02
  0.6041666666667E+01  -0.1443290E-14  -0.2428613E-15   0.1153017E+02  -0.1491862E-15  -0.8673617E-17   0.3960814E+00   0.7616654E+02
  0.6083333333333E+01  -0.1457168E-14  -0.4683753E-15   0.1154393E+02  -0.1500536E-15  -0.1908196E-16   0.3593666E+00   0.7618628E+02
  0.6125000000000E+01  -0.1464107E-14  -0.2983724E-15   0.1154378E+02  -0.1500536E-15  -0.5204170E-17   0.3283246E+00   0.7620986E+02
  0.6166666666667E+01  -0.1477984E-14  -0.3157197E-15   0.1156707E+02  -0.1500536E-15  -0.8673617E-17   0.2676323E+00   0.7623395E+02
  0.6208333333333E+01  -0.1491862E-14  -0.2567391E-15   0.1163151E+02  -0.1504873E-15   0.8673617E-18   0.1516946E+00   0.7625974E+02
  0.6250000000000E+01  -0.1512679E-14  -0.4735795E-15   0.1173546E+02  -0.1500536E-15   0.1301043E-17  -0.1994237E-01   0.7628770E+02
  0.6291666666667E+01  -0.1533496E-14  -0.5230191E-15   0.1195290E+02  -0.1500536E-15  -0.4336809E-18  -0.2242778E+00   0.7629972E+02
  0.6333333333333E+01  -0.1540434E-14  -0.1439820E-15   0.1262741E+02  -0.1500536E-15  -0.8673617E-18  -0.4710265E+00   0.7622595E+02
  0.6375000000000E+01  -0.1561251E-14  -0.4926615E-15   0.1404171E+02  -0.1504873E-15   0.1734723E-17  -0.7867373E+00   0.7600579E+02
  0.6416666666667E+01  -0.1568190E-14  -0.1006140E-15   0.1398406E+02  -0.1504873E-15   0.1301043E-16  -0.9667561E+00   0.7565241E+02
  0.6458333333333E+01   0.1154323E-01   0.2770375E+00   0.1377254E+02  -0.7980150E-03  -0.1915236E-01  -0.1012810E+01   0.7546874E+02
  0.6500000000000E+01   0.3920101E-01   0.6637867E+00   0.1336515E+02  -0.2831924E-02  -0.4881381E-01  -0.9318964E+00   0.7550626E+02
  0.6541666666667E+01   0.7825502E-01   0.9372962E+00   0.1279937E+02  -0.5554998E-02  -0.6535377E-01  -0.6970577E+00   0.7557893E+02
  0.6583333333333E+01   0.1211318E+00   0.1029043E+01   0.1215504E+02  -0.7890080E-02  -0.5604197E-01  -0.3209652E+00   0.7551477E+02
  0.6625000000000E+01   0.1647466E+00   0.1046754E+01   0.1147601E+02  -0.9041768E-02  -0.2764052E-01   0.7383714E-01   0.7535089E+02
  0.6666666666667E+01   0.2114432E+00   0.1120719E+01   0.1075718E+02  -0.8741320E-02   0.7210757E-02   0.3342824E+00   0.7527730E+02
  0.6708333333333E+01   0.2637066E+00   0.1254322E+01   0.9983592E+01  -0.7117221E-02   0.3897839E-01   0.4162991E+00   0.7541193E+02
  0.6750000000000E+01   0.3193237E+00   0.1334811E+01   0.9475555E+01  -0.4798079E-02   0.5565940E-01   0.3698145E+00   0.7568974E+02
  0.6791666666667E+01   0.3702517E+00   0.1222271E+01   0.9504191E+01  -0.2810450E-02   0.4770311E-01   0.2625683E+00   0.7589848E+02
  0.6833333333333E+01   0.4087070E+00   0.9229279E+00   0.9505866E+01  -0.1748061E-02   0.2549734E-01   0.1712040E+00   0.7589506E+02
  0.6875000000000E+01   0.4371278E+00   0.6820998E+00   0.9496374E+01  -0.1236192E-02   0.1228486E-01   0.1941641E+00   0.7581966E+02
  0.6916666666667E+01   0.4640077E+00   0.6451163E+00   0.9500134E+01  -0.6866028E-03   0.1319013E-01   0.2699643E+00   0.7586641E+02
  0.6958333333333E+01   0.4950560E+00   0.7451595E+00   0.9522863E+01   0.1956938E-03   0.2117512E-01   0.3077356E+00   0.7606528E+02
  0.7000000000000E+01   0.5287193E+00   0.8079191E+00   0.9549109E+01   0.1283538E-02   0.2610827E-01   0.2891349E+00   0.7627904E+02
  0.7041666666667E+01   0.5595291E+00   0.7394352E+00   0.9563103E+01   0.2216420E-02   0.2238916E-01   0.2393833E+00   0.7638416E+02
  0.7083333333333E+01   0.5844323E+00   0.5976775E+00   0.9565456E+01   0.2839797E-02   0.1496104E-01   0.2132637E+00   0.7639861E+02
  0.7125000000000E+01   0.6054719E+00   0.5049506E+00   0.9568525E+01   0.3308879E-02   0.1125797E-01   0.2375299E+00   0.7642894E+02
  0.7166666666667E+01   0.6270956E+00   0.5189688E+00   0.9580167E+01   0.3845667E-02   0.1288293E-01   0.2730141E+00   0.7653380E+02
  0.7208333333333E+01   0.6517876E+00   0.5926072E+00   0.9596866E+01   0.4549335E-02   0.1688802E-01   0.2718875E+00   0.7667264E+02
  0.7250000000000E+01   0.6783655E+00   0.6378697E+00   0.9610700E+01   0.5302310E-02   0.1807140E-01   0.2150301E+00   0.7677587E+02
  0.7291666666667E+01   0.7038118E+00   0.6107112E+00   0.9618911E+01   0.5871646E-02   0.1366407E-01   0.1198454E+00   0.7683048E+02
  0.7333333333333E+01   0.7261556E+00   0.5362513E+00   0.9625796E+01   0.6150036E-02   0.6681343E-02   0.3839667E-01   0.7688227E+02
  0.7375000000000E+01   0.7456619E+00   0.4681512E+00   0.9636575E+01   0.6227845E-02   0.1867424E-02   0.1791216E-01   0.7697159E+02
  0.7416666666667E+01   0.7637922E+00   0.4351283E+00   0.9650445E+01   0.6261545E-02   0.8088030E-03   0.5779370E-01   0.7708848E+02
  0.7458333333333E+01   0.7814690E+00   0.4242431E+00   0.9662206E+01   0.6367406E-02   0.2540669E-02   0.1242541E+00   0.7719171E+02
  0.7500000000000E+01   0.7983584E+00   0.4053454E+00   0.9668920E+01   0.6584601E-02   0.5212662E-02   0.1857603E+00   0.7725587E+02
  0.7541666666667E+01   0.8135626E+00   0.3649007E+00   0.9672143E+01   0.6876705E-02   0.7010510E-02   0.2280658E+00   0.7729026E+02
  0.7583333333333E+01   0.8267825E+00   0.3172763E+00   0.9674875E+01   0.7188425E-02   0.7481265E-02   0.2559380E+00   0.7731883E+02
  0.7625000000000E+01   0.8387657E+00   0.2875988E+00   0.9678241E+01   0.7505429E-02   0.7608103E-02   0.2837977E+00   0.7735334E+02
  0.7666666666667E+01   0.8507005E+00   0.2864339E+00   0.9681251E+01   0.7855395E-02   0.8399179E-02   0.3192210E+00   0.7738761E+02
  0.7708333333333E+01   0.8632574E+00   0.3013672E+00   0.9682580E+01   0.8269437E-02   0.9937014E-02   0.3564219E+00   0.7740948E+02
  0.7750000000000E+01   0.8762565E+00   0.3119780E+00   0.9682063E+01   0.8747941E-02   0.1148411E-01   0.3814587E+00   0.7741312E+02
  0.7791666666667E+01   0.8892085E+00   0.3108475E+00   0.9680919E+01   0.9258230E-02   0.1224692E-01   0.3806155E+00   0.7740332E+02
  0.7833333333333E+01   0.9020313E+00   0.3077477E+00   0.9680975E+01   0.9762372E-02   0.1209942E-01   0.3486479E+00   0.7739376E+02
  0.7875000000000E+01   0.9150875E+00   0.3133476E+00   0.9683639E+01   0.1023257E-01   0.1128481E-01   0.2909530E+00   0.7740007E+02
  0.7916666666667E+01   0.9285278E+00   0.3225666E+00   0.9688939E+01   0.1063640E-01   0.9691783E-02   0.2169806E+00   0.7742807E+02
  0.7958333333333E+01   0.9418189E+00   0.3189868E+00   0.9694843E+01   0.1093405E-01   0.7143604E-02   0.1341440E+00   0.7746476E+02
  0.8000000000000E+01   0.9541993E+00   0.2971300E+00   0.9698051E+01   0.1110535E-01   0.4111279E-02   0.4827160E-01   0.7748476E+02
  0.8041666666667E+01   0.9656997E+00   0.2760099E+00   0.9696594E+01   0.1116259E-01   0.1373826E-02  -0.3399487E-01   0.7747211E+02
  0.8083333333333E+01   0.9775395E+00   0.2841557E+00   0.9691967E+01   0.1112108E-01  -0.9962092E-03  -0.1069388E+00   0.7743797E+02
  0.8125000000000E+01   0.9912347E+00   0.3286850E+00   0.9688111E+01   0.1096998E-01  -0.3626631E-02  -0.1692793E+00   0.7741325E+02
  0.8166666666667E+01   0.1007172E+01   0.3825019E+00   0.9687844E+01   0.1069150E-01  -0.6683413E-02  -0.2231125E+00   0.7742011E+02
  0.8208333333333E+01   0.1024139E+01   0.4071961E+00   0.9690213E+01   0.1030076E-01  -0.9377785E-02  -0.2705036E+00   0.7744990E+02
  0.8250000000000E+01   0.1040408E+01   0.3904644E+00   0.9691580E+01   0.9846598E-02  -0.1089986E-01  -0.3110180E+00   0.7747141E+02
  0.8291666666667E+01   0.1055355E+01   0.3587188E+00   0.9689439E+01   0.9366937E-02  -0.1151185E-01  -0.3411625E+00   0.7746203E+02
  0.8333333333333E+01   0.1069945E+01   0.3501594E+00   0.9685021E+01   0.8853228E-02  -0.1232902E-01  -0.3574283E+00   0.7743012E+02
  0.8375000000000E+01   0.1085593E+01   0.3755620E+00   0.9682080E+01   0.8275719E-02  -0.1386022E-01  -0.3598187E+00   0.7740636E+02
  0.8416666666667E+01   0.1102573E+01   0.4075169E+00   0.9683378E+01   0.7644690E-02  -0.1514470E-01  -0.3511007E+00   0.7741451E+02
  0.8458333333333E+01   0.1119609E+01   0.4088614E+00   0.9688459E+01   0.7027001E-02  -0.1482453E-01  -0.3347622E+00   0.7745201E+02
  0.8500000000000E+01   0.1135027E+01   0.3700275E+00   0.9694705E+01   0.6494275E-02  -0.1278544E-01  -0.3137640E+00   0.7749818E+02
  0.8541666666667E+01   0.1148230E+01   0.3168686E+00   0.9700247E+01   0.6066971E-02  -0.1025528E-01  -0.2889059E+00   0.7753790E+02
  0.8583333333333E+01   0.1160014E+01   0.2828183E+00   0.9705541E+01   0.5716001E-02  -0.8423278E-02  -0.2584382E+00   0.7757484E+02
  0.8625000000000E+01   0.1171520E+01   0.2761597E+00   0.9712216E+01   0.5409603E-02  -0.7353553E-02  -0.2209067E+00   0.7762273E+02
  0.8666666666667E+01   0.1183012E+01   0.2757993E+00   0.9720899E+01   0.5148223E-02  -0.6273123E-02  -0.1784283E+00   0.7768780E+02
  0.8708333333333E+01   0.1193718E+01   0.2569349E+00   0.9730307E+01   0.4951720E-02  -0.4716072E-02  -0.1378606E+00   0.7776070E+02
  0.8750000000000E+01   0.1202780E+01   0.2174989E+00   0.9738459E+01   0.4823322E-02  -0.3081560E-02  -0.1087171E+00   0.7782555E+02
  0.8791666666667E+01   0.1210222E+01   0.1786166E+00   0.9744408E+01   0.4740238E-02  -0.1994019E-02  -0.9693912E-01   0.7787408E+02
  0.8833333333333E+01   0.1216959E+01   0.1616755E+00   0.9748664E+01   0.4673222E-02  -0.1608377E-02  -0.1003861E+00   0.7790984E+02
  0.8875000000000E+01   0.1223959E+01   0.1680095E+00   0.9752220E+01   0.4601136E-02  -0.1730064E-02  -0.1124036E+00   0.7794057E+02
  0.8916666666667E+01   0.1231504E+01   0.1810743E+00   0.9755459E+01   0.4514175E-02  -0.2087054E-02  -0.1276806E+00   0.7796912E+02
  0.8958333333333E+01   0.1239230E+01   0.1854195E+00   0.9758021E+01   0.4413059E-02  -0.2426793E-02  -0.1440610E+00   0.7799237E+02
  0.9000000000000E+01   0.1246762E+01   0.1807661E+00   0.9759489E+01   0.4301863E-02  -0.2668712E-02  -0.1612425E+00   0.7800684E+02
  0.9041666666667E+01   0.1254181E+01   0.1780656E+00   0.9759977E+01   0.4179282E-02  -0.2941932E-02  -0.1783260E+00   0.7801338E+02
  0.9083333333333E+01   0.1261889E+01   0.1849974E+00   0.9760012E+01   0.4038444E-02  -0.3380115E-02  -0.1924109E+00   0.7801590E+02
  0.9125000000000E+01   0.1270132E+01   0.1978142E+00   0.9760040E+01   0.3875955E-02  -0.3899749E-02  -0.1994887E+00   0.7801732E+02
  0.9166666666667E+01   0.1278748E+01   0.2067877E+00   0.9760191E+01   0.3699846E-02  -0.4226602E-02  -0.1965711E+00   0.7801809E+02
  0.9208333333333E+01   0.1287376E+01   0.2070830E+00   0.9760474E+01   0.3526068E-02  -0.4170671E-02  -0.1835303E+00   0.7801833E+02
  0.9250000000000E+01   0.1295827E+01   0.2028131E+00   0.9760993E+01   0.3367169E-02  -0.3813580E-02  -0.1633141E+00   0.7801966E+02
  0.9291666666667E+01   0.1304222E+01   0.2014867E+00   0.9761873E+01   0.3226705E-02  -0.3371135E-02  -0.1399007E+00   0.7802396E+02
  0.9333333333333E+01   0.1312829E+01   0.2065712E+00   0.9763055E+01   0.3103353E-02  -0.2960442E-02  -0.1158588E+00   0.7803119E+02
  0.9375000000000E+01   0.1321832E+01   0.2160587E+00   0.9764310E+01   0.2996521E-02  -0.2563983E-02  -0.9183353E-01   0.7803951E+02
  0.9416666666667E+01   0.1331277E+01   0.2266840E+00   0.9765550E+01   0.2907689E-02  -0.2131967E-02  -0.6770568E-01   0.7804821E+02
  0.9458333333333E+01   0.1341170E+01   0.2374362E+00   0.9767065E+01   0.2839098E-02  -0.1646173E-02  -0.4374818E-01   0.7805969E+02
  0.9500000000000E+01   0.1351521E+01   0.2484344E+00   0.9769283E+01   0.2792733E-02  -0.1112776E-02  -0.2064130E-01   0.7807754E+02
  0.9541666666667E+01   0.1362259E+01   0.2577068E+00   0.9772197E+01   0.2770045E-02  -0.5445029E-03   0.9163143E-03   0.7810164E+02
  0.9583333333333E+01   0.1373144E+01   0.2612225E+00   0.9775129E+01   0.2771066E-02   0.2449417E-04   0.2065605E-01   0.7812625E+02
  0.9625000000000E+01   0.1383833E+01   0.2565494E+00   0.9777144E+01   0.2793654E-02   0.5421204E-03   0.3877222E-01   0.7814351E+02
  0.9666666666667E+01   0.1394074E+01   0.2457901E+00   0.9777743E+01   0.2834267E-02   0.9747045E-03   0.5563784E-01   0.7814918E+02
  0.9708333333333E+01   0.1403831E+01   0.2341627E+00   0.9777162E+01   0.2889785E-02   0.1332446E-02   0.7142560E-01   0.7814519E+02
  0.9750000000000E+01   0.1413232E+01   0.2256118E+00   0.9776117E+01   0.2958459E-02   0.1648174E-02   0.8583362E-01   0.7813745E+02
  0.9791666666667E+01   0.1422399E+01   0.2200206E+00   0.9775261E+01   0.3038949E-02   0.1931765E-02   0.9817252E-01   0.7813128E+02
  0.9833333333333E+01   0.1431341E+01   0.2146108E+00   0.9774823E+01   0.3128755E-02   0.2155327E-02   0.1074479E+00   0.7812844E+02
  0.9875000000000E+01   0.1439985E+01   0.2074472E+00   0.9774708E+01   0.3223768E-02   0.2280325E-02   0.1125231E+00   0.7812797E+02
  0.9916666666667E+01   0.1448283E+01   0.1991666E+00   0.9774828E+01   0.3319299E-02   0.2292738E-02   0.1124402E+00   0.7812896E+02
  0.9958333333333E+01   0.1456262E+01   0.1914828E+00   0.9775261E+01   0.3411075E-02   0.2202633E-02   0.1066581E+00   0.7813202E+02
  0.1000000000000E+02   0.1463956E+01   0.1846508E+00   0.9776149E+01   0.3495022E-02   0.2014728E-02   0.9505928E-01   0.7813843E+02
  0.1004166666667E+02   0.1471324E+01   0.1768329E+00   0.9777503E+01   0.3566666E-02   0.1719451E-02   0.7775992E-01   0.7814844E+02
  0.1008333333333E+02   0.1478234E+01   0.1658388E+00   0.9779134E+01   0.3621620E-02   0.1318906E-02   0.5512140E-01   0.7816074E+02
  0.1012500000000E+02   0.1484529E+01   0.1510905E+00   0.9780741E+01   0.3657106E-02   0.8516422E-03   0.2784604E-01   0.7817317E+02
  0.1016666666667E+02   0.1490104E+01   0.1337903E+00   0.9782000E+01   0.3672977E-02   0.3809047E-03  -0.2889643E-02   0.7818334E+02
  0.1020833333333E+02   0.1494919E+01   0.1155542E+00   0.9782622E+01   0.3671554E-02  -0.3413517E-04  -0.3562178E-01   0.7818906E+02
  0.1025000000000E+02   0.1498970E+01   0.9723242E-01   0.9782389E+01   0.3656802E-02  -0.3540556E-03  -0.6898028E-01   0.7818860E+02
  0.1029166666667E+02   0.1502263E+01   0.7903155E-01   0.9781197E+01   0.3633582E-02  -0.5572890E-03  -0.1020008E+00   0.7818107E+02
  0.1033333333333E+02   0.1504818E+01   0.6132982E-01   0.9779087E+01   0.3606933E-02  -0.6395626E-03  -0.1341877E+00   0.7816673E+02
  0.1037500000000E+02   0.1506690E+01   0.4492896E-01   0.9776221E+01   0.3581245E-02  -0.6165108E-03  -0.1654077E+00   0.7814684E+02
  0.1041666666667E+02   0.1507959E+01   0.3046009E-01   0.9772838E+01   0.3559772E-02  -0.5153662E-03  -0.1940448E+00   0.7812304E+02
  0.1045833333333E+02   0.1508714E+01   0.1811843E-01   0.9769105E+01   0.3544782E-02  -0.3597509E-03  -0.2206665E+00   0.7809664E+02
  0.1050000000000E+02   0.1509069E+01   0.8504550E-02   0.9765267E+01   0.3536778E-02  -0.1921025E-03  -0.2469133E+00   0.7806990E+02
  0.1054166666667E+02   0.1509144E+01   0.1794459E-02   0.9738476E+01   0.3534887E-02  -0.4537263E-04  -0.2706291E+00   0.7804523E+02
  0.1058333333333E+02   0.1509144E+01  -0.3816392E-15   0.9709238E+01   0.3534887E-02   0.3469447E-17  -0.2918586E+00   0.7802553E+02
  0.1062500000000E+02   0.1509144E+01   0.2116363E-15   0.9676517E+01   0.3534887E-02  -0.0000000E+00  -0.3104329E+00   0.7800867E+02
  0.1066666666667E+02   0.1509144E+01  -0.3157197E-15   0.9648802E+01   0.3534887E-02   0.3469447E-17  -0.3251303E+00   0.7799144E+02
  0.1070833333333E+02   0.1509144E+01   0.9367507E-16   0.9630297E+01   0.3534887E-02  -0.0000000E+00  -0.3344300E+00   0.7797392E+02
  0.1075000000000E+02   0.1509144E+01  -0.4510281E-16   0.9623573E+01   0.3534887E-02   0.3469447E-17  -0.3379027E+00   0.7795667E+02
  0.1079166666667E+02   0.1509144E+01  -0.1006140E-15   0.9635185E+01   0.3534887E-02   0.6938894E-17  -0.3358657E+00   0.7793967E+02
  0.1083333333333E+02   0.1509144E+01  -0.6938894E-17   0.9666572E+01   0.3534887E-02  -0.0000000E+00  -0.3276105E+00   0.7792352E+02
  0.1087500000000E+02   0.1509144E+01  -0.1110223E-15   0.9713227E+01   0.3534887E-02  -0.0000000E+00  -0.3130430E+00   0.7791005E+02
  0.1091666666667E+02   0.1509144E+01  -0.4649059E-15   0.9743546E+01   0.3534887E-02   0.3469447E-17  -0.2926197E+00   0.7789949E+02
  0.1095833333333E+02   0.1509347E+01   0.4888814E-02   0.9743853E+01   0.3528770E-02  -0.1468216E-03  -0.2682643E+00   0.7789621E+02
  0.1100000000000E+02   0.1510065E+01   0.1722872E-01   0.9745513E+01   0.3509006E-02  -0.4743349E-03  -0.2424173E+00   0.7790440E+02
  0.1104166666667E+02   0.1511317E+01   0.3004359E-01   0.9748078E+01   0.3477867E-02  -0.7473272E-03  -0.2150760E+00   0.7792042E+02
  0.1108333333333E+02   0.1512877E+01   0.3745430E-01   0.9750746E+01   0.3443435E-02  -0.8263703E-03  -0.1857587E+00   0.7793762E+02
  0.1112500000000E+02   0.1514467E+01   0.3815562E-01   0.9752892E+01   0.3413148E-02  -0.7268920E-03  -0.1544764E+00   0.7795096E+02
  0.1116666666667E+02   0.1515912E+01   0.3466999E-01   0.9754230E+01   0.3390267E-02  -0.5491390E-03  -0.1219195E+00   0.7795827E+02
  0.1120833333333E+02   0.1517185E+01   0.3055085E-01   0.9754687E+01   0.3374356E-02  -0.3818594E-03  -0.8640378E-01   0.7795892E+02
  0.1125000000000E+02   0.1518367E+01   0.2837349E-01   0.9754336E+01   0.3363884E-02  -0.2513230E-03  -0.4803571E-01   0.7795379E+02
  0.1129166666667E+02   0.1519538E+01   0.2809423E-01   0.9753200E+01   0.3358120E-02  -0.1383515E-03  -0.8516388E-02   0.7794337E+02
  0.1133333333333E+02   0.1520703E+01   0.2796644E-01   0.9751154E+01   0.3357102E-02  -0.2441999E-04   0.3005336E-01   0.7792667E+02
  0.1137500000000E+02   0.1521822E+01   0.2685666E-01   0.9748451E+01   0.3360551E-02   0.8277306E-04   0.6614142E-01   0.7790563E+02
  0.1141666666667E+02   0.1522815E+01   0.2383929E-01   0.9745515E+01   0.3367290E-02   0.1617451E-03   0.9750114E-01   0.7788335E+02
  0.1145833333333E+02   0.1523585E+01   0.1846900E-01   0.9742700E+01   0.3374990E-02   0.1847771E-03   0.1234729E+00   0.7786236E+02
  0.1150000000000E+02   0.1524065E+01   0.1151938E-01   0.9740163E+01   0.3381072E-02   0.1459894E-03   0.1459816E+00   0.7784381E+02
  0.1154166666667E+02   0.1524279E+01   0.5141775E-02   0.9738114E+01   0.3384283E-02   0.7706283E-04   0.1668158E+00   0.7782952E+02
  0.1158333333333E+02   0.1524333E+01   0.1283556E-02   0.9735919E+01   0.3385200E-02   0.2198757E-04   0.1875959E+00   0.7782153E+02
  0.1162500000000E+02   0.1524333E+01  -0.3139849E-15   0.9730712E+01   0.3385200E-02  -0.5204170E-17   0.2081742E+00   0.7782021E+02
  0.1166666666667E+02   0.1524333E+01  -0.9974660E-16   0.9718811E+01   0.3385200E-02  -0.1734723E-17   0.2272106E+00   0.7782429E+02
  0.1170833333333E+02   0.1524333E+01  -0.4553649E-16   0.9699924E+01   0.3385200E-02  -0.6938894E-17   0.2439232E+00   0.7783082E+02
  0.1175000000000E+02   0.1524333E+01  -0.3009745E-15   0.9680244E+01   0.3385200E-02  -0.1040834E-16   0.2579937E+00   0.7783745E+02
  0.1179166666667E+02   0.1524333E+01  -0.1595946E-15   0.9660783E+01   0.3385200E-02  -0.5204170E-17   0.2677784E+00   0.7784348E+02
  0.1183333333333E+02   0.1524333E+01  -0.2612927E-15   0.9642020E+01   0.3385200E-02  -0.3469447E-17   0.2722704E+00   0.7784876E+02
  0.1187500000000E+02   0.1524333E+01  -0.1448494E-15   0.9623757E+01   0.3385200E-02  -0.1387779E-16   0.2714882E+00   0.7785357E+02
  0.1191666666667E+02   0.1524333E+01  -0.1127570E-15   0.9605603E+01   0.3385200E-02  -0.2081668E-16   0.2658982E+00   0.7785815E+02
  0.1195833333333E+02   0.1524333E+01  -0.1535230E-15   0.9587239E+01   0.3385200E-02  -0.2081668E-16   0.2559768E+00   0.7786250E+02
  0.1200000000000E+02   0.1524333E+01   0.3851086E-15   0.9568683E+01   0.3385200E-02  -0.1214306E-16   0.2420511E+00   0.7786651E+02
  0.1204166666667E+02   0.1524333E+01  -0.4857226E-15   0.9550380E+01   0.3385200E-02  -0.3469447E-17   0.2245324E+00   0.7787014E+02
  0.1208333333333E+02   0.1524333E+01  -0.4475587E-15   0.9533108E+01   0.3385200E-02  -0.1040834E-16   0.2042536E+00   0.7787354E+02
  0.1212500000000E+02   0.1524333E+01  -0.1340074E-15   0.9517722E+01   0.3385200E-02   0.1734723E-17   0.1825728E+00   0.7787692E+02
  0.1216666666667E+02   0.1524333E+01  -0.4011548E-15   0.9504849E+01   0.3385200E-02  -0.8673617E-17   0.1611975E+00   0.7788049E+02
  0.1220833333333E+02   0.1524333E+01  -0.2337540E-15   0.9494620E+01   0.3385200E-02  -0.1387779E-16   0.1418984E+00   0.7788435E+02
  0.1225000000000E+02   0.1524333E+01  -0.3898791E-15   0.9486586E+01   0.3385200E-02  -0.3469447E-17   0.1262524E+00   0.7788863E+02
  0.1229166666667E+02   0.1524333E+01   0.1003971E-15   0.9479849E+01   0.3385200E-02  -0.6938894E-17   0.1154288E+00   0.7789338E+02
  0.1233333333333E+02   0.1524333E+01  -0.3894454E-15   0.9473330E+01   0.3385200E-02   0.5204170E-17   0.1100052E+00   0.7789858E+02
  0.1237500000000E+02   0.1524333E+01  -0.2515349E-15   0.9466013E+01   0.3385200E-02  -0.0000000E+00   0.1098539E+00   0.7790416E+02
  0.1241666666667E+02   0.1524333E+01   0.3317659E-16   0.9457110E+01   0.3385200E-02  -0.3469447E-17   0.1141673E+00   0.7791011E+02
  0.1245833333333E+02   0.1524333E+01  -0.1973248E-15   0.9446161E+01   0.3385200E-02  -0.3469447E-17   0.1216275E+00   0.7791647E+02
  0.1250000000000E+02   0.1524333E+01  -0.1795439E-15   0.9433131E+01   0.3385200E-02  -0.8673617E-17   0.1306581E+00   0.7792323E+02
  0.1254166666667E+02   0.1524333E+01  -0.4440892E-15   0.9418466E+01   0.3385200E-02  -0.8673617E-17   0.1396811E+00   0.7793012E+02
  0.1258333333333E+02   0.1524333E+01   0.2255141E-16   0.9403009E+01   0.3385200E-02  -0.1734723E-17   0.1473260E+00   0.7793668E+02
  0.1262500000000E+02   0.1524333E+01  -0.2628106E-15   0.9387762E+01   0.3385200E-02  -0.2602085E-17   0.1525675E+00   0.7794240E+02
  0.1266666666667E+02   0.1524333E+01  -0.2411266E-15   0.9373592E+01   0.3385200E-02  -0.4336809E-17   0.1547817E+00   0.7794693E+02
  0.1270833333333E+02   0.1524333E+01  -0.2775558E-15   0.9361019E+01   0.3385200E-02   0.8673617E-18   0.1537337E+00   0.7795017E+02
  0.1275000000000E+02   0.1524333E+01  -0.6036838E-15   0.9350176E+01   0.3385200E-02   0.5204170E-17   0.1495307E+00   0.7795221E+02
  0.1279166666667E+02   0.1524333E+01  -0.3139849E-15   0.9340921E+01   0.3385200E-02  -0.9540979E-17   0.1425737E+00   0.7795326E+02
  0.1283333333333E+02   0.1524333E+01  -0.2289835E-15   0.9332991E+01   0.3385200E-02  -0.6071532E-17   0.1335178E+00   0.7795362E+02
  0.1287500000000E+02   0.1524333E+01  -0.2732189E-15   0.9326134E+01   0.3385200E-02   0.7806256E-17   0.1232195E+00   0.7795358E+02
  0.1291666666667E+02   0.1524333E+01  -0.1457168E-15   0.9320183E+01   0.3385200E-02  -0.8673617E-17   0.1126541E+00   0.7795339E+02
  0.1295833333333E+02   0.1524333E+01  -0.3452100E-15   0.9315071E+01   0.3385200E-02   0.5204170E-17   0.1028002E+00   0.7795321E+02
  0.1300000000000E+02   0.1524333E+01  -0.2541370E-15   0.9310792E+01   0.3385200E-02  -0.3469447E-17   0.9451528E-01   0.7795317E+02
  0.1304166666667E+02   0.1524333E+01  -0.2298509E-15   0.9307346E+01   0.3385200E-02  -0.1040834E-16   0.8841987E-01   0.7795344E+02
  0.1308333333333E+02   0.1524333E+01  -0.5104424E-15   0.9304666E+01   0.3385200E-02   0.3469447E-17   0.8480940E-01   0.7795422E+02
  0.1312500000000E+02   0.1524333E+01  -0.3035766E-15   0.9302571E+01   0.3385200E-02  -0.0000000E+00   0.8361001E-01   0.7795570E+02
  0.1316666666667E+02   0.1524333E+01   0.2558717E-16   0.9300767E+01   0.3385200E-02  -0.4336809E-17   0.8439820E-01   0.7795793E+02
  0.1320833333333E+02   0.1524333E+01  -0.9194034E-16   0.9298890E+01   0.3385200E-02  -0.8673617E-18   0.8649234E-01   0.7796087E+02
  0.1325000000000E+02   0.1524333E+01  -0.3157197E-15   0.9296605E+01   0.3385200E-02  -0.0000000E+00   0.8909626E-01   0.7796445E+02
  0.1329166666667E+02   0.1524333E+01  -0.1127570E-16   0.9293698E+01   0.3385200E-02  -0.8673617E-18   0.9144949E-01   0.7796860E+02
  0.1333333333333E+02   0.1524333E+01  -0.2584738E-15   0.9290145E+01   0.3385200E-02  -0.3469447E-17   0.9293847E-01   0.7797322E+02
  0.1337500000000E+02   0.1524333E+01  -0.2151057E-15   0.9286111E+01   0.3385200E-02  -0.8673617E-18   0.9314878E-01   0.7797817E+02
  0.1341666666667E+02   0.1524333E+01   0.2307182E-15   0.9281878E+01   0.3385200E-02  -0.6071532E-17   0.9186781E-01   0.7798320E+02
  0.1345833333333E+02   0.1524333E+01  -0.1032160E-15   0.9277733E+01   0.3385200E-02  -0.7806256E-17   0.8905854E-01   0.7798802E+02
  0.1350000000000E+02   0.1524333E+01  -0.4735795E-15   0.9273856E+01   0.3385200E-02   0.5204170E-17   0.8481852E-01   0.7799237E+02
  0.1354166666667E+02   0.1524333E+01  -0.2498002E-15   0.9270247E+01   0.3385200E-02   0.6071532E-17   0.7933071E-01   0.7799613E+02
  0.1358333333333E+02   0.1524333E+01  -0.3556183E-16   0.9266708E+01   0.3385200E-02  -0.1040834E-16   0.7281506E-01   0.7799931E+02
  0.1362500000000E+02   0.1524333E+01  -0.2055647E-15   0.9262905E+01   0.3385200E-02  -0.1734723E-17   0.6549493E-01   0.7800212E+02
  0.1366666666667E+02   0.1524333E+01  -0.4172010E-15   0.9258478E+01   0.3385200E-02  -0.1431147E-16   0.5758838E-01   0.7800480E+02
  0.1370833333333E+02   0.1524333E+01  -0.1405126E-15   0.9253168E+01   0.3385200E-02  -0.2168404E-17   0.4932100E-01   0.7800757E+02
  0.1375000000000E+02   0.1524333E+01  -0.4263083E-15   0.9246913E+01   0.3385200E-02   0.4336809E-17   0.4094441E-01   0.7801055E+02
  0.1379166666667E+02   0.1524333E+01  -0.2255141E-15   0.9239873E+01   0.3385200E-02   0.2602085E-17   0.3274401E-01   0.7801378E+02
  0.1383333333333E+02   0.1524333E+01  -0.1812786E-15   0.9232366E+01   0.3385200E-02  -0.4336809E-17   0.2502774E-01   0.7801724E+02
  0.1387500000000E+02   0.1524333E+01  -0.2649790E-15   0.9224754E+01   0.3385200E-02   0.3035766E-17   0.1809779E-01   0.7802091E+02
  0.1391666666667E+02   0.1524333E+01   0.2667137E-16   0.9217304E+01   0.3385200E-02  -0.2168404E-17   0.1221302E-01   0.7802477E+02
  0.1395833333333E+02   0.1524333E+01  -0.2667137E-15   0.9210099E+01   0.3385200E-02  -0.2602085E-17   0.7552160E-02   0.7802879E+02
  0.1400000000000E+02   0.1524333E+01  -0.2956619E-15   0.9203018E+01   0.3385200E-02  -0.6938894E-17   0.4187882E-02   0.7803289E+02
  0.1404166666667E+02   0.1524333E+01   0.1878922E-15   0.9195788E+01   0.3385200E-02  -0.5204170E-17   0.2079720E-02   0.7803700E+02
  0.1408333333333E+02   0.1524333E+01  -0.2039384E-15   0.9188097E+01   0.3385200E-02  -0.4336809E-17   0.1087319E-02   0.7804103E+02
  0.1412500000000E+02   0.1524333E+01  -0.2623769E-16   0.9179724E+01   0.3385200E-02  -0.4336809E-17   0.9981757E-03   0.7804498E+02
  0.1416666666667E+02   0.1524333E+01  -0.4414871E-15   0.9170626E+01   0.3385200E-02   0.3903128E-17   0.1559187E-02   0.7804889E+02
  0.1420833333333E+02   0.1524333E+01   0.2959872E-16   0.9160979E+01   0.3385200E-02  -0.5637851E-17   0.2502737E-02   0.7805285E+02
  0.1425000000000E+02   0.1524333E+01  -0.2773389E-15   0.9151154E+01   0.3385200E-02   0.8673617E-18   0.3563911E-02   0.7805693E+02
  0.1429166666667E+02   0.1524333E+01  -0.5288738E-15   0.9141619E+01   0.3385200E-02   0.3903128E-17   0.4491430E-02   0.7806117E+02
  0.1433333333333E+02   0.1524333E+01  -0.1624135E-15   0.9132827E+01   0.3385200E-02  -0.1301043E-17   0.5057686E-02   0.7806547E+02
  0.1437500000000E+02   0.1524333E+01  -0.4401861E-16   0.9125082E+01   0.3385200E-02  -0.6071532E-17   0.5072317E-02   0.7806967E+02
  0.1441666666667E+02   0.1524333E+01   0.2667137E-16   0.9118451E+01   0.3385200E-02  -0.1387779E-16   0.4400569E-02   0.7807355E+02
  0.1445833333333E+02   0.1524333E+01  -0.6683022E-15   0.9112742E+01   0.3385200E-02   0.3469447E-17   0.2983446E-02   0.7807692E+02
  0.1450000000000E+02   0.1524333E+01  -0.1235990E-15   0.9107572E+01   0.3385200E-02  -0.3469447E-17   0.8527142E-03   0.7807972E+02
  0.1454166666667E+02   0.1524333E+01  -0.3278627E-15   0.9102495E+01   0.3385200E-02   0.1734723E-17  -0.1867605E-02   0.7808201E+02
  0.1458333333333E+02   0.1524333E+01  -0.2735442E-15   0.9097168E+01   0.3385200E-02  -0.4336809E-17  -0.4978204E-02   0.7808398E+02
  0.1462500000000E+02   0.1524333E+01  -0.5875292E-15   0.9091472E+01   0.3385200E-02  -0.1734723E-17  -0.8237192E-02   0.7808588E+02
  0.1466666666667E+02   0.1524333E+01  -0.3972517E-15   0.9085549E+01   0.3385200E-02  -0.0000000E+00  -0.1139846E-01   0.7808790E+02
  0.1470833333333E+02   0.1524333E+01  -0.4245736E-15   0.9079743E+01   0.3385200E-02   0.3469447E-17  -0.1424422E-01   0.7809014E+02
  0.1475000000000E+02   0.1524333E+01  -0.3794708E-18   0.9074460E+01   0.3385200E-02  -0.2602085E-17  -0.1660553E-01   0.7809258E+02
  0.1479166666667E+02   0.1524333E+01  -0.3165870E-15   0.9070010E+01   0.3385200E-02   0.4336809E-17  -0.1837218E-01   0.7809513E+02
  0.1483333333333E+02   0.1524333E+01  -0.1008308E-15   0.9066491E+01   0.3385200E-02   0.8673617E-18  -0.1949569E-01   0.7809765E+02
  0.1487500000000E+02   0.1524333E+01  -0.2531612E-15   0.9063749E+01   0.3385200E-02  -0.1734723E-17  -0.1998674E-01   0.7809999E+02
  0.1491666666667E+02   0.1524333E+01  -0.1552578E-15   0.9061430E+01   0.3385200E-02   0.1734723E-17  -0.1990404E-01   0.7810210E+02
  0.1495833333333E+02   0.1524333E+01  -0.4549312E-15   0.9059087E+01   0.3385200E-02   0.3469447E-17  -0.1933363E-01   0.7810398E+02
  0.1500000000000E+02   0.1524333E+01  -0.4987330E-15   0.9056331E+01   0.3385200E-02   0.4336809E-17  -0.1836395E-01   0.7810572E+02
  0.1504166666667E+02   0.1524333E+01  -0.1233822E-15   0.9052943E+01   0.3385200E-02  -0.8673617E-17  -0.1706808E-01   0.7810749E+02
  0.1508333333333E+02   0.1524333E+01   0.2271404E-15   0.9048945E+01   0.3385200E-02  -0.6071532E-17  -0.1550224E-01   0.7810941E+02
  0.1512500000000E+02   0.1524333E+01  -0.1327063E-15   0.9044587E+01   0.3385200E-02   0.5204170E-17  -0.1371995E-01   0.7811156E+02
  0.1516666666667E+02   0.1524333E+01   0.9616873E-16   0.9040259E+01   0.3385200E-02  -0.6071532E-17  -0.1179157E-01   0.7811389E+02
  0.1520833333333E+02   0.1524333E+01   0.1035413E-15   0.9036362E+01   0.3385200E-02  -0.6071532E-17  -0.9815883E-02   0.7811624E+02
  0.1525000000000E+02   0.1524333E+01  -0.6657001E-15   0.9033184E+01   0.3385200E-02   0.5204170E-17  -0.7916535E-02   0.7811842E+02
  0.1529166666667E+02   0.1524333E+01  -0.2118531E-15   0.9030817E+01   0.3385200E-02   0.8673617E-17  -0.6225725E-02   0.7812023E+02
  0.1533333333333E+02   0.1524333E+01   0.1507041E-15   0.9029140E+01   0.3385200E-02  -0.5204170E-17  -0.4863060E-02   0.7812157E+02
  0.1537500000000E+02   0.1524333E+01  -0.4074432E-15   0.9027873E+01   0.3385200E-02   0.1734723E-17  -0.3917253E-02   0.7812244E+02
  0.1541666666667E+02   0.1524333E+01  -0.3584372E-15   0.9026669E+01   0.3385200E-02   0.8673617E-18  -0.3433986E-02   0.7812297E+02
  0.1545833333333E+02   0.1524333E+01  -0.2138047E-15   0.9025217E+01   0.3385200E-02  -0.1734723E-17  -0.3409755E-02   0.7812335E+02
  0.1550000000000E+02   0.1524333E+01  -0.4417582E-15   0.9023320E+01   0.3385200E-02   0.8673617E-18  -0.3790898E-02   0.7812375E+02
  0.1554166666667E+02   0.1524333E+01  -0.1194249E-15   0.9020931E+01   0.3385200E-02  -0.9540979E-17  -0.4478688E-02   0.7812427E+02
  0.1558333333333E+02   0.1524333E+01  -0.2465476E-15   0.9018142E+01   0.3385200E-02   0.8673617E-18  -0.5342363E-02   0.7812494E+02
  0.1562500000000E+02   0.1524333E+01  -0.3629909E-15   0.9015143E+01   0.3385200E-02   0.1734723E-17  -0.6240423E-02   0.7812570E+02
  0.1566666666667E+02   0.1524333E+01  -0.2282246E-15   0.9012154E+01   0.3385200E-02   0.1734723E-17  -0.7046642E-02   0.7812644E+02
  0.1570833333333E+02   0.1524333E+01  -0.2428613E-15   0.9009373E+01   0.3385200E-02   0.8673617E-18  -0.7673291E-02   0.7812708E+02
  0.1575000000000E+02   0.1524333E+01  -0.1385610E-15   0.9006930E+01   0.3385200E-02  -0.0000000E+00  -0.8083358E-02   0.7812754E+02
  0.1579166666667E+02   0.1524333E+01  -0.3250438E-15   0.9004866E+01   0.3385200E-02  -0.8673617E-18  -0.8287350E-02   0.7812782E+02
  0.1583333333333E+02   0.1524333E+01  -0.6025996E-15   0.9003140E+01   0.3385200E-02   0.1734723E-17  -0.8327155E-02   0.7812795E+02
  0.1587500000000E+02   0.1524333E+01  -0.1908196E-15   0.9001652E+01   0.3385200E-02  -0.0000000E+00  -0.8255444E-02   0.7812800E+02
  0.1591666666667E+02   0.1524333E+01  -0.3640751E-15   0.9000282E+01   0.3385200E-02  -0.4336809E-17  -0.8120371E-02   0.7812803E+02
  0.1595833333333E+02   0.1524333E+01  -0.1333569E-15   0.8998929E+01   0.3385200E-02   0.6071532E-17  -0.7961095E-02   0.7812810E+02
  0.1600000000000E+02   0.1524333E+01  -0.4734711E-15   0.8997536E+01   0.3385200E-02  -0.2602085E-17  -0.7812517E-02   0.7812823E+02
  0.1604166666667E+02   0.1524333E+01   0.3968180E-16   0.8996099E+01   0.3385200E-02  -0.5204170E-17  -0.7712242E-02   0.7812839E+02
  0.1608333333333E+02   0.1524333E+01  -0.8413409E-16   0.8994651E+01   0.3385200E-02   0.3469447E-17  -0.7702288E-02   0.7812855E+02
  0.1612500000000E+02   0.1524333E+01   0.1257675E-16   0.8993233E+01   0.3385200E-02  -0.3469447E-17  -0.7822382E-02   0.7812866E+02
  0.1616666666667E+02   0.1524333E+01  -0.1361758E-15   0.8991874E+01   0.3385200E-02  -0.4336809E-17  -0.8097728E-02   0.7812871E+02
  0.1620833333333E+02   0.1524333E+01  -0.6960578E-15   0.8990568E+01   0.3385200E-02   0.3469447E-17  -0.8527920E-02   0.7812868E+02
  0.1625000000000E+02   0.1524333E+01  -0.2998903E-15   0.8989285E+01   0.3385200E-02   0.2602085E-17  -0.9083150E-02   0.7812860E+02
  0.1629166666667E+02   0.1524333E+01  -0.3755676E-15   0.8987982E+01   0.3385200E-02   0.1734723E-17  -0.9709854E-02   0.7812847E+02
  0.1633333333333E+02   0.1524333E+01  -0.1108055E-15   0.8986629E+01   0.3385200E-02  -0.6071532E-17  -0.1034320E-01   0.7812835E+02
  0.1637500000000E+02   0.1524333E+01  -0.6960578E-16   0.8985220E+01   0.3385200E-02  -0.6071532E-17  -0.1092124E-01   0.7812828E+02
  0.1641666666667E+02   0.1524333E+01  -0.8890458E-17   0.8983781E+01   0.3385200E-02   0.6071532E-17  -0.1139588E-01   0.7812828E+02
  0.1645833333333E+02   0.1524333E+01  -0.4217546E-15   0.8982361E+01   0.3385200E-02   0.2602085E-17  -0.1173861E-01   0.7812838E+02
  0.1650000000000E+02   0.1524333E+01  -0.5182486E-16   0.8981016E+01   0.3385200E-02  -0.5204170E-17  -0.1194111E-01   0.7812858E+02
  0.1654166666667E+02   0.1524333E+01   0.1288032E-15   0.8979790E+01   0.3385200E-02  -0.1734723E-17  -0.1201249E-01   0.7812887E+02
  0.1658333333333E+02   0.1524333E+01   0.2957704E-15   0.8978704E+01   0.3385200E-02  -0.8673617E-17  -0.1197472E-01   0.7812919E+02
  0.1662500000000E+02   0.1524333E+01  -0.2569559E-15   0.8977747E+01   0.3385200E-02   0.8673617E-18  -0.1185700E-01   0.7812949E+02
  0.1666666666667E+02   0.1524333E+01   0.4510281E-16   0.8976883E+01   0.3385200E-02   0.8673617E-18  -0.1168942E-01   0.7812971E+02
  0.1670833333333E+02   0.1524333E+01   0.6375109E-16   0.8976067E+01   0.3385200E-02  -0.2602085E-17  -0.1149660E-01   0.7812980E+02
  0.1675000000000E+02   0.1524333E+01  -0.2753874E-16   0.8975264E+01   0.3385200E-02  -0.0000000E+00  -0.1129241E-01   0.7812976E+02
  0.1679166666667E+02   0.1524333E+01  -0.2359224E-15   0.8974466E+01   0.3385200E-02  -0.5204170E-17  -0.1107755E-01   0.7812959E+02
  0.1683333333333E+02   0.1524333E+01  -0.2437286E-15   0.8973698E+01   0.3385200E-02  -0.0000000E+00  -0.1084107E-01   0.7812936E+02
  0.1687500000000E+02   0.1524333E+01  -0.3699298E-15   0.8973007E+01   0.3385200E-02  -0.3469447E-17  -0.1056599E-01   0.7812910E+02
  0.1691666666667E+02   0.1524333E+01   0.2016616E-16   0.8972443E+01   0.3385200E-02  -0.6071532E-17  -0.1023708E-01   0.7812888E+02
  0.1695833333333E+02   0.1524333E+01  -0.7242471E-16   0.8972034E+01   0.3385200E-02  -0.8673617E-18  -0.9847666E-02   0.7812874E+02
  0.1700000000000E+02   0.1524333E+01  -0.3391384E-15   0.8971771E+01   0.3385200E-02  -0.3469447E-17  -0.9402685E-02   0.7812866E+02
  0.1704166666667E+02   0.1524333E+01  -0.2985893E-15   0.8971602E+01   0.3385200E-02  -0.3469447E-17  -0.8916565E-02   0.7812865E+02
  0.1708333333333E+02   0.1524333E+01  -0.3239596E-15   0.8971445E+01   0.3385200E-02   0.8673617E-17  -0.8407459E-02   0.7812865E+02
  0.1712500000000E+02   0.1524333E+01  -0.2643285E-15   0.8971209E+01   0.3385200E-02  -0.2602085E-17  -0.7890849E-02   0.7812864E+02
  0.1716666666667E+02   0.1524333E+01  -0.1249001E-15   0.8970826E+01   0.3385200E-02  -0.2602085E-17  -0.7375678E-02   0.7812857E+02
  0.1720833333333E+02   0.1524333E+01  -0.1667503E-15   0.8970269E+01   0.3385200E-02  -0.3469447E-17  -0.6864390E-02   0.7812844E+02
  0.1725000000000E+02   0.1524333E+01   0.1155760E-15   0.8969563E+01   0.3385200E-02  -0.4336809E-17  -0.6355893E-02   0.7812825E+02
  0.1729166666667E+02   0.1524333E+01  -0.7285839E-16   0.8968783E+01   0.3385200E-02  -0.7806256E-17  -0.5849111E-02   0.7812802E+02
  0.1733333333333E+02   0.1524333E+01  -0.2892651E-15   0.8968028E+01   0.3385200E-02  -0.8673617E-18  -0.5344938E-02   0.7812776E+02
  0.1737500000000E+02   0.1524333E+01  -0.2810252E-15   0.8967402E+01   0.3385200E-02   0.3469447E-17  -0.4846008E-02   0.7812749E+02
  0.1741666666667E+02   0.1524333E+01  -0.1374768E-15   0.8966979E+01   0.3385200E-02  -0.1734723E-17  -0.4355213E-02   0.7812721E+02
  0.1745833333333E+02   0.1524333E+01  -0.3530162E-15   0.8966789E+01   0.3385200E-02   0.8673617E-18  -0.3874613E-02   0.7812693E+02
  0.1750000000000E+02   0.1524333E+01  -0.3575699E-15   0.8966803E+01   0.3385200E-02  -0.0000000E+00  -0.3405726E-02   0.7812666E+02
  0.1754166666667E+02   0.1524333E+01  -0.9172350E-16   0.8966945E+01   0.3385200E-02  -0.3469447E-17  -0.2950938E-02   0.7812641E+02
  0.1758333333333E+02   0.1524333E+01  -0.4358493E-16   0.8967106E+01   0.3385200E-02   0.3469447E-17  -0.2514713E-02   0.7812619E+02
  0.1762500000000E+02   0.1524333E+01  -0.6832642E-15   0.8967173E+01   0.3385200E-02  -0.0000000E+00  -0.2103236E-02   0.7812598E+02
  0.1766666666667E+02   0.1524333E+01  -0.1832302E-15   0.8967058E+01   0.3385200E-02  -0.5204170E-17  -0.1721998E-02   0.7812578E+02
  0.1770833333333E+02   0.1524333E+01  -0.2263814E-15   0.8966716E+01   0.3385200E-02  -0.5204170E-17  -0.1372256E-02   0.7812555E+02
  0.1775000000000E+02   0.1524333E+01  -0.1938553E-15   0.8966157E+01   0.3385200E-02  -0.5204170E-17  -0.1048306E-02   0.7812528E+02
  0.1779166666667E+02   0.1524333E+01  -0.1164433E-15   0.8965444E+01   0.3385200E-02   0.2602085E-17  -0.7375132E-03   0.7812497E+02
  0.1783333333333E+02   0.1524333E+01  -0.1465841E-15   0.8964674E+01   0.3385200E-02  -0.5204170E-17  -0.4239754E-03   0.7812463E+02
  0.1787500000000E+02   0.1524333E+01  -0.4772658E-15   0.8963960E+01   0.3385200E-02   0.1734723E-17  -0.9488928E-04   0.7812432E+02
  0.1791666666667E+02   0.1524333E+01  -0.5188992E-15   0.8963399E+01   0.3385200E-02   0.2602085E-17   0.2528416E-03   0.7812407E+02
  0.1795833333333E+02   0.1524333E+01  -0.5225854E-16   0.8963057E+01   0.3385200E-02  -0.4336809E-17   0.6087729E-03   0.7812390E+02
  0.1800000000000E+02   0.1524333E+01  -0.1897354E-15   0.8962955E+01   0.3385200E-02   0.6938894E-17   0.9499934E-03   0.7812382E+02
  0.1804166666667E+02   0.1524333E+01  -0.2155394E-15   0.8963063E+01   0.3385200E-02  -0.0000000E+00   0.1247262E-02   0.7812380E+02
  0.1808333333333E+02   0.1524333E+01  -0.3115997E-15   0.8963312E+01   0.3385200E-02   0.8673617E-18   0.1474153E-02   0.7812378E+02
  0.1812500000000E+02   0.1524333E+01  -0.1342242E-15   0.8963605E+01   0.3385200E-02  -0.5204170E-17   0.1615751E-02   0.7812370E+02
  0.1816666666667E+02   0.1524333E+01  -0.1060350E-15   0.8963836E+01   0.3385200E-02  -0.3469447E-17   0.1673525E-02   0.7812355E+02
  0.1820833333333E+02   0.1524333E+01  -0.4651227E-15   0.8963912E+01   0.3385200E-02  -0.0000000E+00   0.1664542E-02   0.7812331E+02
  0.1825000000000E+02   0.1524333E+01  -0.1320558E-15   0.8963767E+01   0.3385200E-02  -0.0000000E+00   0.1615462E-02   0.7812302E+02
  0.1829166666667E+02   0.1524333E+01  -0.3111660E-15   0.8963377E+01   0.3385200E-02  -0.5204170E-17   0.1553722E-02   0.7812274E+02
  0.1833333333333E+02   0.1524333E+01  -0.2016616E-15   0.8962763E+01   0.3385200E-02   0.8673617E-18   0.1499168E-02   0.7812252E+02
  0.1837500000000E+02   0.1524333E+01  -0.1483189E-15   0.8961993E+01   0.3385200E-02  -0.2602085E-17   0.1458907E-02   0.7812240E+02
  0.1841666666667E+02   0.1524333E+01  -0.4811689E-15   0.8961162E+01   0.3385200E-02  -0.0000000E+00   0.1426672E-02   0.7812238E+02
  0.1845833333333E+02   0.1524333E+01  -0.5529431E-16   0.8960376E+01   0.3385200E-02  -0.6938894E-17   0.1386392E-02   0.7812246E+02
  0.1850000000000E+02   0.1524333E+01  -0.3168039E-15   0.8959730E+01   0.3385200E-02  -0.8673617E-18   0.1318373E-02   0.7812257E+02
  0.1854166666667E+02   0.1524333E+01   0.2612927E-15   0.8959281E+01   0.3385200E-02  -0.4336809E-17   0.1206079E-02   0.7812266E+02
  0.1858333333333E+02   0.1524333E+01  -0.6342583E-15   0.8959033E+01   0.3385200E-02  -0.1734723E-17   0.1041708E-02   0.7812268E+02
  0.1862500000000E+02   0.1524333E+01   0.1073360E-15   0.8958936E+01   0.3385200E-02   0.4336809E-17   0.8293853E-03   0.7812259E+02
  0.1866666666667E+02   0.1524333E+01  -0.5926249E-15   0.8958893E+01   0.3385200E-02  -0.0000000E+00   0.5855822E-03   0.7812241E+02
  0.1870833333333E+02   0.1524333E+01  -0.2112026E-15   0.8958783E+01   0.3385200E-02  -0.1734723E-17   0.3369696E-03   0.7812216E+02
  0.1875000000000E+02   0.1524333E+01  -0.2929514E-15   0.8958485E+01   0.3385200E-02  -0.3469447E-17   0.1163737E-03   0.7812188E+02
  0.1879166666667E+02   0.1524333E+01   0.2732189E-16   0.8957913E+01   0.3385200E-02  -0.9540979E-17  -0.4235407E-04   0.7812163E+02
  0.1883333333333E+02   0.1524333E+01  -0.3027092E-15   0.8957037E+01   0.3385200E-02  -0.2602085E-17  -0.1097669E-03   0.7812143E+02
  0.1887500000000E+02   0.1524333E+01  -0.2827599E-15   0.8955889E+01   0.3385200E-02   0.1734723E-17  -0.6586763E-04   0.7812128E+02
  0.1891666666667E+02   0.1524333E+01  -0.1084202E-16   0.8954561E+01   0.3385200E-02   0.1734723E-17   0.9586868E-04   0.7812118E+02
  0.1895833333333E+02   0.1524333E+01  -0.1619798E-15   0.8953183E+01   0.3385200E-02   0.2602085E-17   0.3661881E-03   0.7812109E+02
  0.1900000000000E+02   0.1524333E+01  -0.3408732E-15   0.8951894E+01   0.3385200E-02  -0.6071532E-17   0.7202036E-03   0.7812099E+02
  0.1904166666667E+02   0.1524333E+01  -0.8153200E-16   0.8950807E+01   0.3385200E-02  -0.4336809E-17   0.1120545E-02   0.7812084E+02
  0.1908333333333E+02   0.1524333E+01  -0.1366095E-16   0.8949989E+01   0.3385200E-02   0.3469447E-17   0.1523491E-02   0.7812064E+02
  0.1912500000000E+02   0.1524333E+01  -0.2083837E-15   0.8949444E+01   0.3385200E-02  -0.8673617E-18   0.1887170E-02   0.7812042E+02
  0.1916666666667E+02   0.1524333E+01  -0.2083837E-15   0.8949117E+01   0.3385200E-02   0.1734723E-17   0.2179962E-02   0.7812019E+02
  0.1920833333333E+02   0.1524333E+01  -0.5215012E-16   0.8948905E+01   0.3385200E-02  -0.1127570E-16   0.2386781E-02   0.7811999E+02
  0.1925000000000E+02   0.1524333E+01  -0.8933826E-16   0.8948688E+01   0.3385200E-02  -0.6938894E-17   0.2511172E-02   0.7811984E+02
  0.1929166666667E+02   0.1524333E+01   0.1079865E-15   0.8948355E+01   0.3385200E-02  -0.9540979E-17   0.2572320E-02   0.7811974E+02
  0.1933333333333E+02   0.1524333E+01   0.6049848E-16   0.8947834E+01   0.3385200E-02  -0.2602085E-17   0.2597725E-02   0.7811967E+02
  0.1937500000000E+02   0.1524333E+01  -0.9974660E-17   0.8947107E+01   0.3385200E-02  -0.5204170E-17   0.2613790E-02   0.7811959E+02
  0.1941666666667E+02   0.1524333E+01  -0.2328866E-15   0.8946223E+01   0.3385200E-02  -0.5204170E-17   0.2637397E-02   0.7811947E+02
  0.1945833333333E+02   0.1524333E+01  -0.2099015E-15   0.8945287E+01   0.3385200E-02  -0.8673617E-18   0.2671174E-02   0.7811927E+02
  0.1950000000000E+02   0.1524333E+01  -0.3267785E-15   0.8944440E+01   0.3385200E-02   0.5204170E-17   0.2703843E-02   0.7811897E+02
  0.1954166666667E+02   0.1524333E+01  -0.3102987E-15   0.8943830E+01   0.3385200E-02  -0.6938894E-17   0.2715123E-02   0.7811854E+02
  0.1958333333333E+02   0.1524333E+01  -0.1218643E-15   0.8943582E+01   0.3385200E-02  -0.6071532E-17   0.2683107E-02   0.7811801E+02
  0.1962500000000E+02   0.1524333E+01  -0.1305379E-15   0.8943767E+01   0.3385200E-02   0.1734723E-17   0.2591315E-02   0.7811739E+02
  0.1966666666667E+02   0.1524333E+01  -0.2511012E-15   0.8944389E+01   0.3385200E-02  -0.8673617E-18   0.2433079E-02   0.7811672E+02
  0.1970833333333E+02   0.1524333E+01  -0.2955535E-15   0.8945374E+01   0.3385200E-02  -0.8673617E-18   0.2212281E-02   0.7811603E+02
  0.1975000000000E+02   0.1524333E+01  -0.2515349E-15   0.8946590E+01   0.3385200E-02   0.3469447E-17   0.1941005E-02   0.7811535E+02
  0.1979166666667E+02   0.1524333E+01   0.5117434E-16   0.8947866E+01   0.3385200E-02  -0.4336809E-17   0.1635760E-02   0.7811472E+02
  0.1983333333333E+02   0.1524333E+01  -0.5898060E-16   0.8949023E+01   0.3385200E-02  -0.4336809E-17   0.1314094E-02   0.7811417E+02
  0.1987500000000E+02   0.1524333E+01   0.1779176E-15   0.8949912E+01   0.3385200E-02  -0.9540979E-17   0.9926805E-03   0.7811371E+02
  0.1991666666667E+02   0.1524333E+01  -0.2014448E-15   0.8950434E+01   0.3385200E-02   0.4336809E-17   0.6868754E-03   0.7811337E+02
  0.1995833333333E+02   0.1524333E+01  -0.3880360E-15   0.8950562E+01   0.3385200E-02  -0.0000000E+00   0.4108182E-03   0.7811314E+02
  0.2000000000000E+02   0.1524333E+01   0.8185726E-16   0.8950338E+01   0.3385200E-02  -0.6938894E-17   0.1768776E-03   0.7811302E+02
