function [dmean, dmin, dmax, Rrup, period] = empirical_kevin

n = 21;

data = [0.5409678	0.37497032	0.7804516	0.5574597	0.38640165	0.8042444	0.6188077	0.42411938	0.89275074	0.74884766	0.5093593	1.1037828	0.93878907	0.650719	1.3543863	1.0671799	0.7397128	1.5396152	1.200034	0.8318002	1.7312832	1.1736746	0.81352925	1.6932546	1.0796754	0.748374	1.5576425	0.97054404	0.67272985	1.400199	0.8036324	0.5570355	1.1593964	0.6823096	0.472941	0.98436475	0.4667087	0.32300666	0.67435014	0.35054123	0.24060935	0.5057241	0.21393213	0.14675301	0.3086388	0.14860272	0.103003554	0.2143884	0.09631871	0.06676304	0.13895853	0.06535955	0.045303788	0.0942939	0.049192376	0.034097556	0.0709696	0.02532203	0.017551893	0.0395543	0.015394066	0.010317014	0.022218347
0.50320894	0.34879783	0.725977	0.5183999	0.3593274	0.7478929	0.5754787	0.39889142	0.83024025	0.7000486	0.48322573	1.0645554	0.87730634	0.6081024	1.2656854	0.9959047	0.6903085	1.4367868	1.1209213	0.7769634	1.6171476	1.0949857	0.75898623	1.5797304	1.0070103	0.6980064	1.4528089	0.9055753	0.62769693	1.306469	0.74992555	0.51980877	1.0819138	0.635889	0.44076464	0.91739386	0.43500564	0.29266667	0.62758046	0.3269587	0.21838774	0.47170168	0.200067	0.1339428	0.28863567	0.13932571	0.09614045	0.2010045	0.09024977	0.06255637	0.1302029	0.061596025	0.042695113	0.08886428	0.046450123	0.03219677	0.06701336	0.024039043	0.016018009	0.03711126	0.01463746	0.009186841	0.021117391
0.46491453	0.3222542	0.6707299	0.47860265	0.33174208	0.69047767	0.5311258	0.36814833	0.7662525	0.6486945	0.44964078	1.0073944	0.81347024	0.5638546	1.1735895	0.92283505	0.63966054	1.3313695	1.0393411	0.7204163	1.4994522	1.014497	0.70319575	1.4636098	0.9324758	0.64634293	1.3452781	0.83863777	0.5812994	1.2098986	0.69474316	0.48155925	1.0023025	0.5885636	0.40796122	0.8491178	0.40193382	0.2672176	0.5798679	0.30220717	0.19971155	0.4359928	0.18549009	0.12311583	0.2687943	0.12964791	0.088503994	0.18758383	0.08399626	0.05822177	0.12118098	0.057685643	0.03998464	0.08322279	0.043607734	0.030226577	0.06291266	0.022717305	0.014358698	0.03498138	0.013837537	0.008235365	0.019963346
0.42809293	0.2967314	0.61760753	0.44026434	0.305168	0.6351672	0.4882962	0.33846116	0.70777845	0.5983558	0.4146747	0.9406512	0.7513129	0.52077043	1.0989408	0.85215527	0.59066904	1.2294002	0.9601477	0.66552365	1.3852004	0.93664056	0.64922976	1.3512866	0.8602176	0.5962574	1.2410316	0.773561	0.53619164	1.1160127	0.6410678	0.44435433	0.92486537	0.5427051	0.3761745	0.782958	0.36963722	0.24557988	0.5332738	0.27792257	0.1838035	0.40095752	0.17112568	0.1138456	0.24991493	0.12009435	0.081956156	0.17632085	0.07785859	0.05396746	0.113136716	0.053818226	0.03730395	0.07764328	0.04079791	0.027278664	0.058858946	0.021412253	0.012949809	0.03310456	0.013036524	0.007427477	0.018807728
0.39400798	0.2731055	0.56843334	0.40477288	0.28056717	0.5839638	0.44861227	0.31095433	0.65567106	0.5512779	0.38128328	0.8712572	0.6932808	0.4805456	1.0251309	0.7863729	0.54507214	1.1344963	0.8862786	0.61432153	1.2786298	0.86414915	0.5989826	1.2467037	0.7928882	0.54958826	1.143896	0.7128528	0.49411187	1.0284292	0.59091675	0.4095923	0.8525127	0.49994305	0.3465341	0.7212654	0.3395514	0.2269681	0.4898691	0.2552226	0.170097	0.36820835	0.15762307	0.10581965	0.23074356	0.111051366	0.076279595	0.16444007	0.07205951	0.049947847	0.105580986	0.05013163	0.0347486	0.072324656	0.038115405	0.02473822	0.054988906	0.020163003	0.011744299	0.031435538	0.012265582	0.006736203	0.01790075
0.36316735	0.25172842	0.5239397	0.3726913	0.25832993	0.5376799	0.41274372	0.28609213	0.6051165	0.50844085	0.35100195	0.80381995	0.64039975	0.4438913	0.95164955	0.7264937	0.5035671	1.0481089	0.818931	0.5676397	1.1814677	0.7981363	0.55322593	1.1514673	0.7316272	0.5071254	1.055515	0.65762687	0.45583224	0.9487551	0.5452239	0.37792042	0.7865918	0.46103397	0.3195644	0.6651314	0.31232303	0.21079744	0.4505869	0.23463123	0.15816951	0.3385013	0.1453039	0.0988038	0.21250542	0.10272663	0.07120467	0.152737	0.066718996	0.046246085	0.09810851	0.04670196	0.032371335	0.06737669	0.035612024	0.022549255	0.051377293	0.018990755	0.010705567	0.029939508	0.011542354	0.006140559	0.017096227
0.33559635	0.23261768	0.48416322	0.34405425	0.23848024	0.49636537	0.3807453	0.26391253	0.55799294	0.47002313	0.32413983	0.7408619	0.59282756	0.41091678	0.8815705	0.6726195	0.46622434	0.9703849	0.7582547	0.52558213	1.0939302	0.73872	0.5120417	1.0657477	0.6765987	0.4689825	0.9761256	0.6080728	0.42148396	0.87726367	0.50417674	0.34946868	0.7273733	0.42611995	0.29536384	0.6147611	0.28806236	0.19662383	0.41558614	0.2162593	0.14769962	0.31199622	0.13425396	0.09261917	0.19578306	0.09519133	0.065981604	0.14167947	0.061877817	0.042890433	0.09102399	0.04355948	0.03019313	0.06284305	0.033308696	0.02065106	0.048054293	0.017904209	0.009804808	0.028589234	0.010874341	0.005624027	0.016367404
0.3110775	0.2156225	0.44878998	0.31863043	0.22085777	0.45968652	0.35236073	0.24423784	0.515079	0.4357928	0.30050847	0.6834482	0.5502837	0.3814276	0.8164938	0.62440455	0.43280426	0.9008254	0.7038855	0.48789623	1.0154921	0.6855251	0.47516978	0.98900366	0.6274636	0.4349246	0.90523857	0.56389266	0.3908606	0.81352514	0.46755585	0.32408503	0.6745405	0.3950039	0.27379584	0.56987023	0.2665975	0.18410404	0.3846189	0.19999447	0.13843857	0.28853104	0.12442598	0.086245514	0.18075545	0.088433504	0.061297435	0.13149102	0.057527855	0.039875273	0.08447798	0.040705897	0.028113402	0.0587262	0.031207375	0.018995347	0.045022726	0.016904557	0.009019109	0.027363064	0.010262769	0.005173471	0.015703253
0.289298	0.2005261	0.4173688	0.29608482	0.20523037	0.4271601	0.32721195	0.22680604	0.4764995	0.40534824	0.27974308	0.6317715	0.51230395	0.35510206	0.7570306	0.5813205	0.4029407	0.8386682	0.6552497	0.4541845	0.9453255	0.63797694	0.44221193	0.9204062	0.5836716	0.40457034	0.84206015	0.5245812	0.36361197	0.75681067	0.43496123	0.30149215	0.62751645	0.36733767	0.25461906	0.5299562	0.24764119	0.1716518	0.35727072	0.18562917	0.12866834	0.2678063	0.115711786	0.0802053	0.16738541	0.082398504	0.057114292	0.1222396	0.053635452	0.03717726	0.07852085	0.038127065	0.025963407	0.05500573	0.029299363	0.017543342	0.04239879	0.01598875	0.00833007	0.026243554	0.009705411	0.004778342	0.01509486
0.26992753	0.18709952	0.38942313	0.27606425	0.19135316	0.3982765	0.30489895	0.21133985	0.44203788	0.37824503	0.26144972	0.5855647	0.4783758	0.33158484	0.70320034	0.5427944	0.3762364	0.78308684	0.6117203	0.4240122	0.8825259	0.5954523	0.4127361	0.8590561	0.5446179	0.37750036	0.78571755	0.4895782	0.33934975	0.706312	0.40593955	0.28137586	0.585647	0.342729	0.23756164	0.49445343	0.23088048	0.16003415	0.33309013	0.17293127	0.119866826	0.24948709	0.10798385	0.074848704	0.15578777	0.07701439	0.053382307	0.11390515	0.05015627	0.034765676	0.073145024	0.035801146	0.024068492	0.051650133	0.027570598	0.01626363	0.04045625	0.015151529	0.007722787	0.025216475	0.009198382	0.004430092	0.014534935
0.25265443	0.1751267	0.3645033	0.25823647	0.17899588	0.37255645	0.28504562	0.19757856	0.41132674	0.3540563	0.24526395	0.5443536	0.44800314	0.31053212	0.6547048	0.50827456	0.35230908	0.7332852	0.5726905	0.39695883	0.8262178	0.55735034	0.3863258	0.80408657	0.5097181	0.3533097	0.73536783	0.45834258	0.31769887	0.66124856	0.38004786	0.2634291	0.5482932	0.3207958	0.2223587	0.46281052	0.21601868	0.14973274	0.31164908	0.16167781	0.11206652	0.23325178	0.10111634	0.0700885	0.14588003	0.072206065	0.05004943	0.10642375	0.047043793	0.03260827	0.068313286	0.03370355	0.022390673	0.04862394	0.02600487	0.015130553	0.038680017	0.014386626	0.007185085	0.024270091	0.008737154	0.004121742	0.014017447
